# Filename: 162358_polarimeter_vs_wheel.dat
# Timestamp: Thu May 16 16:23:58 2019

# Column 1:
#	name: measurement point
#	size: 0
#	type: coordinate
# Column 2:
#	name: angle
#	type: value
# Column 3:
#	name: S1
#	type: value
# Column 4:
#	name: S2
#	type: value
# Column 5:
#	name: S3
#	type: value
# Column 6:
#	name: DOP
#	type: value
# Column 7:
#	name: power
#	type: value

0	0.000000000000e+00	9.999784452735e-01	3.828243269513e-04	6.554573514415e-03	1.035146560669e+02	4.544996045297e-06
1	1.000000000000e+00	9.999723454674e-01	2.772909196186e-03	6.900672071885e-03	1.032973632812e+02	4.390503818286e-06
2	2.000000000000e+00	9.999602391542e-01	2.968730386847e-03	8.408730617449e-03	1.032932586670e+02	4.265315055818e-06
3	3.000000000000e+00	9.999539132247e-01	3.672260057682e-03	8.870509152165e-03	1.032458419800e+02	4.130455636187e-06
4	4.000000000000e+00	9.999709991052e-01	3.438676632036e-03	6.795325715076e-03	1.036702804565e+02	4.021178938274e-06
5	5.000000000000e+00	9.999276088057e-01	3.727830918522e-03	1.144029828435e-02	1.029867553711e+02	3.932148047170e-06
6	6.000000000000e+00	9.999096892813e-01	4.043645096622e-03	1.281648218861e-02	1.032139511108e+02	3.861293862428e-06
7	7.000000000000e+00	9.998905137095e-01	3.548776889482e-03	1.436547167135e-02	1.031081237793e+02	3.787383548115e-06
8	8.000000000000e+00	9.999243552147e-01	1.428429293857e-03	1.221652316638e-02	1.032061614990e+02	3.749436245926e-06
9	9.000000000000e+00	9.998607956748e-01	-3.851793090505e-04	1.668055483228e-02	1.034251861572e+02	3.705367817020e-06
10	1.000000000000e+01	9.998591633580e-01	-3.079534770982e-03	1.649757299520e-02	1.033040847778e+02	3.700712341015e-06
11	1.100000000000e+01	9.998425850208e-01	-2.449199550131e-03	1.757289391536e-02	1.036771392822e+02	3.721042048710e-06
12	1.200000000000e+01	9.998422668792e-01	4.489229219174e-04	1.775499450905e-02	1.030493927002e+02	3.757605327337e-06
13	1.300000000000e+01	9.998182699009e-01	-9.887293675846e-04	1.903810879782e-02	1.032621459961e+02	3.793433506871e-06
14	1.400000000000e+01	9.998268094489e-01	-2.004704162745e-03	1.850222333581e-02	1.034144592285e+02	3.861986897391e-06
15	1.500000000000e+01	9.998102744590e-01	-5.617037119159e-03	1.865111203625e-02	1.037731246948e+02	3.929795639124e-06
16	1.600000000000e+01	9.997314491036e-01	-4.627158604056e-03	2.270724722185e-02	1.030586013794e+02	4.028505827591e-06
17	1.700000000000e+01	9.997775624136e-01	-9.309107390240e-03	1.892527975919e-02	1.036825256348e+02	4.133508355153e-06
18	1.800000000000e+01	9.997684757873e-01	-9.252406592284e-03	1.942647148001e-02	1.034841613770e+02	4.261205504008e-06
19	1.900000000000e+01	9.997976983324e-01	-8.660517416455e-03	1.815372819342e-02	1.033994674683e+02	4.433179128682e-06
20	2.000000000000e+01	9.997526567079e-01	-8.812808462700e-03	2.041959383708e-02	1.033431167603e+02	4.596465259965e-06
21	2.100000000000e+01	9.997554811190e-01	-1.257852681010e-02	1.818677090206e-02	1.032473373413e+02	4.799454018212e-06
22	2.200000000000e+01	9.997466539426e-01	-1.314568268444e-02	1.827071310547e-02	1.036339797974e+02	4.956666998623e-06
23	2.300000000000e+01	9.997578515910e-01	-1.268655138695e-02	1.798025572885e-02	1.033366775513e+02	5.167992185307e-06
24	2.400000000000e+01	9.997379890036e-01	-1.382572308316e-02	1.824288146975e-02	1.034885711670e+02	5.381185474107e-06
25	2.500000000000e+01	9.997261507755e-01	-1.470585746384e-02	1.820332969343e-02	1.033290786743e+02	5.627321115753e-06
26	2.600000000000e+01	9.997238257880e-01	-1.607918056902e-02	1.713861441184e-02	1.035414123535e+02	5.837195203640e-06
27	2.700000000000e+01	9.997869987975e-01	-1.383951352070e-02	1.531094056593e-02	1.033522186279e+02	6.104313797550e-06
28	2.800000000000e+01	9.997144436861e-01	-1.710791393644e-02	1.668383547338e-02	1.035406799316e+02	6.352752279781e-06
29	2.900000000000e+01	9.997748566589e-01	-1.535769555327e-02	1.464162490968e-02	1.036752166748e+02	6.611852313654e-06
30	3.000000000000e+01	9.997872625943e-01	-1.499858292133e-02	1.415881578768e-02	1.034722137451e+02	6.892289547977e-06
31	3.100000000000e+01	9.997540353070e-01	-1.639223867117e-02	1.493865451164e-02	1.033728713989e+02	7.161711437220e-06
32	3.200000000000e+01	9.997783532311e-01	-1.626936908684e-02	1.336233662457e-02	1.034788131714e+02	7.433144673996e-06
33	3.300000000000e+01	9.998094291941e-01	-1.489853802826e-02	1.261502513981e-02	1.033861236572e+02	7.725246177870e-06
34	3.400000000000e+01	9.998250867105e-01	-1.488565778431e-02	1.132312574636e-02	1.034420318604e+02	7.989728146640e-06
35	3.500000000000e+01	9.998214949461e-01	-1.518650278703e-02	1.124047938591e-02	1.033763122559e+02	8.271652404801e-06
36	3.600000000000e+01	9.998023118536e-01	-1.581542462855e-02	1.205029277454e-02	1.033807373047e+02	8.519789844286e-06
37	3.700000000000e+01	9.998206310077e-01	-1.536531394805e-02	1.107307268072e-02	1.034374694824e+02	8.804640856397e-06
38	3.800000000000e+01	9.998335647840e-01	-1.483440196843e-02	1.061994583717e-02	1.031377334595e+02	9.058086106961e-06
39	3.900000000000e+01	9.998160494203e-01	-1.574697368080e-02	1.094989230429e-02	1.034450836182e+02	9.314080671174e-06
40	4.000000000000e+01	9.998219365666e-01	-1.644413980140e-02	9.256642284064e-03	1.035601196289e+02	9.562767445459e-06
41	4.100000000000e+01	9.998187074013e-01	-1.626799910106e-02	9.894672087097e-03	1.034163742065e+02	9.785550901142e-06
42	4.200000000000e+01	9.998253135986e-01	-1.618501067800e-02	9.348139754619e-03	1.036341476440e+02	1.002146927931e-05
43	4.300000000000e+01	9.998230311589e-01	-1.670465499620e-02	8.652217384490e-03	1.035024337769e+02	1.019778301270e-05
44	4.400000000000e+01	9.998514493443e-01	-1.518981882345e-02	8.145467957827e-03	1.034290924072e+02	1.041443192662e-05
45	4.500000000000e+01	9.998741469266e-01	-1.412338417434e-02	7.226363345068e-03	1.033930206299e+02	1.066994445864e-05
46	4.600000000000e+01	9.998898459957e-01	-1.314279649710e-02	6.896577039007e-03	1.033032379150e+02	1.151121978182e-05
47	4.700000000000e+01	9.999021269782e-01	-1.215369849153e-02	6.929940656733e-03	1.032020797729e+02	1.160373722087e-05
48	4.800000000000e+01	9.999066035189e-01	-1.210034429388e-02	6.353416975766e-03	1.032953338623e+02	1.171002531919e-05
49	4.900000000000e+01	9.998793140180e-01	-1.456254262617e-02	5.412000653579e-03	1.035644607544e+02	1.175354918814e-05
50	5.000000000000e+01	9.998840714205e-01	-1.436792499017e-02	5.040481233654e-03	1.036339187622e+02	1.182854794024e-05
51	5.100000000000e+01	9.999033151689e-01	-1.294340280985e-02	5.082188298818e-03	1.035106964111e+02	1.183821768791e-05
52	5.200000000000e+01	9.999043702345e-01	-1.294401260054e-02	4.868564852311e-03	1.034296188354e+02	1.187669931824e-05
53	5.300000000000e+01	9.999225920860e-01	-1.176959039627e-02	4.035663258410e-03	1.033480987549e+02	1.187930229207e-05
54	5.400000000000e+01	9.999154094899e-01	-1.192412970311e-02	5.195093395012e-03	1.034418411255e+02	1.183909171232e-05
55	5.500000000000e+01	9.999237730511e-01	-1.158148123101e-02	4.279880821062e-03	1.035676116943e+02	1.177343347081e-05
56	5.600000000000e+01	9.999365150458e-01	-1.043476893835e-02	4.252231790927e-03	1.034452133179e+02	1.173485907202e-05
57	5.700000000000e+01	9.999434029662e-01	-9.902188856711e-03	3.890696627493e-03	1.033317565918e+02	1.165941193904e-05
58	5.800000000000e+01	9.999598384358e-01	-8.750854902292e-03	1.934955803231e-03	1.033369598389e+02	1.155672089226e-05
59	5.900000000000e+01	9.999426305840e-01	-1.045915304579e-02	2.311202788837e-03	1.036013565063e+02	1.148302908405e-05
60	6.000000000000e+01	9.999444847082e-01	-1.014718604049e-02	2.839386758470e-03	1.034434051514e+02	1.125709150074e-05
61	6.100000000000e+01	9.999540111277e-01	-9.440098001124e-03	1.691206484585e-03	1.034889450073e+02	1.112658537750e-05
62	6.200000000000e+01	9.999571340682e-01	-8.981390165757e-03	2.250479232901e-03	1.034245834351e+02	1.093121591111e-05
63	6.300000000000e+01	9.999661916367e-01	-8.165928715647e-03	9.660184928786e-04	1.034068908691e+02	1.074743249774e-05
64	6.400000000000e+01	9.999561748916e-01	-9.195132443633e-03	1.760066911314e-03	1.035884628296e+02	1.054818676494e-05
65	6.500000000000e+01	9.999670869528e-01	-8.100726464190e-03	4.508236456297e-04	1.035298309326e+02	1.035875902744e-05
66	6.600000000000e+01	9.999706873050e-01	-7.643215327466e-03	4.536410630158e-04	1.034912261963e+02	1.013083965518e-05
67	6.700000000000e+01	9.999778787396e-01	-6.609934596877e-03	-7.421563486484e-04	1.033490295410e+02	9.906596460496e-06
68	6.800000000000e+01	9.999692950060e-01	-7.812725009834e-03	-6.085829209908e-04	1.035422210693e+02	9.653092092776e-06
69	6.900000000000e+01	9.999785814991e-01	-6.396192175750e-03	-1.387540552436e-03	1.035528411865e+02	9.403858712176e-06
70	7.000000000000e+01	9.999784489131e-01	-6.289496963395e-03	-1.882534797594e-03	1.035478057861e+02	9.160710760625e-06
71	7.100000000000e+01	9.999870794268e-01	-4.856510274851e-03	-1.501761435772e-03	1.034136505127e+02	8.893887752492e-06
72	7.200000000000e+01	9.999824498629e-01	-5.729943607705e-03	-1.505892581719e-03	1.034462203979e+02	8.641883141536e-06
73	7.300000000000e+01	9.999662786047e-01	-6.697239132879e-03	-4.752750934305e-03	1.037701339722e+02	8.433576113021e-06
74	7.400000000000e+01	9.999679849118e-01	-6.221124221748e-03	-5.032570393168e-03	1.037834625244e+02	8.181040357158e-06
75	7.500000000000e+01	9.999790835750e-01	-4.101400604538e-03	-5.001092433279e-03	1.037063674927e+02	7.930078027130e-06
76	7.600000000000e+01	9.999695319574e-01	-4.493316566101e-03	-6.383201643950e-03	1.036145629883e+02	7.641810952919e-06
77	7.700000000000e+01	9.999745550060e-01	-3.860581522638e-03	-5.998770787348e-03	1.038169860840e+02	7.393050054816e-06
78	7.800000000000e+01	9.999707220897e-01	-3.526666677446e-03	-6.790992976793e-03	1.037190551758e+02	7.100202765287e-06
79	7.900000000000e+01	9.999620310917e-01	-3.637974687446e-03	-7.918428835717e-03	1.037878417969e+02	6.845973985037e-06
80	8.000000000000e+01	9.999661484228e-01	-2.619847540846e-03	-7.799897901227e-03	1.036077041626e+02	6.600866981898e-06
81	8.100000000000e+01	9.999483425721e-01	-1.141199824885e-03	-1.009999258576e-02	1.036649627686e+02	6.347369890136e-06
82	8.200000000000e+01	9.999461053333e-01	-2.045234145870e-03	-1.017857780554e-02	1.036790618896e+02	6.106725322752e-06
83	8.300000000000e+01	9.999312136015e-01	-2.132578479896e-03	-1.153343723837e-02	1.036878356934e+02	5.861073987035e-06
84	8.400000000000e+01	9.999252822209e-01	-1.115545324768e-03	-1.217314807513e-02	1.036018066406e+02	5.614670044451e-06
85	8.500000000000e+01	9.998958079415e-01	-7.743706742786e-04	-1.441435434085e-02	1.038973159790e+02	5.425667495729e-06
86	8.600000000000e+01	9.998914543838e-01	-1.182734400760e-03	-1.468606787313e-02	1.035402145386e+02	5.235327080300e-06
87	8.700000000000e+01	9.998655471451e-01	1.457905319874e-03	-1.633285475204e-02	1.033990478516e+02	5.033759407524e-06
88	8.800000000000e+01	9.998334050753e-01	1.368347024035e-03	-1.820136593753e-02	1.034676055908e+02	4.861028173764e-06
89	8.900000000000e+01	9.998463624032e-01	-1.964933378983e-03	-1.741811200872e-02	1.036749420166e+02	4.675684522226e-06
90	9.000000000000e+01	9.998414809939e-01	-2.733110172285e-03	-1.759383394281e-02	1.036121368408e+02	4.532466846285e-06
91	9.100000000000e+01	9.997783936674e-01	-1.324428552889e-03	-2.100974642386e-02	1.037304763794e+02	4.421067842486e-06
92	9.200000000000e+01	9.998195102918e-01	-3.435430316667e-03	-1.868541298207e-02	1.034079437256e+02	4.280313532945e-06
93	9.300000000000e+01	9.997904006608e-01	-1.474259458632e-03	-2.042012011776e-02	1.033637542725e+02	4.191972948320e-06
94	9.400000000000e+01	9.996894672085e-01	-6.365264041172e-03	-2.409258321641e-02	1.038703994751e+02	4.085252385266e-06
95	9.500000000000e+01	9.996651064211e-01	-6.529211894585e-03	-2.504085454214e-02	1.038456268311e+02	4.028731382277e-06
96	9.600000000000e+01	9.996598524947e-01	-8.004445736396e-03	-2.482152611758e-02	1.039349746704e+02	3.976482730650e-06
97	9.700000000000e+01	9.997099610653e-01	-5.158233503135e-03	-2.352416574216e-02	1.035920486450e+02	3.952626684622e-06
98	9.800000000000e+01	9.995756014771e-01	-1.010197108357e-02	-2.732338031747e-02	1.037765960693e+02	3.918341917597e-06
99	9.900000000000e+01	9.996657401456e-01	-6.295276511352e-03	-2.507543564595e-02	1.034171905518e+02	3.926669705834e-06
100	1.000000000000e+02	9.995440140476e-01	-1.087612450286e-02	-2.816866871838e-02	1.038262252808e+02	3.941891463910e-06
101	1.010000000000e+02	9.995043481761e-01	-1.349357570429e-02	-2.844259819034e-02	1.039108428955e+02	3.965249106841e-06
102	1.020000000000e+02	9.995172644106e-01	-1.313098752207e-02	-2.815697625520e-02	1.038042221069e+02	4.017429546366e-06
103	1.030000000000e+02	9.994539858415e-01	-1.542713007780e-02	-2.921872418587e-02	1.038827972412e+02	4.089362391824e-06
104	1.040000000000e+02	9.995563153724e-01	-1.276503317926e-02	-2.691145345446e-02	1.036981582642e+02	4.190146682959e-06
105	1.050000000000e+02	9.995312246877e-01	-1.387315539383e-02	-2.729224127205e-02	1.036067504883e+02	4.262986294634e-06
106	1.060000000000e+02	9.994582805380e-01	-1.810704121363e-02	-2.748236748368e-02	1.036762237549e+02	4.361804258224e-06
107	1.070000000000e+02	9.995531704011e-01	-1.685914505212e-02	-2.468256002048e-02	1.036498718262e+02	4.526348675427e-06
108	1.080000000000e+02	9.994480792914e-01	-1.869479033329e-02	-2.745981819036e-02	1.036738433838e+02	4.646728029911e-06
109	1.090000000000e+02	9.995003953257e-01	-1.827812418844e-02	-2.578507164820e-02	1.036598892212e+02	4.819646164833e-06
110	1.100000000000e+02	9.995234211623e-01	-1.826972480368e-02	-2.488267878593e-02	1.036613006592e+02	4.993736183678e-06
111	1.110000000000e+02	9.995294687718e-01	-2.045282685344e-02	-2.285876047513e-02	1.034722290039e+02	5.174731086299e-06
112	1.120000000000e+02	9.995394160932e-01	-1.989325343784e-02	-2.291755099566e-02	1.033850860596e+02	5.384229552874e-06
113	1.130000000000e+02	9.996080491317e-01	-1.881889332342e-02	-2.072673069015e-02	1.031857910156e+02	5.578714080912e-06
114	1.140000000000e+02	9.995209477120e-01	-2.151381272165e-02	-2.224929093623e-02	1.037312011719e+02	5.784300356027e-06
115	1.150000000000e+02	9.995463666015e-01	-2.123684084025e-02	-2.135550525908e-02	1.037343292236e+02	6.014552582201e-06
116	1.160000000000e+02	9.995203281295e-01	-2.223823477086e-02	-2.155399197812e-02	1.036949234009e+02	6.220583600225e-06
117	1.170000000000e+02	9.995174694053e-01	-2.309948553388e-02	-2.076636996736e-02	1.036414184570e+02	6.455667971750e-06
118	1.180000000000e+02	9.995531095688e-01	-2.071413418266e-02	-2.155239653276e-02	1.035882492065e+02	6.680796104774e-06
119	1.190000000000e+02	9.995669456394e-01	-2.294313761275e-02	-1.842643811599e-02	1.035737838745e+02	6.889167252666e-06
120	1.200000000000e+02	9.995245051816e-01	-2.305517911826e-02	-2.047491776227e-02	1.037541885376e+02	7.143107268348e-06
121	1.210000000000e+02	9.996061214142e-01	-2.086365561665e-02	-1.876992023381e-02	1.036455001831e+02	7.418168934237e-06
122	1.220000000000e+02	9.996395788530e-01	-1.954297346265e-02	-1.840610167268e-02	1.035034713745e+02	7.654494766030e-06
123	1.230000000000e+02	9.995788300485e-01	-2.144472332615e-02	-1.955214464797e-02	1.035916442871e+02	7.887272658991e-06
124	1.240000000000e+02	9.996337707792e-01	-2.128149729900e-02	-1.671592624993e-02	1.033544998169e+02	8.097391400952e-06
125	1.250000000000e+02	9.996317770068e-01	-2.090281788390e-02	-1.730267617319e-02	1.035723419189e+02	8.349868039659e-06
126	1.260000000000e+02	9.996369003965e-01	-2.079181330187e-02	-1.713965767677e-02	1.036011581421e+02	8.578538654547e-06
127	1.270000000000e+02	9.996477516491e-01	-2.082291544066e-02	-1.645535826051e-02	1.035896453857e+02	8.800083378446e-06
128	1.280000000000e+02	9.996525647535e-01	-2.071190469482e-02	-1.630235521586e-02	1.035953598022e+02	9.019174285640e-06
129	1.290000000000e+02	9.996830564444e-01	-1.947515528679e-02	-1.595321236089e-02	1.035942535400e+02	9.227251211996e-06
130	1.300000000000e+02	9.997163334126e-01	-1.877157676739e-02	-1.465880669634e-02	1.034335174561e+02	9.420208698430e-06
131	1.310000000000e+02	9.997153979238e-01	-1.854039669460e-02	-1.501255622563e-02	1.034977264404e+02	9.709598089103e-06
132	1.320000000000e+02	9.997072250315e-01	-1.876389434639e-02	-1.527679576072e-02	1.035654144287e+02	9.839301128522e-06
133	1.330000000000e+02	9.997209911143e-01	-1.866544019787e-02	-1.447554032425e-02	1.036560440063e+02	1.000949214358e-05
134	1.340000000000e+02	9.997488392718e-01	-1.808392998613e-02	-1.323744125599e-02	1.035746841431e+02	1.013074415823e-05
135	1.350000000000e+02	9.997717795254e-01	-1.712451306872e-02	-1.277262372379e-02	1.035430755615e+02	1.026050267683e-05
136	1.360000000000e+02	9.997525875670e-01	-1.778905156189e-02	-1.335340022784e-02	1.036606903076e+02	1.034728484228e-05
137	1.370000000000e+02	9.997410253232e-01	-1.806685977789e-02	-1.383729972023e-02	1.038296203613e+02	1.046383840730e-05
138	1.380000000000e+02	9.997875481485e-01	-1.675568311531e-02	-1.200440129815e-02	1.036462020874e+02	1.054192125594e-05
139	1.390000000000e+02	9.997902662133e-01	-1.658202878888e-02	-1.201914748876e-02	1.036043319702e+02	1.059752958099e-05
140	1.400000000000e+02	9.998015772382e-01	-1.634533075632e-02	-1.138579441710e-02	1.036440887451e+02	1.063195122697e-05
141	1.410000000000e+02	9.998119735024e-01	-1.625167526196e-02	-1.057831235709e-02	1.036290359497e+02	1.066471213562e-05
142	1.420000000000e+02	9.998166972751e-01	-1.570227736748e-02	-1.095492288028e-02	1.034451675415e+02	1.061689454218e-05
143	1.430000000000e+02	9.998247617979e-01	-1.469550640510e-02	-1.159688696880e-02	1.035865249634e+02	1.065868036676e-05
144	1.440000000000e+02	9.998307155277e-01	-1.473028530546e-02	-1.102537900140e-02	1.035573348999e+02	1.063895797415e-05
145	1.450000000000e+02	9.998509266231e-01	-1.365442434362e-02	-1.056793389108e-02	1.038241500854e+02	1.061415423464e-05
146	1.460000000000e+02	9.998435882577e-01	-1.390336091337e-02	-1.093140316672e-02	1.035326385498e+02	1.054021595337e-05
147	1.470000000000e+02	9.998564006365e-01	-1.357057169306e-02	-1.014976305885e-02	1.035359191895e+02	1.047821388056e-05
148	1.480000000000e+02	9.998581365641e-01	-1.322368361315e-02	-1.043268605391e-02	1.034292221069e+02	1.041213181452e-05
149	1.490000000000e+02	9.998640641101e-01	-1.307402960131e-02	-1.004604654509e-02	1.035279617310e+02	1.028127917380e-05
150	1.500000000000e+02	9.998881274313e-01	-1.228001344446e-02	-8.540134173105e-03	1.033914337158e+02	1.013525161397e-05
151	1.510000000000e+02	9.998748653647e-01	-1.196262787198e-02	-1.035128718577e-02	1.035297317505e+02	1.001894270303e-05
152	1.520000000000e+02	9.998947651230e-01	-1.080734197059e-02	-9.677811694385e-03	1.035037078857e+02	9.862515980785e-06
153	1.530000000000e+02	9.998927758731e-01	-1.169115547719e-02	-8.817802470286e-03	1.035462722778e+02	9.714941370476e-06
154	1.540000000000e+02	9.999016123190e-01	-1.030184258022e-02	-9.520384515614e-03	1.034493179321e+02	9.528977898299e-06
155	1.550000000000e+02	9.999133814832e-01	-9.336836157315e-03	-9.276476781057e-03	1.035100631714e+02	9.349039828521e-06
156	1.560000000000e+02	9.999181487273e-01	-9.367399005231e-03	-8.714796709876e-03	1.034329986572e+02	9.151995982393e-06
157	1.570000000000e+02	9.999203058653e-01	-9.122204117025e-03	-8.727388509676e-03	1.034404678345e+02	8.936278391047e-06
158	1.580000000000e+02	9.999174802893e-01	-8.060151611886e-03	-1.000332784279e-02	1.034843139648e+02	8.724596227694e-06
159	1.590000000000e+02	9.999368436431e-01	-7.183766409984e-03	-8.643044906025e-03	1.033606796265e+02	8.495000656694e-06
160	1.600000000000e+02	9.999386341484e-01	-7.632480004883e-03	-8.029519692727e-03	1.035033416748e+02	8.267384146166e-06
161	1.610000000000e+02	9.999397151526e-01	-7.189985597511e-03	-8.298805197228e-03	1.035192337036e+02	8.009711564227e-06
162	1.620000000000e+02	9.999497451751e-01	-6.914803514329e-03	-7.258968008025e-03	1.035166091919e+02	7.816429388185e-06
163	1.630000000000e+02	9.999594197524e-01	-5.760209941352e-03	-6.926675241881e-03	1.033866348267e+02	7.546173037554e-06
164	1.640000000000e+02	9.999707024515e-01	-4.629458135949e-03	-6.096093501474e-03	1.033351745605e+02	7.299496246560e-06
165	1.650000000000e+02	9.999603483027e-01	-5.546713074900e-03	-6.966763691503e-03	1.036042251587e+02	7.057524271659e-06
166	1.660000000000e+02	9.999687902708e-01	-4.578785751529e-03	-6.438416369123e-03	1.035120544434e+02	6.804002168792e-06
167	1.670000000000e+02	9.999894707182e-01	-2.162623970357e-03	-4.047407858942e-03	1.033741760254e+02	6.587536972802e-06
168	1.680000000000e+02	9.999801126788e-01	-3.415001609671e-03	-5.302076095786e-03	1.034198074341e+02	6.322063200059e-06
169	1.690000000000e+02	9.999894394718e-01	-3.041073937509e-03	-3.445695029689e-03	1.035893478394e+02	6.101116014179e-06
170	1.700000000000e+02	9.999895264190e-01	-1.577787445533e-03	-4.296235444641e-03	1.035780181885e+02	5.853729362570e-06
171	1.710000000000e+02	9.999942041889e-01	-5.621362718881e-04	-3.357914731239e-03	1.035696411133e+02	5.634435638058e-06
172	1.720000000000e+02	9.999972949009e-01	-7.278516291232e-05	-2.324842610251e-03	1.032615661621e+02	5.438241259981e-06
173	1.730000000000e+02	9.999969418064e-01	1.273561128659e-03	-2.120004676831e-03	1.031011886597e+02	5.201347448747e-06
174	1.740000000000e+02	9.999971473375e-01	1.728583003696e-03	-1.648428869031e-03	1.033834381104e+02	5.035254162067e-06
175	1.750000000000e+02	9.999994574344e-01	-3.190716009651e-04	9.916270241342e-04	1.034341812134e+02	4.808243375010e-06
176	1.760000000000e+02	9.999978672379e-01	1.345803122440e-03	1.566631308240e-03	1.033078460693e+02	4.641095074476e-06
177	1.770000000000e+02	9.999888040909e-01	3.655460436517e-03	3.004879667221e-03	1.032425842285e+02	4.476155481825e-06
178	1.780000000000e+02	9.999912042232e-01	8.964977470349e-04	4.097287880380e-03	1.035940628052e+02	4.318213541410e-06
179	1.790000000000e+02	9.999901125208e-01	2.477677979402e-03	3.692691764063e-03	1.036190643311e+02	4.175591584499e-06
180	1.800000000000e+02	9.999828447724e-01	2.201932131355e-03	5.427859232848e-03	1.032707519531e+02	4.056175839651e-06
181	1.810000000000e+02	9.999838017600e-01	2.136250621940e-03	5.275665917445e-03	1.033996963501e+02	3.936742359656e-06
182	1.820000000000e+02	9.999714641407e-01	4.030305157304e-03	6.389643553610e-03	1.033443756104e+02	3.846007075481e-06
183	1.830000000000e+02	9.999391290712e-01	2.189438822506e-03	1.081408849298e-02	1.031944198608e+02	3.769424210986e-06
184	1.840000000000e+02	9.999399860007e-01	2.987742613685e-03	1.054029369104e-02	1.034231567383e+02	3.686219542942e-06
185	1.850000000000e+02	9.999213865872e-01	8.097767524865e-04	1.251258994878e-02	1.035449600220e+02	3.629878165157e-06
186	1.860000000000e+02	9.999059212905e-01	-1.399334789138e-03	1.364516142768e-02	1.034390029907e+02	3.600804802772e-06
187	1.870000000000e+02	9.998950623620e-01	-2.531097534265e-03	1.426386376228e-02	1.033226928711e+02	3.573314415917e-06
188	1.880000000000e+02	9.998952210339e-01	-1.109909586574e-03	1.443312351264e-02	1.030299682617e+02	3.579975327739e-06
189	1.890000000000e+02	9.998890627176e-01	-3.242688704023e-03	1.453778620437e-02	1.032352905273e+02	3.604374114730e-06
190	1.900000000000e+02	9.998816219112e-01	-2.701632957479e-03	1.514738734927e-02	1.031391525269e+02	3.638954012786e-06
191	1.910000000000e+02	9.998169617757e-01	-7.928465175899e-03	1.741213328667e-02	1.036013870239e+02	3.674455456348e-06
192	1.920000000000e+02	9.998298126084e-01	-8.689760448035e-03	1.627371755012e-02	1.036522521973e+02	3.730571279448e-06
193	1.930000000000e+02	9.998680649790e-01	-4.759502525714e-03	1.553060754728e-02	1.032896881104e+02	3.833671144093e-06
194	1.940000000000e+02	9.998565605812e-01	-7.064467871205e-03	1.539323086690e-02	1.035329055786e+02	3.932308118237e-06
195	1.950000000000e+02	9.998485047895e-01	-1.037305608777e-02	1.397738092821e-02	1.037669982910e+02	4.036701739096e-06
196	1.960000000000e+02	9.997586778277e-01	-1.167683379940e-02	1.860746249600e-02	1.030672073364e+02	4.145877483097e-06
197	1.970000000000e+02	9.997972977986e-01	-8.690192967473e-03	1.816160402592e-02	1.032332077026e+02	4.318539140513e-06
198	1.980000000000e+02	9.997895150074e-01	-1.457017509679e-02	1.444422648850e-02	1.038215255737e+02	4.458524927031e-06
199	1.990000000000e+02	9.997873869396e-01	-1.444020603113e-02	1.471942140046e-02	1.036290817261e+02	4.641561645258e-06
200	2.000000000000e+02	9.997983956539e-01	-1.331480142844e-02	1.502944146648e-02	1.036814651489e+02	4.808182893612e-06
201	2.010000000000e+02	9.997542248427e-01	-1.483060228992e-02	1.647856622670e-02	1.035640945435e+02	5.002575107937e-06
202	2.020000000000e+02	9.998040643675e-01	-1.356926527463e-02	1.441207528623e-02	1.036060638428e+02	5.216735189606e-06
203	2.030000000000e+02	9.997879563798e-01	-1.534323448325e-02	1.373417028577e-02	1.035045013428e+02	5.428930307971e-06
204	2.040000000000e+02	9.997890555490e-01	-1.568956418538e-02	1.325450791638e-02	1.037327194214e+02	5.634974513669e-06
205	2.050000000000e+02	9.997832710592e-01	-1.655699724868e-02	1.262048938651e-02	1.036933593750e+02	5.879257969355e-06
206	2.060000000000e+02	9.997882462031e-01	-1.658879093864e-02	1.217681277088e-02	1.036294479370e+02	6.115178621258e-06
207	2.070000000000e+02	9.998186105588e-01	-1.566272778884e-02	1.083627881470e-02	1.037741165161e+02	6.374220902217e-06
208	2.080000000000e+02	9.998105882886e-01	-1.507832917858e-02	1.230575212062e-02	1.033039932251e+02	6.595413651667e-06
209	2.090000000000e+02	9.998064159440e-01	-1.491041423441e-02	1.283784189595e-02	1.031984634399e+02	6.837562978035e-06
210	2.100000000000e+02	9.998039541153e-01	-1.715546566909e-02	9.886522796669e-03	1.035555725098e+02	7.073270353430e-06
211	2.110000000000e+02	9.998214233931e-01	-1.533814472481e-02	1.103914129710e-02	1.033960876465e+02	7.332387212955e-06
212	2.120000000000e+02	9.998256919427e-01	-1.646697275114e-02	8.799121536118e-03	1.034552001953e+02	7.546475444542e-06
213	2.130000000000e+02	9.998260417707e-01	-1.617810700135e-02	9.281974515588e-03	1.034778594971e+02	7.773175639159e-06
214	2.140000000000e+02	9.998433482934e-01	-1.562508390050e-02	8.314783612462e-03	1.036085891724e+02	8.011732461455e-06
215	2.150000000000e+02	9.998405553856e-01	-1.616880446521e-02	7.578493811367e-03	1.035824584961e+02	8.247146070062e-06
216	2.160000000000e+02	9.998405745800e-01	-1.624522562551e-02	7.410672562866e-03	1.035709304810e+02	8.459703167318e-06
217	2.170000000000e+02	9.998436791073e-01	-1.602280823486e-02	7.475758520922e-03	1.035841522217e+02	8.663833796163e-06
218	2.180000000000e+02	9.998476256202e-01	-1.627919942099e-02	6.301841628584e-03	1.036147003174e+02	8.881894245860e-06
219	2.190000000000e+02	9.998482703284e-01	-1.599355380343e-02	6.902358873785e-03	1.035496902466e+02	9.069640327652e-06
220	2.200000000000e+02	9.999074895564e-01	-1.289195517856e-02	4.337029022853e-03	1.034292755127e+02	1.004440036922e-05
221	2.210000000000e+02	9.998880289472e-01	-1.435570207112e-02	4.224143235853e-03	1.035625076294e+02	1.015867110254e-05
222	2.220000000000e+02	9.998990896475e-01	-1.361371218182e-02	4.059231780932e-03	1.034489059448e+02	1.026360405376e-05
223	2.230000000000e+02	9.999039242762e-01	-1.319269599626e-02	4.253820570610e-03	1.033707885742e+02	1.036823596223e-05
224	2.240000000000e+02	9.998994259194e-01	-1.355804161295e-02	4.161436486274e-03	1.034293060303e+02	1.041230461851e-05
225	2.250000000000e+02	9.998974226593e-01	-1.360081474318e-02	4.490211308227e-03	1.034771881104e+02	1.049160255207e-05
226	2.260000000000e+02	9.999131915275e-01	-1.268637629984e-02	3.558829267985e-03	1.033748321533e+02	1.052727111528e-05
227	2.270000000000e+02	9.999013127740e-01	-1.360992838965e-02	3.483469818485e-03	1.034902114868e+02	1.054716449289e-05
228	2.280000000000e+02	9.999269608757e-01	-1.175497891120e-02	2.809516821218e-03	1.033787078857e+02	1.057470217347e-05
229	2.290000000000e+02	9.999055312627e-01	-1.298122411634e-02	4.518447811412e-03	1.034580688477e+02	1.055530356098e-05
230	2.300000000000e+02	9.999109389682e-01	-1.275978661490e-02	3.911774190781e-03	1.035649719238e+02	1.055194115906e-05
231	2.310000000000e+02	9.999302737727e-01	-1.114343633920e-02	3.907866343840e-03	1.034445571899e+02	1.048820831784e-05
232	2.320000000000e+02	9.999294781048e-01	-1.126967658296e-02	3.746092195805e-03	1.034495544434e+02	1.047113801178e-05
233	2.330000000000e+02	9.999354471051e-01	-1.062502450245e-02	4.026223677393e-03	1.035391159058e+02	1.039945891534e-05
234	2.340000000000e+02	9.999466632614e-01	-1.015471842744e-02	1.884761550015e-03	1.035120315552e+02	1.028786482493e-05
235	2.350000000000e+02	9.999581424949e-01	-9.095130094983e-03	9.959250103102e-04	1.033931808472e+02	1.022471587930e-05
236	2.360000000000e+02	9.999595145527e-01	-8.965198904502e-03	7.710149677352e-04	1.034066467285e+02	1.010195592244e-05
237	2.370000000000e+02	9.999677819128e-01	-8.009057061049e-03	5.386478086383e-04	1.034130401611e+02	9.982843948819e-06
238	2.380000000000e+02	9.999620778548e-01	-8.680777121054e-03	-6.978257811512e-04	1.035841903687e+02	9.825582310441e-06
239	2.390000000000e+02	9.999623892044e-01	-8.666355039007e-03	-3.383297404326e-04	1.034445648193e+02	9.670932740846e-06
240	2.400000000000e+02	9.999682019187e-01	-7.919769923227e-03	-9.340213680338e-04	1.034680023193e+02	9.487430361332e-06
241	2.410000000000e+02	9.999663595770e-01	-8.198117437462e-03	-2.656779810163e-04	1.035887680054e+02	9.289798072132e-06
242	2.420000000000e+02	9.999778228422e-01	-6.596224895851e-03	-9.184992937230e-04	1.032634506226e+02	9.113848136622e-06
243	2.430000000000e+02	9.999787201174e-01	-6.271378961796e-03	-1.796974780652e-03	1.034253768921e+02	8.928817806009e-06
244	2.440000000000e+02	9.999748566273e-01	-6.558295688970e-03	-2.697196867607e-03	1.035273590088e+02	8.700377293280e-06
245	2.450000000000e+02	9.999874329201e-01	-4.555505843761e-03	-2.093171827941e-03	1.033973922729e+02	8.489951142110e-06
246	2.460000000000e+02	9.999794925698e-01	-5.445371090685e-03	-3.370812004108e-03	1.035774765015e+02	8.244692253356e-06
247	2.470000000000e+02	9.999851150615e-01	-5.041515226677e-03	-2.086331628050e-03	1.033600463867e+02	8.012066246010e-06
248	2.480000000000e+02	9.999775381024e-01	-5.334137369183e-03	-4.058357938397e-03	1.035851898193e+02	7.775930498610e-06
249	2.490000000000e+02	9.999865271791e-01	-4.427827774712e-03	-2.709206795990e-03	1.033155441284e+02	7.527610250690e-06
250	2.500000000000e+02	9.999832961733e-01	-3.989241882177e-03	-4.182502063212e-03	1.036337051392e+02	7.269795787579e-06
251	2.510000000000e+02	9.999872924915e-01	-3.447927841366e-03	-3.677859305871e-03	1.033583679199e+02	7.026289495116e-06
252	2.520000000000e+02	9.999858177240e-01	-2.978120837955e-03	-4.415330930727e-03	1.034474487305e+02	6.792621206841e-06
253	2.530000000000e+02	9.999769230207e-01	-3.728865462199e-03	-5.678819283940e-03	1.036879272461e+02	6.546615622938e-06
254	2.540000000000e+02	9.999845184797e-01	-2.223886117596e-03	-5.100699109058e-03	1.034517974854e+02	6.320266948023e-06
255	2.550000000000e+02	9.999645650529e-01	-3.190959791914e-03	-7.790148531135e-03	1.035371551514e+02	6.073049462429e-06
256	2.560000000000e+02	9.999670645425e-01	-2.010826481929e-03	-7.862976994341e-03	1.035884246826e+02	5.859950761078e-06
257	2.570000000000e+02	9.999620551704e-01	-2.623889949207e-03	-8.306829773998e-03	1.037277908325e+02	5.624450750474e-06
258	2.580000000000e+02	9.999430323889e-01	-2.278031361770e-03	-1.042796960252e-02	1.034046325684e+02	5.422226422525e-06
259	2.590000000000e+02	9.999359903067e-01	-1.428819748696e-03	-1.122380343191e-02	1.034264907837e+02	5.212253654463e-06
260	2.600000000000e+02	9.999170704118e-01	-1.677800852604e-03	-1.276860538303e-02	1.035899887085e+02	5.014017460780e-06
261	2.610000000000e+02	9.999040602471e-01	-1.984833742814e-03	-1.370878318011e-02	1.035960464478e+02	4.827302291233e-06
262	2.620000000000e+02	9.998787642389e-01	1.067308924653e-04	-1.557065935126e-02	1.034896545410e+02	4.689116394729e-06
263	2.630000000000e+02	9.998836887610e-01	-1.729714149500e-03	-1.515311976970e-02	1.033873977661e+02	4.504572643782e-06
264	2.640000000000e+02	9.998904659593e-01	9.612366898985e-05	-1.480023121340e-02	1.030061111450e+02	4.354959855846e-06
265	2.650000000000e+02	9.998181422892e-01	-2.390260630519e-03	-1.892006880290e-02	1.035208740234e+02	4.217880359647e-06
266	2.660000000000e+02	9.998060968933e-01	-3.198081987318e-03	-1.943041138239e-02	1.034490661621e+02	4.090035417903e-06
267	2.670000000000e+02	9.998426513893e-01	-2.064450634623e-03	-1.761847060539e-02	1.034390716553e+02	3.993780865130e-06
268	2.680000000000e+02	9.997616993568e-01	-3.413659757738e-03	-2.156134101058e-02	1.035543975830e+02	3.901454874722e-06
269	2.690000000000e+02	9.997415270537e-01	-3.110993469150e-03	-2.252111906733e-02	1.034774322510e+02	3.827138698398e-06
270	2.700000000000e+02	9.997639727110e-01	-6.473482360057e-03	-2.073868113689e-02	1.036084594727e+02	3.784519321925e-06
271	2.710000000000e+02	9.997287201000e-01	-4.536211903914e-03	-2.284532750403e-02	1.037561416626e+02	3.750307996597e-06
272	2.720000000000e+02	9.997008058547e-01	-7.280394008028e-03	-2.335154462918e-02	1.034210128784e+02	3.716938635989e-06
273	2.730000000000e+02	9.996400180569e-01	-8.704318801688e-03	-2.537851716170e-02	1.040498504639e+02	3.715336788446e-06
274	2.740000000000e+02	9.996454169949e-01	-7.023172363641e-03	-2.568492419799e-02	1.033707809448e+02	3.755893430935e-06
275	2.750000000000e+02	9.996523098821e-01	-6.898564945810e-03	-2.544934476593e-02	1.034341659546e+02	3.801541424764e-06
276	2.760000000000e+02	9.995624359390e-01	-1.030585655223e-02	-2.772590810910e-02	1.037993087769e+02	3.844187631330e-06
277	2.770000000000e+02	9.995401289234e-01	-1.377305142906e-02	-2.701543496220e-02	1.039119949341e+02	3.916132300219e-06
278	2.780000000000e+02	9.996491531927e-01	-1.042604994319e-02	-2.434888095227e-02	1.029889450073e+02	4.013900706923e-06
279	2.790000000000e+02	9.994992137694e-01	-1.462898811238e-02	-2.805912295726e-02	1.037562179565e+02	4.109595920454e-06
280	2.800000000000e+02	9.996131515453e-01	-1.257006201478e-02	-2.481009469115e-02	1.032577743530e+02	4.251610334904e-06
281	2.810000000000e+02	9.996283516456e-01	-1.326521985265e-02	-2.381580417801e-02	1.032851791382e+02	4.381156941236e-06
282	2.820000000000e+02	9.995306943942e-01	-1.691561814453e-02	-2.553924091653e-02	1.032415771484e+02	4.535062089417e-06
283	2.830000000000e+02	9.995718974347e-01	-1.822138244334e-02	-2.289111357566e-02	1.034744567871e+02	4.680739493779e-06
284	2.840000000000e+02	9.995611365888e-01	-1.711530286271e-02	-2.417851586187e-02	1.033353424072e+02	4.875962076767e-06
285	2.850000000000e+02	9.995505014232e-01	-1.801097143237e-02	-2.396664375044e-02	1.035938415527e+02	5.075491571915e-06
286	2.860000000000e+02	9.995769729570e-01	-1.903418305128e-02	-2.199033900846e-02	1.031127777100e+02	5.271943336993e-06
287	2.870000000000e+02	9.995291846525e-01	-2.235096791818e-02	-2.102006805437e-02	1.037401046753e+02	5.474955287355e-06
288	2.880000000000e+02	9.995845782441e-01	-2.113727519771e-02	-1.959302258035e-02	1.033403625488e+02	5.689727913705e-06
289	2.890000000000e+02	9.995976193363e-01	-2.032356659953e-02	-1.978767439411e-02	1.034231109619e+02	5.951452749287e-06
290	2.900000000000e+02	9.995432177708e-01	-2.185630905070e-02	-2.087241152974e-02	1.035894012451e+02	6.182625838846e-06
291	2.910000000000e+02	9.995806007919e-01	-2.137824001466e-02	-1.953441512696e-02	1.036962738037e+02	6.441528057621e-06
292	2.920000000000e+02	9.995918192150e-01	-2.011769433439e-02	-2.028480547294e-02	1.034973449707e+02	6.676566044916e-06
293	2.930000000000e+02	9.996131020756e-01	-2.085974812137e-02	-1.839883330618e-02	1.035434265137e+02	6.944726465008e-06
294	2.940000000000e+02	9.995967604040e-01	-2.215028069505e-02	-1.776743242187e-02	1.036030502319e+02	7.179532985901e-06
295	2.950000000000e+02	9.996314816387e-01	-2.020670899309e-02	-1.812704687820e-02	1.032934722900e+02	7.465333510481e-06
296	2.960000000000e+02	9.996543751959e-01	-2.059808699117e-02	-1.633551235704e-02	1.032882156372e+02	7.715900210314e-06
297	2.970000000000e+02	9.996599111681e-01	-2.126834322659e-02	-1.509038037217e-02	1.032546005249e+02	7.954704415170e-06
298	2.980000000000e+02	9.996908382429e-01	-2.037601318142e-02	-1.424942174246e-02	1.033567199707e+02	8.225801138906e-06
299	2.990000000000e+02	9.996557316333e-01	-2.117156505061e-02	-1.549784004584e-02	1.033730163574e+02	8.446499123238e-06
300	3.000000000000e+02	9.997130967001e-01	-1.965588320544e-02	-1.368833597481e-02	1.034285812378e+02	8.715383046365e-06
301	3.010000000000e+02	9.997010712859e-01	-2.040066119436e-02	-1.347520287992e-02	1.034379348755e+02	8.937429811340e-06
302	3.020000000000e+02	9.997032001893e-01	-2.085089716234e-02	-1.259966741113e-02	1.034089813232e+02	9.177547326544e-06
303	3.030000000000e+02	9.997466465004e-01	-1.928992711242e-02	-1.159920355507e-02	1.033401412964e+02	9.465250514040e-06
304	3.040000000000e+02	9.997514247647e-01	-1.862165822572e-02	-1.226060870429e-02	1.033913726807e+02	9.601999408915e-06
305	3.050000000000e+02	9.997263095684e-01	-2.070472814250e-02	-1.089128961033e-02	1.033439407349e+02	9.791129741643e-06
306	3.060000000000e+02	9.997470406739e-01	-1.977911427595e-02	-1.070706786292e-02	1.037297210693e+02	1.002437966235e-05
307	3.070000000000e+02	9.997509418988e-01	-1.948184225843e-02	-1.088632144497e-02	1.036075897217e+02	1.059878559317e-05
308	3.080000000000e+02	9.997664548607e-01	-1.813777906228e-02	-1.174975344215e-02	1.035127792358e+02	1.069421614375e-05
309	3.090000000000e+02	9.997713873335e-01	-1.851461103318e-02	-1.069496365663e-02	1.036604003906e+02	1.086099655367e-05
310	3.100000000000e+02	9.997769092569e-01	-1.815537474974e-02	-1.079416900266e-02	1.036029281616e+02	1.100420558942e-05
311	3.110000000000e+02	9.997937659473e-01	-1.703917014733e-02	-1.104953635399e-02	1.034653778076e+02	1.111639267037e-05
312	3.120000000000e+02	9.998050942976e-01	-1.649679508626e-02	-1.084569815320e-02	1.034964675903e+02	1.121080913435e-05
313	3.130000000000e+02	9.997797194638e-01	-1.730109170908e-02	-1.188211995175e-02	1.036599884033e+02	1.128296753450e-05
314	3.140000000000e+02	9.998244779369e-01	-1.589171752619e-02	-9.923035440764e-03	1.033391113281e+02	1.138130755862e-05
315	3.150000000000e+02	9.998235683313e-01	-1.510069896727e-02	-1.117144126975e-02	1.033604049683e+02	1.138492734754e-05
316	3.160000000000e+02	9.998467896564e-01	-1.436083192409e-02	-1.000818266726e-02	1.033125534058e+02	1.140096810559e-05
317	3.170000000000e+02	9.998487224061e-01	-1.397329127612e-02	-1.035757856656e-02	1.034150390625e+02	1.137343679147e-05
318	3.180000000000e+02	9.998553072094e-01	-1.387848790807e-02	-9.836270558288e-03	1.032942276001e+02	1.136577338912e-05
319	3.190000000000e+02	9.998698157079e-01	-1.294535362147e-02	-9.631690182703e-03	1.032264938354e+02	1.132328088715e-05
320	3.200000000000e+02	9.998637406591e-01	-1.396813707321e-02	-8.797230348826e-03	1.034382324219e+02	1.124558184529e-05
321	3.210000000000e+02	9.998868616798e-01	-1.242150471635e-02	-8.483517003320e-03	1.034617767334e+02	1.116636849474e-05
322	3.220000000000e+02	9.999105674648e-01	-1.108253723966e-02	-7.485615582181e-03	1.032282791138e+02	1.105554383685e-05
323	3.230000000000e+02	9.999136419140e-01	-1.041021171592e-02	-8.020985368510e-03	1.032926712036e+02	1.094950403058e-05
324	3.240000000000e+02	9.999099936767e-01	-1.050351621516e-02	-8.347496186216e-03	1.034423217773e+02	1.081312530005e-05
325	3.250000000000e+02	9.999150473954e-01	-1.047567302976e-02	-7.756176048425e-03	1.032667236328e+02	1.065282049240e-05
326	3.260000000000e+02	9.999165706390e-01	-1.058488783397e-02	-7.403506671496e-03	1.033411102295e+02	1.046907982527e-05
327	3.270000000000e+02	9.999229922210e-01	-9.897457184632e-03	-7.486652729526e-03	1.033653259277e+02	1.029374470818e-05
328	3.280000000000e+02	9.999252334095e-01	-1.023616132167e-02	-6.689438860494e-03	1.034755325317e+02	1.004973182717e-05
329	3.290000000000e+02	9.999285933663e-01	-9.752073328158e-03	-6.906897582716e-03	1.033960266113e+02	9.885844519886e-06
330	3.300000000000e+02	9.999384984222e-01	-8.851521383182e-03	-6.682061236929e-03	1.034124526978e+02	9.662078809924e-06
331	3.310000000000e+02	9.999442639172e-01	-8.074791886944e-03	-6.801969940377e-03	1.035811767578e+02	9.443306225876e-06
332	3.320000000000e+02	9.999387403100e-01	-9.352570661963e-03	-5.919885923679e-03	1.035303115845e+02	9.199745363730e-06
333	3.330000000000e+02	9.999570556544e-01	-7.364277041428e-03	-5.626212810026e-03	1.034962692261e+02	9.005033462017e-06
334	3.340000000000e+02	9.999662900512e-01	-6.739201120927e-03	-4.690621431049e-03	1.033750076294e+02	8.730847184779e-06
335	3.350000000000e+02	9.999701370582e-01	-5.706507911155e-03	-5.211598528546e-03	1.033934249878e+02	8.487544619129e-06
336	3.360000000000e+02	9.999820730595e-01	-4.182713337746e-03	-4.284678368150e-03	1.031182403564e+02	8.258982234111e-06
337	3.370000000000e+02	9.999771278530e-01	-5.430456895294e-03	-4.031613674036e-03	1.034262771606e+02	7.953324711707e-06
338	3.380000000000e+02	9.999919353542e-01	-2.853565221327e-03	-2.826020552228e-03	1.032209854126e+02	7.736392944935e-06
339	3.390000000000e+02	9.999812201238e-01	-4.514946445336e-03	-4.144231937796e-03	1.034368667603e+02	7.456310413545e-06
340	3.400000000000e+02	9.999855199033e-01	-3.327997656820e-03	-4.228996959631e-03	1.034230728149e+02	7.168413958425e-06
341	3.410000000000e+02	9.999927985063e-01	-2.942021148832e-03	-2.397383379115e-03	1.033658370972e+02	6.900233529450e-06
342	3.420000000000e+02	9.999972626598e-01	-1.479571178878e-03	-1.812606392473e-03	1.033043746948e+02	6.651248895650e-06
343	3.430000000000e+02	9.999984544633e-01	-1.244730564095e-03	-1.241658877867e-03	1.032841033936e+02	6.397952347470e-06
344	3.440000000000e+02	9.999991506241e-01	-3.559203112986e-05	-1.302875383053e-03	1.031774978638e+02	6.148358352220e-06
345	3.450000000000e+02	9.999987563159e-01	-1.377053308495e-03	-7.688243623433e-04	1.035531234741e+02	5.919851901126e-06
346	3.460000000000e+02	9.999978549292e-01	1.776387232456e-03	-1.065169177445e-03	1.032965927124e+02	5.681698894477e-06
347	3.470000000000e+02	9.999988979043e-01	-7.069781021796e-04	1.305516045469e-03	1.035146484375e+02	5.480271283886e-06
348	3.480000000000e+02	9.999983501508e-01	9.839901580560e-05	1.813839402822e-03	1.034610061646e+02	5.242639417702e-06
349	3.490000000000e+02	9.999965436424e-01	2.377081055121e-03	1.123471824528e-03	1.036091384888e+02	5.047879767517e-06
350	3.500000000000e+02	9.999913197975e-01	2.920423609311e-03	2.971776514622e-03	1.034417343140e+02	4.865920345765e-06
351	3.510000000000e+02	9.999853567496e-01	2.010131814310e-03	5.024505590309e-03	1.034830932617e+02	4.673359399021e-06
352	3.520000000000e+02	9.999912363374e-01	2.793346445242e-03	3.118407299658e-03	1.038147506714e+02	4.524511496129e-06
353	3.530000000000e+02	9.999608764831e-01	2.470214732878e-03	8.493735475531e-03	1.033293228149e+02	4.365766926639e-06
354	3.540000000000e+02	9.999821717001e-01	2.117173932546e-03	5.583355315000e-03	1.038824691772e+02	4.242734121362e-06
355	3.550000000000e+02	9.999213457815e-01	6.117705777169e-03	1.094878653455e-02	1.030744857788e+02	4.141767021792e-06
356	3.560000000000e+02	9.999568315555e-01	1.682977173570e-03	9.137976429161e-03	1.033540039062e+02	4.020155301987e-06
357	3.570000000000e+02	9.999555109659e-01	4.677947477255e-05	9.432597768488e-03	1.033867568970e+02	3.950979134970e-06
358	3.580000000000e+02	9.998954544031e-01	1.212283779804e-03	1.440869987201e-02	1.034937896729e+02	3.889337676810e-06
359	3.590000000000e+02	9.998869102852e-01	-4.844794769351e-04	1.503103190138e-02	1.035440597534e+02	3.839797045657e-06
360	3.600000000000e+02	9.998543706864e-01	-6.477567402808e-04	1.705338178848e-02	1.033600158691e+02	3.811397846221e-06
