# Filename: 101552_polarimeter_vs_wheel.dat
# Timestamp: Thu Apr 18 10:15:52 2019

# Column 1:
#	name: measurement point
#	size: 0
#	type: coordinate
# Column 2:
#	name: angle
#	type: value
# Column 3:
#	name: S1
#	type: value
# Column 4:
#	name: S2
#	type: value
# Column 5:
#	name: S3
#	type: value
# Column 6:
#	name: DOP
#	type: value
# Column 7:
#	name: power
#	type: value

0	0.000000000000e+00	-8.633892327276e-01	-3.215933159870e-01	3.887631308683e-01	1.013652954102e+02	1.269609492738e-05
1	1.000000000000e+00	-8.414422447551e-01	-3.518454276587e-01	4.100972369783e-01	1.015825424194e+02	1.268530650123e-05
2	2.000000000000e+00	-8.149677190681e-01	-3.851084695086e-01	4.330347371628e-01	1.016539764404e+02	1.268217692996e-05
3	3.000000000000e+00	-7.854549535159e-01	-4.198395293592e-01	4.547474965130e-01	1.019806442261e+02	1.263189733436e-05
4	4.000000000000e+00	-7.543299419719e-01	-4.510702388811e-01	4.769926396082e-01	1.020437698364e+02	1.262356727239e-05
5	5.000000000000e+00	-7.219205290150e-01	-4.800135702052e-01	4.984152106483e-01	1.020391845703e+02	1.260954559257e-05
6	6.000000000000e+00	-6.859821655392e-01	-5.095954678916e-01	5.193658899720e-01	1.019156570435e+02	1.260912085854e-05
7	7.000000000000e+00	-6.497305028260e-01	-5.363728927187e-01	5.386598125478e-01	1.021726531982e+02	1.261269608221e-05
8	8.000000000000e+00	-6.121428489496e-01	-5.601019796651e-01	5.581817847754e-01	1.021779937744e+02	1.259366308659e-05
9	9.000000000000e+00	-5.715753406365e-01	-5.826139718783e-01	5.778084368962e-01	1.021727371216e+02	1.255631013919e-05
10	1.000000000000e+01	-5.302790804068e-01	-6.017776131143e-01	5.972167121217e-01	1.022733459473e+02	1.256276937056e-05
11	1.100000000000e+01	-4.858573847719e-01	-6.201515510913e-01	6.159177342322e-01	1.022415847778e+02	1.255833103642e-05
12	1.200000000000e+01	-4.436737113928e-01	-6.344383526414e-01	6.329625696016e-01	1.025004501343e+02	1.258094653167e-05
13	1.300000000000e+01	-4.010671761363e-01	-6.448541632301e-01	6.506214171012e-01	1.024830398560e+02	1.258841894014e-05
14	1.400000000000e+01	-3.562765580466e-01	-6.528316570892e-01	6.684892233153e-01	1.022235412598e+02	1.259604960069e-05
15	1.500000000000e+01	-3.090648103027e-01	-6.594441954818e-01	6.852826395568e-01	1.021092987061e+02	1.261309716938e-05
16	1.600000000000e+01	-2.622346565429e-01	-6.636367857382e-01	7.005848995824e-01	1.021186065674e+02	1.264853472094e-05
17	1.700000000000e+01	-2.160331027945e-01	-6.671038965156e-01	7.129530768225e-01	1.025047607422e+02	1.260697899852e-05
18	1.800000000000e+01	-1.691337604433e-01	-6.666395537452e-01	7.259376532876e-01	1.024856872559e+02	1.259116834262e-05
19	1.900000000000e+01	-1.185759495625e-01	-6.653660772702e-01	7.370398411235e-01	1.025587158203e+02	1.257792882825e-05
20	2.000000000000e+01	-7.219035343228e-02	-6.599473819229e-01	7.478355474063e-01	1.025928344727e+02	1.257723943127e-05
21	2.100000000000e+01	-2.515620572908e-02	-6.496015915624e-01	7.598584983751e-01	1.023676605225e+02	1.258314205188e-05
22	2.200000000000e+01	2.136943011547e-02	-6.385685402690e-01	7.692682021475e-01	1.022261199951e+02	1.258369957213e-05
23	2.300000000000e+01	6.552290200421e-02	-6.236252458183e-01	7.789725939281e-01	1.021105575562e+02	1.258445627172e-05
24	2.400000000000e+01	1.112808897207e-01	-6.057816010315e-01	7.878103930735e-01	1.018161697388e+02	1.260541648662e-05
25	2.500000000000e+01	1.554515394294e-01	-5.862200361223e-01	7.950980368091e-01	1.018242034912e+02	1.260428598471e-05
26	2.600000000000e+01	2.009656779363e-01	-5.624161414474e-01	8.020603968100e-01	1.016497573853e+02	1.259768578166e-05
27	2.700000000000e+01	2.452728009378e-01	-5.381484890926e-01	8.063730258432e-01	1.017936553955e+02	1.266090202989e-05
28	2.800000000000e+01	2.870501331251e-01	-5.112765096587e-01	8.100608321256e-01	1.017031784058e+02	1.268229334528e-05
29	2.900000000000e+01	3.268586675486e-01	-4.822941086220e-01	8.127458423375e-01	1.016560897827e+02	1.265602440981e-05
30	3.000000000000e+01	3.632534247888e-01	-4.506902213366e-01	8.154295026370e-01	1.015192337036e+02	1.269889162359e-05
31	3.100000000000e+01	3.986211055784e-01	-4.184520893350e-01	8.160876565165e-01	1.015014953613e+02	1.267798779736e-05
32	3.200000000000e+01	4.323927042581e-01	-3.816510782898e-01	8.169326800567e-01	1.012387542725e+02	1.272311510547e-05
33	3.300000000000e+01	4.658075254939e-01	-3.450214662931e-01	8.148518497188e-01	1.012580642700e+02	1.271388555324e-05
34	3.400000000000e+01	4.947332491582e-01	-3.043544837149e-01	8.140069781151e-01	1.010166625977e+02	1.274755777558e-05
35	3.500000000000e+01	5.224232458670e-01	-2.646089601089e-01	8.105899397401e-01	1.009071655273e+02	1.272527970286e-05
36	3.600000000000e+01	5.468281610363e-01	-2.236744411596e-01	8.068139232002e-01	1.008563232422e+02	1.275291197089e-05
37	3.700000000000e+01	5.706533160396e-01	-1.790131530689e-01	8.014418780681e-01	1.007552566528e+02	1.276153943763e-05
38	3.800000000000e+01	6.064800495873e-01	-9.237181518005e-02	7.897147568666e-01	1.006471710205e+02	1.274087662750e-05
39	3.900000000000e+01	6.224970436247e-01	-4.634160437313e-02	7.812489272841e-01	1.006294784546e+02	1.275333215744e-05
40	4.000000000000e+01	6.356174626523e-01	-7.445742001934e-04	7.720038126724e-01	1.005903396606e+02	1.275647991861e-05
41	4.100000000000e+01	6.457916245798e-01	4.694329507000e-02	7.620692256419e-01	1.004824295044e+02	1.276263265027e-05
42	4.200000000000e+01	6.529077806445e-01	9.512519857458e-02	7.514403679401e-01	1.003694305420e+02	1.279343268834e-05
43	4.300000000000e+01	6.587403787614e-01	1.506072845150e-01	7.371421567379e-01	1.002903594971e+02	1.278782838199e-05
44	4.400000000000e+01	6.600604586154e-01	1.981711355812e-01	7.246022301890e-01	1.001624603271e+02	1.279793286812e-05
45	4.500000000000e+01	6.587237267030e-01	2.460184598190e-01	7.110259976307e-01	1.000237655640e+02	1.281578170165e-05
46	4.600000000000e+01	6.552847411649e-01	2.934087736853e-01	6.960698237397e-01	9.995119476318e+01	1.285830694542e-05
47	4.700000000000e+01	6.497369981722e-01	3.389523688509e-01	6.804065878991e-01	9.988716125488e+01	1.286544920731e-05
48	4.800000000000e+01	6.413877739428e-01	3.844169591997e-01	6.639618399549e-01	9.983863830566e+01	1.288428848056e-05
49	4.900000000000e+01	6.304216039041e-01	4.296584348920e-01	6.464999850403e-01	9.975327301025e+01	1.288800831389e-05
50	5.000000000000e+01	6.179239128422e-01	4.724616734983e-01	6.284504793641e-01	9.969850158691e+01	1.288796920562e-05
51	5.100000000000e+01	6.034612045394e-01	5.147466055677e-01	6.089913847276e-01	9.969501495361e+01	1.289670581173e-05
52	5.200000000000e+01	5.855426345711e-01	5.563643998930e-01	5.895748278473e-01	9.962776947021e+01	1.290880300076e-05
53	5.300000000000e+01	5.662632134763e-01	5.963187489316e-01	5.689902659414e-01	9.957661437988e+01	1.292092383665e-05
54	5.400000000000e+01	5.444525266799e-01	6.349224926670e-01	5.481285200547e-01	9.955741119385e+01	1.293100194744e-05
55	5.500000000000e+01	5.209112385655e-01	6.720925164692e-01	5.262538653941e-01	9.950918579102e+01	1.292829347221e-05
56	5.600000000000e+01	4.955259138846e-01	7.076773265387e-01	5.036336666386e-01	9.948234558105e+01	1.293846980843e-05
57	5.700000000000e+01	4.680854210660e-01	7.417268069908e-01	4.803513114136e-01	9.946812438965e+01	1.295941365242e-05
58	5.800000000000e+01	4.390285370916e-01	7.738029473347e-01	4.565993236036e-01	9.942254638672e+01	1.295693982684e-05
59	5.900000000000e+01	4.060528321456e-01	8.068787700513e-01	4.290311736309e-01	9.939105224609e+01	1.294448065892e-05
60	6.000000000000e+01	3.747269114129e-01	8.344316646898e-01	4.041083256083e-01	9.936520385742e+01	1.293913464906e-05
61	6.100000000000e+01	3.426419793243e-01	8.594792765468e-01	3.793307886151e-01	9.936621856689e+01	1.293886998610e-05
62	6.200000000000e+01	3.095729439344e-01	8.826312431841e-01	3.537324991277e-01	9.934222412109e+01	1.294156572840e-05
63	6.300000000000e+01	2.755818289882e-01	9.037560185959e-01	3.275358215267e-01	9.931886291504e+01	1.294753747061e-05
64	6.400000000000e+01	2.415530536097e-01	9.225963228691e-01	3.007792335257e-01	9.930778503418e+01	1.293007062486e-05
65	6.500000000000e+01	2.064854898182e-01	9.391920846385e-01	2.743756014062e-01	9.929315185547e+01	1.293432887906e-05
66	6.600000000000e+01	1.713967355107e-01	9.535405485387e-01	2.477571015102e-01	9.925943756104e+01	1.291546595894e-05
67	6.700000000000e+01	1.351021324654e-01	9.659723826636e-01	2.205555932970e-01	9.922935485840e+01	1.291498392675e-05
68	6.800000000000e+01	9.930342495841e-02	9.762335285124e-01	1.926315851559e-01	9.920398712158e+01	1.292152228416e-05
69	6.900000000000e+01	6.247755002774e-02	9.842662224752e-01	1.652772187473e-01	9.918972015381e+01	1.291459102504e-05
70	7.000000000000e+01	2.635544068779e-02	9.901786216654e-01	1.373014491657e-01	9.917037963867e+01	1.291182888963e-05
71	7.100000000000e+01	-9.410104534170e-03	9.939878658792e-01	1.090851613079e-01	9.914865875244e+01	1.290826276090e-05
72	7.200000000000e+01	-5.367680560423e-02	9.960363225693e-01	7.092562768690e-02	9.913046264648e+01	1.289456577069e-05
73	7.300000000000e+01	-8.805721465954e-02	9.952211118031e-01	4.220030293411e-02	9.910604858398e+01	1.289345345867e-05
74	7.400000000000e+01	-1.223841767308e-01	9.923865123949e-01	1.382473517108e-02	9.908555603027e+01	1.289292231377e-05
75	7.500000000000e+01	-1.548202797544e-01	9.878309820386e-01	-1.485368309443e-02	9.904810333252e+01	1.287863233301e-05
76	7.600000000000e+01	-1.874759366482e-01	9.812928193096e-01	-4.378556782010e-02	9.904230499268e+01	1.288818020839e-05
77	7.700000000000e+01	-2.183147256394e-01	9.732210195128e-01	-7.196893598990e-02	9.900724792480e+01	1.287446775677e-05
78	7.800000000000e+01	-2.483520199562e-01	9.634862221559e-01	-1.000778392020e-01	9.899440002441e+01	1.286160113523e-05
79	7.900000000000e+01	-2.767995182042e-01	9.523910920983e-01	-1.278015430807e-01	9.897981262207e+01	1.284477366426e-05
80	8.000000000000e+01	-3.036230575933e-01	9.399087565450e-01	-1.561555899343e-01	9.892938995361e+01	1.282584798901e-05
81	8.100000000000e+01	-3.296524457362e-01	9.260151711434e-01	-1.839161978524e-01	9.890155029297e+01	1.280876495002e-05
82	8.200000000000e+01	-3.541050369207e-01	9.111348199608e-01	-2.108149963413e-01	9.885947418213e+01	1.278515173908e-05
83	8.300000000000e+01	-3.764748671763e-01	8.952120853303e-01	-2.384575363940e-01	9.883233642578e+01	1.277008232137e-05
84	8.400000000000e+01	-3.991593083133e-01	8.777449489518e-01	-2.650200957972e-01	9.883420562744e+01	1.274240275961e-05
85	8.500000000000e+01	-4.182543673439e-01	8.601283676130e-01	-2.919631405247e-01	9.877867126465e+01	1.274349415326e-05
86	8.600000000000e+01	-4.370346184106e-01	8.412508887320e-01	-3.182729717056e-01	9.878225708008e+01	1.273103407584e-05
87	8.700000000000e+01	-4.545046060327e-01	8.215793864148e-01	-3.441407777543e-01	9.880068206787e+01	1.271944620385e-05
88	8.800000000000e+01	-4.699541748273e-01	8.017036137798e-01	-3.693431862304e-01	9.880404663086e+01	1.271146538784e-05
89	8.900000000000e+01	-4.828967606805e-01	7.815587992847e-01	-3.949386810443e-01	9.875609588623e+01	1.271014753002e-05
90	9.000000000000e+01	-4.946469003604e-01	7.611461325906e-01	-4.195009044164e-01	9.872344970703e+01	1.269316817343e-05
91	9.100000000000e+01	-5.048266490796e-01	7.406782242190e-01	-4.433348875814e-01	9.867815399170e+01	1.267444349651e-05
92	9.200000000000e+01	-5.125407430188e-01	7.202616107168e-01	-4.674667890593e-01	9.866867828369e+01	1.268141659239e-05
93	9.300000000000e+01	-5.201033612314e-01	6.992608179355e-01	-4.904353190136e-01	9.868235778809e+01	1.266196795768e-05
94	9.400000000000e+01	-5.254311216984e-01	6.788733139908e-01	-5.128870829937e-01	9.872066497803e+01	1.266021354240e-05
95	9.500000000000e+01	-5.291097464884e-01	6.592283082962e-01	-5.342854234507e-01	9.873716735840e+01	1.265700939257e-05
96	9.600000000000e+01	-5.308166691095e-01	6.400631256748e-01	-5.554753450396e-01	9.866082763672e+01	1.263882040803e-05
97	9.700000000000e+01	-5.319123182613e-01	6.214080393113e-01	-5.752576243398e-01	9.865606689453e+01	1.262637761101e-05
98	9.800000000000e+01	-5.309926156128e-01	6.038736305103e-01	-5.944606635758e-01	9.864832305908e+01	1.261786110263e-05
99	9.900000000000e+01	-5.292358145334e-01	5.864406703478e-01	-6.131857734628e-01	9.862091064453e+01	1.260962926608e-05
100	1.000000000000e+02	-5.265815508877e-01	5.703687328000e-01	-6.303898626317e-01	9.860211944580e+01	1.258615975530e-05
101	1.010000000000e+02	-5.218519250488e-01	5.549344257799e-01	-6.478567367923e-01	9.855590820312e+01	1.257936128241e-05
102	1.020000000000e+02	-5.162876552277e-01	5.405425674871e-01	-6.642746343147e-01	9.849043273926e+01	1.257261646970e-05
103	1.030000000000e+02	-5.096990593132e-01	5.271035346765e-01	-6.799770089251e-01	9.842788696289e+01	1.256063023902e-05
104	1.040000000000e+02	-5.041738774170e-01	5.133528886191e-01	-6.944620314147e-01	9.843238067627e+01	1.253169102711e-05
105	1.050000000000e+02	-4.973192143498e-01	5.015063976188e-01	-7.079300333973e-01	9.845151519775e+01	1.251587673323e-05
106	1.060000000000e+02	-4.880367251199e-01	4.917432704423e-01	-7.211162949961e-01	9.836714172363e+01	1.251129651791e-05
107	1.070000000000e+02	-4.801291401295e-01	4.821511192001e-01	-7.328071417860e-01	9.839222717285e+01	1.249790511793e-05
108	1.080000000000e+02	-4.722554731852e-01	4.746888262851e-01	-7.427282721472e-01	9.847410583496e+01	1.249945944437e-05
109	1.090000000000e+02	-4.634082187083e-01	4.672643392172e-01	-7.529388156614e-01	9.846123504639e+01	1.246786450793e-05
110	1.100000000000e+02	-4.530935157190e-01	4.628183225753e-01	-7.619090932007e-01	9.843508148193e+01	1.248535863851e-05
111	1.110000000000e+02	-4.432853270495e-01	4.585908501039e-01	-7.701899447692e-01	9.841236877441e+01	1.248875105375e-05
112	1.120000000000e+02	-4.340269720357e-01	4.556951111900e-01	-7.771502770913e-01	9.842149353027e+01	1.249125671166e-05
113	1.130000000000e+02	-4.245199017337e-01	4.546957917373e-01	-7.829652546623e-01	9.840719604492e+01	1.249671640835e-05
114	1.140000000000e+02	-4.156439204232e-01	4.539713377284e-01	-7.881307987487e-01	9.839160156250e+01	1.249577599083e-05
115	1.150000000000e+02	-4.057471293771e-01	4.558770709263e-01	-7.921776083720e-01	9.834201812744e+01	1.250600598723e-05
116	1.160000000000e+02	-3.993993214299e-01	4.564575427161e-01	-7.950639557538e-01	9.841753387451e+01	1.247501040780e-05
117	1.170000000000e+02	-3.741410019887e-01	4.692902951549e-01	-7.998656946665e-01	9.851527404785e+01	1.251513276657e-05
118	1.180000000000e+02	-3.690173801635e-01	4.749049704587e-01	-7.989314377160e-01	9.848744201660e+01	1.250447348866e-05
119	1.190000000000e+02	-3.649219460234e-01	4.829775564854e-01	-7.959677463578e-01	9.849881744385e+01	1.253855498362e-05
120	1.200000000000e+02	-3.630495368824e-01	4.905194913348e-01	-7.922030436638e-01	9.852194213867e+01	1.253707796423e-05
121	1.210000000000e+02	-3.615540341445e-01	4.988343516718e-01	-7.876820233990e-01	9.853815460205e+01	1.253267055290e-05
122	1.220000000000e+02	-3.610074641115e-01	5.079247984784e-01	-7.821035800624e-01	9.855273437500e+01	1.254556082131e-05
123	1.230000000000e+02	-3.616898575520e-01	5.174788381264e-01	-7.754973236804e-01	9.854863739014e+01	1.254337348655e-05
124	1.240000000000e+02	-3.647401281264e-01	5.261476139937e-01	-7.682013585142e-01	9.857557678223e+01	1.253538994206e-05
125	1.250000000000e+02	-3.667190660633e-01	5.362782043517e-01	-7.602123480469e-01	9.852360534668e+01	1.253786012967e-05
126	1.260000000000e+02	-3.717767317376e-01	5.451944776395e-01	-7.513621252698e-01	9.852720642090e+01	1.252540550922e-05
127	1.270000000000e+02	-3.774066321154e-01	5.551304853794e-01	-7.412114261382e-01	9.852481842041e+01	1.252458878298e-05
128	1.280000000000e+02	-3.843994227074e-01	5.644651837769e-01	-7.304903422537e-01	9.849450683594e+01	1.251711546502e-05
129	1.290000000000e+02	-3.937917499459e-01	5.736307415759e-01	-7.182449651711e-01	9.850640869141e+01	1.251482626685e-05
130	1.300000000000e+02	-4.035656205904e-01	5.826711423722e-01	-7.054283306787e-01	9.850074005127e+01	1.251405592484e-05
131	1.310000000000e+02	-4.142414735320e-01	5.911986061715e-01	-6.920174923129e-01	9.851002502441e+01	1.253559366887e-05
132	1.320000000000e+02	-4.267420367003e-01	5.988359747776e-01	-6.777069495181e-01	9.850595855713e+01	1.253017944691e-05
133	1.330000000000e+02	-4.402873441915e-01	6.056909000665e-01	-6.627862310892e-01	9.850006866455e+01	1.252809670405e-05
134	1.340000000000e+02	-4.566963110612e-01	6.111539912972e-01	-6.464667651044e-01	9.858409118652e+01	1.252102811122e-05
135	1.350000000000e+02	-4.728779676801e-01	6.162579003386e-01	-6.297718856483e-01	9.861332702637e+01	1.252287256648e-05
136	1.360000000000e+02	-4.903831666814e-01	6.196346313956e-01	-6.128435962060e-01	9.863564300537e+01	1.250215791515e-05
137	1.370000000000e+02	-5.083164807662e-01	6.228000133948e-01	-5.947558311584e-01	9.868876647949e+01	1.250014611287e-05
138	1.380000000000e+02	-5.259932673594e-01	6.249966461482e-01	-5.768104324612e-01	9.871566772461e+01	1.252530364582e-05
139	1.390000000000e+02	-5.449299276500e-01	6.262356429226e-01	-5.575664027582e-01	9.872753143311e+01	1.253820300917e-05
140	1.400000000000e+02	-5.649918464496e-01	6.258373383932e-01	-5.376912118664e-01	9.871192932129e+01	1.254058224731e-05
141	1.410000000000e+02	-5.851410620760e-01	6.242124371762e-01	-5.176570010607e-01	9.871287536621e+01	1.254647213500e-05
142	1.420000000000e+02	-6.075865754208e-01	6.200311043579e-01	-4.963869287130e-01	9.877104187012e+01	1.253152731806e-05
143	1.430000000000e+02	-6.293617990728e-01	6.151902869065e-01	-4.748101060042e-01	9.879952239990e+01	1.252805395779e-05
144	1.440000000000e+02	-6.511078665989e-01	6.087759094217e-01	-4.532664096983e-01	9.875373077393e+01	1.250528384844e-05
145	1.450000000000e+02	-6.743853480310e-01	5.999941048153e-01	-4.303620296308e-01	9.883494567871e+01	1.248434091394e-05
146	1.460000000000e+02	-6.971857279904e-01	5.897228307239e-01	-4.076261076152e-01	9.888502502441e+01	1.247820819117e-05
147	1.470000000000e+02	-7.209412794942e-01	5.773996883150e-01	-3.832143935906e-01	9.898181152344e+01	1.245946987183e-05
148	1.480000000000e+02	-7.438939551012e-01	5.634143964896e-01	-3.594245420003e-01	9.906492614746e+01	1.243917449756e-05
149	1.490000000000e+02	-7.657373302585e-01	5.490539431627e-01	-3.349419480240e-01	9.909928894043e+01	1.245099520020e-05
150	1.500000000000e+02	-7.879001451357e-01	5.321728832348e-01	-3.098473553940e-01	9.918895721436e+01	1.243545375473e-05
151	1.510000000000e+02	-8.089577811458e-01	5.140581997679e-01	-2.851867380770e-01	9.921118927002e+01	1.242708094651e-05
152	1.520000000000e+02	-8.299157354913e-01	4.937231401337e-01	-2.597639945806e-01	9.929446411133e+01	1.240847723238e-05
153	1.530000000000e+02	-8.492500839008e-01	4.729764113773e-01	-2.346648871798e-01	9.930281829834e+01	1.240650180989e-05
154	1.540000000000e+02	-8.681907402995e-01	4.499280744067e-01	-2.093073489368e-01	9.934174346924e+01	1.239295124833e-05
155	1.550000000000e+02	-8.861785588488e-01	4.254984314244e-01	-1.834084149980e-01	9.941674804688e+01	1.238308868778e-05
156	1.560000000000e+02	-9.030586363953e-01	3.997376587729e-01	-1.571461211442e-01	9.944184112549e+01	1.237972810486e-05
157	1.570000000000e+02	-9.190965766682e-01	3.717904884914e-01	-1.305117443912e-01	9.950565338135e+01	1.235923718923e-05
158	1.580000000000e+02	-9.341035864083e-01	3.416027590921e-01	-1.037209951740e-01	9.969054412842e+01	1.230683210451e-05
159	1.590000000000e+02	-9.470185636651e-01	3.117433698088e-01	-7.727814344259e-02	9.980670928955e+01	1.229875579156e-05
160	1.600000000000e+02	-9.586787150460e-01	2.799238805373e-01	-5.077147252833e-02	9.991564178467e+01	1.228191013070e-05
161	1.610000000000e+02	-9.689381911843e-01	2.462055869114e-01	-2.327209999452e-02	1.001799545288e+02	1.225753294420e-05
162	1.620000000000e+02	-9.770626894635e-01	2.129188749584e-01	3.748805792260e-03	1.002739028931e+02	1.223862273037e-05
163	1.630000000000e+02	-9.836668118310e-01	1.775015439564e-01	2.987984597288e-02	1.003575439453e+02	1.220467311214e-05
164	1.640000000000e+02	-9.882222929311e-01	1.420672841688e-01	5.686463332175e-02	1.004365997314e+02	1.218315992446e-05
165	1.650000000000e+02	-9.908120450479e-01	1.062802362426e-01	8.364211123728e-02	1.004848937988e+02	1.217568569700e-05
166	1.660000000000e+02	-9.914380755313e-01	6.937267893725e-02	1.106253759487e-01	1.005748138428e+02	1.216575401486e-05
167	1.670000000000e+02	-9.899458374186e-01	3.198573120391e-02	1.377829887064e-01	1.006965789795e+02	1.215731754201e-05
168	1.680000000000e+02	-9.864640841964e-01	-6.064503508334e-03	1.638652873177e-01	1.006163787842e+02	1.214343774336e-05
169	1.690000000000e+02	-9.808247503084e-01	-4.423128463767e-02	1.898062239280e-01	1.007256240845e+02	1.212694769492e-05
170	1.700000000000e+02	-9.729439447190e-01	-8.242223645425e-02	2.158394203396e-01	1.009087524414e+02	1.211352446262e-05
171	1.710000000000e+02	-9.629743856000e-01	-1.189715212927e-01	2.419217017956e-01	1.007435684204e+02	1.212843653775e-05
172	1.720000000000e+02	-9.505492446061e-01	-1.570606204674e-01	2.679330048300e-01	1.007858657837e+02	1.210052414535e-05
173	1.730000000000e+02	-9.360117427752e-01	-1.943251070500e-01	2.934617013461e-01	1.009652404785e+02	1.209245692735e-05
174	1.740000000000e+02	-9.189556214776e-01	-2.307597187582e-01	3.197976203059e-01	1.010529708862e+02	1.205789794767e-05
175	1.750000000000e+02	-9.002452712311e-01	-2.668687453902e-01	3.440051225780e-01	1.011920394897e+02	1.205669195770e-05
176	1.760000000000e+02	-8.790490877833e-01	-3.018347909140e-01	3.690101086166e-01	1.013741607666e+02	1.203566898766e-05
177	1.770000000000e+02	-8.557959385700e-01	-3.365739637551e-01	3.928501984844e-01	1.013564834595e+02	1.200952192448e-05
178	1.780000000000e+02	-8.303008866085e-01	-3.704919888472e-01	4.163365512385e-01	1.015091094971e+02	1.199522102979e-05
179	1.790000000000e+02	-8.029721712818e-01	-4.030231485840e-01	4.390991162054e-01	1.017279815674e+02	1.198054178531e-05
180	1.800000000000e+02	-7.735224263408e-01	-4.342805226453e-01	4.615880020091e-01	1.019802780151e+02	1.196379798785e-05
181	1.810000000000e+02	-7.421206998165e-01	-4.633064818906e-01	4.843593405128e-01	1.018993988037e+02	1.196003177029e-05
182	1.820000000000e+02	-7.096382657943e-01	-4.909778898131e-01	5.053258784538e-01	1.022238006592e+02	1.193817206513e-05
183	1.830000000000e+02	-6.731163467200e-01	-5.191615481829e-01	5.266741598623e-01	1.021094741821e+02	1.191847695736e-05
184	1.840000000000e+02	-6.355397844975e-01	-5.449053534840e-01	5.469619164671e-01	1.022499847412e+02	1.189645718114e-05
185	1.850000000000e+02	-5.961320573827e-01	-5.673530705588e-01	5.680995190001e-01	1.021854553223e+02	1.188801343233e-05
186	1.860000000000e+02	-5.562450040596e-01	-5.884613023860e-01	5.867749066319e-01	1.022038803101e+02	1.186946974485e-05
187	1.870000000000e+02	-5.142031080793e-01	-6.069097723124e-01	6.060162472354e-01	1.022129364014e+02	1.186294230138e-05
188	1.880000000000e+02	-4.715479781975e-01	-6.224508250740e-01	6.246578860645e-01	1.022339172363e+02	1.186528243124e-05
189	1.890000000000e+02	-4.290462083473e-01	-6.349555992533e-01	6.424567986096e-01	1.022410812378e+02	1.187963425764e-05
190	1.900000000000e+02	-3.847493143256e-01	-6.454918840582e-01	6.597788968594e-01	1.021752700806e+02	1.188854639622e-05
191	1.910000000000e+02	-3.382438724430e-01	-6.540881755725e-01	6.765794419955e-01	1.020365753174e+02	1.189162048831e-05
192	1.920000000000e+02	-2.912377062716e-01	-6.614605459596e-01	6.911226697081e-01	1.021849746704e+02	1.188923215523e-05
193	1.930000000000e+02	-2.441306526848e-01	-6.662649949632e-01	7.046213031880e-01	1.022090988159e+02	1.187600719277e-05
194	1.940000000000e+02	-1.973476078410e-01	-6.673819182972e-01	7.180914264976e-01	1.022073898315e+02	1.188406622532e-05
195	1.950000000000e+02	-1.511494301522e-01	-6.667884855017e-01	7.297581553960e-01	1.024068679810e+02	1.187088309962e-05
196	1.960000000000e+02	-1.024793532805e-01	-6.639578280880e-01	7.407145095594e-01	1.025111541748e+02	1.186298868561e-05
197	1.970000000000e+02	-5.508756319610e-02	-6.555937725188e-01	7.531016968615e-01	1.023927917480e+02	1.187363704958e-05
198	1.980000000000e+02	-7.200411144096e-03	-6.460669857986e-01	7.632467516737e-01	1.023142013550e+02	1.187584166473e-05
199	1.990000000000e+02	3.991333086221e-02	-6.339989999611e-01	7.723031749694e-01	1.024092025757e+02	1.186090503325e-05
200	2.000000000000e+02	8.579255395064e-02	-6.181586178337e-01	7.813575115685e-01	1.022923202515e+02	1.188138867292e-05
201	2.010000000000e+02	1.374829427035e-01	-5.977489188328e-01	7.898067298395e-01	1.021337509155e+02	1.190188140754e-05
202	2.020000000000e+02	1.835321286008e-01	-5.735406905366e-01	7.983527002961e-01	1.018040084839e+02	1.193931893795e-05
203	2.030000000000e+02	2.283472371791e-01	-5.495569734736e-01	8.036446180864e-01	1.017004776001e+02	1.195311324409e-05
204	2.040000000000e+02	2.725792708381e-01	-5.241347558949e-01	8.068353603880e-01	1.017065429688e+02	1.196020821226e-05
205	2.050000000000e+02	3.726839352659e-01	-4.471658513309e-01	8.131109308073e-01	1.015415725708e+02	1.220221020048e-05
206	2.060000000000e+02	4.067698907652e-01	-4.143362730183e-01	8.141644237058e-01	1.014103698730e+02	1.219566911459e-05
207	2.070000000000e+02	4.402646927573e-01	-3.801893305910e-01	8.134021595841e-01	1.013616027832e+02	1.218327452079e-05
208	2.080000000000e+02	4.718964953814e-01	-3.430414645628e-01	8.121799377216e-01	1.012302169800e+02	1.219248497364e-05
209	2.090000000000e+02	5.039153312109e-01	-3.030465280408e-01	8.088461787095e-01	1.011810226440e+02	1.220276135427e-05
210	2.100000000000e+02	5.307785313780e-01	-2.629308512580e-01	8.056931910380e-01	1.010721511841e+02	1.220888225362e-05
211	2.110000000000e+02	5.573654992318e-01	-2.212698554622e-01	8.002395587134e-01	1.011063919067e+02	1.221219008585e-05
212	2.120000000000e+02	5.804672531597e-01	-1.797803760446e-01	7.941893882435e-01	1.010620727539e+02	1.221276397700e-05
213	2.130000000000e+02	6.012987973830e-01	-1.353799306114e-01	7.874719237239e-01	1.009631347656e+02	1.221504953719e-05
214	2.140000000000e+02	6.184597505927e-01	-8.966063490326e-02	7.806846402009e-01	1.008117141724e+02	1.223132403538e-05
215	2.150000000000e+02	6.332001691930e-01	-4.467342965787e-02	7.726977613637e-01	1.007103729248e+02	1.223913477588e-05
216	2.160000000000e+02	6.472889789631e-01	1.559034851556e-03	7.622431023782e-01	1.007486953735e+02	1.223946037499e-05
217	2.170000000000e+02	6.567383131986e-01	5.051361600244e-02	7.524248551021e-01	1.005720520020e+02	1.225856340170e-05
218	2.180000000000e+02	6.647550110954e-01	9.714537797414e-02	7.407182667937e-01	1.005047378540e+02	1.224765946972e-05
219	2.190000000000e+02	6.699716722292e-01	1.450547190175e-01	7.280776654322e-01	1.004519119263e+02	1.227326538356e-05
220	2.200000000000e+02	6.714278925697e-01	1.937557706369e-01	7.152924481807e-01	1.003190383911e+02	1.228677137988e-05
221	2.210000000000e+02	6.710383408998e-01	2.400089337913e-01	7.015007175640e-01	1.002254943848e+02	1.227991197084e-05
222	2.220000000000e+02	6.689470786582e-01	2.866851834647e-01	6.857998334328e-01	1.002464218140e+02	1.229249573953e-05
223	2.230000000000e+02	6.625557484569e-01	3.336979243891e-01	6.705710815753e-01	1.001169586182e+02	1.231190435647e-05
224	2.240000000000e+02	6.548629753837e-01	3.788709035810e-01	6.539199659678e-01	1.000733413696e+02	1.232019894815e-05
225	2.250000000000e+02	6.438166847875e-01	4.241176676619e-01	6.368863951807e-01	9.994630432129e+01	1.232098202308e-05
226	2.260000000000e+02	6.307975330378e-01	4.682557193671e-01	6.187334269242e-01	9.986148834229e+01	1.234197225131e-05
227	2.270000000000e+02	6.157728784571e-01	5.112584432342e-01	5.995319560943e-01	9.979849243164e+01	1.235599484062e-05
228	2.280000000000e+02	5.988942106882e-01	5.525050557400e-01	5.797101756791e-01	9.974384307861e+01	1.236129810422e-05
229	2.290000000000e+02	5.788260261734e-01	5.932634449590e-01	5.594630607106e-01	9.965907287598e+01	1.237235574081e-05
230	2.300000000000e+02	5.580076711732e-01	6.315061729412e-01	5.383561947716e-01	9.962860107422e+01	1.238195454789e-05
231	2.310000000000e+02	5.351790678253e-01	6.687229620746e-01	5.161327013045e-01	9.958496093750e+01	1.238486856892e-05
232	2.320000000000e+02	5.099704895523e-01	7.042796518696e-01	4.938828522516e-01	9.953525543213e+01	1.238250752067e-05
233	2.330000000000e+02	4.828951650733e-01	7.383466307327e-01	4.708041125930e-01	9.948959350586e+01	1.239798802999e-05
234	2.340000000000e+02	4.551286165192e-01	7.701553560496e-01	4.468989482796e-01	9.948098754883e+01	1.241027530341e-05
235	2.350000000000e+02	4.245152125583e-01	8.005550117602e-01	4.229639552637e-01	9.943417358398e+01	1.242227153853e-05
236	2.360000000000e+02	3.934469677265e-01	8.287642260541e-01	3.979313272410e-01	9.938251495361e+01	1.242022790393e-05
237	2.370000000000e+02	3.610387118420e-01	8.547354202407e-01	3.729321787369e-01	9.937019348145e+01	1.244243776455e-05
238	2.380000000000e+02	3.277240121217e-01	8.787715004240e-01	3.469259602874e-01	9.935311126709e+01	1.246502961294e-05
239	2.390000000000e+02	2.940310726185e-01	9.003215973843e-01	3.208843243574e-01	9.932772827148e+01	1.248624357686e-05
240	2.400000000000e+02	2.593852680698e-01	9.198514382103e-01	2.942662303608e-01	9.930113220215e+01	1.250773402717e-05
241	2.410000000000e+02	2.238167695547e-01	9.371193912205e-01	2.677933910025e-01	9.927655029297e+01	1.251886078535e-05
242	2.420000000000e+02	1.887909535136e-01	9.521313682187e-01	2.404242781529e-01	9.923632812500e+01	1.251138564839e-05
243	2.430000000000e+02	1.526984631111e-01	9.650083052157e-01	2.131716449909e-01	9.921759796143e+01	1.252048787137e-05
244	2.440000000000e+02	1.165615973297e-01	9.756767700453e-01	1.856562264562e-01	9.918692016602e+01	1.254351082025e-05
245	2.450000000000e+02	8.012085624590e-02	9.842254111177e-01	1.577370866495e-01	9.916076660156e+01	1.255147253687e-05
246	2.460000000000e+02	4.455425548885e-02	9.906068824748e-01	1.292784696362e-01	9.913349914551e+01	1.255365350517e-05
247	2.470000000000e+02	8.769160667706e-03	9.948270621512e-01	1.012038449508e-01	9.910727691650e+01	1.256738778466e-05
248	2.480000000000e+02	-2.615477479430e-02	9.969993755623e-01	7.285720886624e-02	9.908869171143e+01	1.258237898583e-05
249	2.490000000000e+02	-6.049844298853e-02	9.971748472166e-01	4.452260633181e-02	9.906623840332e+01	1.259323835257e-05
250	2.500000000000e+02	-9.529220516525e-02	9.953107646251e-01	1.660955917702e-02	9.905577087402e+01	1.261371653527e-05
251	2.510000000000e+02	-1.286468968008e-01	9.916135803084e-01	-1.234841251158e-02	9.902960968018e+01	1.263391368411e-05
252	2.520000000000e+02	-1.612108408470e-01	9.860981031766e-01	-4.026904151898e-02	9.900645446777e+01	1.263840385946e-05
253	2.530000000000e+02	-1.923699038253e-01	9.788989769707e-01	-6.892469069918e-02	9.897818756104e+01	1.263262947759e-05
254	2.540000000000e+02	-2.238389790998e-01	9.697905663306e-01	-9.696581300519e-02	9.897684478760e+01	1.263754074898e-05
255	2.550000000000e+02	-2.529534879578e-01	9.593271103884e-01	-1.253236937050e-01	9.894954681396e+01	1.265458013222e-05
256	2.560000000000e+02	-2.814555016377e-01	9.473066259423e-01	-1.529475630524e-01	9.893508911133e+01	1.265164883080e-05
257	2.570000000000e+02	-3.082356321668e-01	9.339965972718e-01	-1.806686230295e-01	9.890763092041e+01	1.265231912839e-05
258	2.580000000000e+02	-3.336242691494e-01	9.194228438227e-01	-2.082221921205e-01	9.889843750000e+01	1.266796607524e-05
259	2.590000000000e+02	-3.571640962383e-01	9.038925123420e-01	-2.353978217620e-01	9.888240051270e+01	1.267467268917e-05
260	2.600000000000e+02	-3.781054725924e-01	8.878105162500e-01	-2.623523181366e-01	9.883609771729e+01	1.268162213819e-05
261	2.610000000000e+02	-3.982367134769e-01	8.705496157993e-01	-2.890517020723e-01	9.882733154297e+01	1.270358461625e-05
262	2.620000000000e+02	-4.169025135904e-01	8.523943157756e-01	-3.156203805135e-01	9.879477691650e+01	1.271518794965e-05
263	2.630000000000e+02	-4.345372732049e-01	8.334435188350e-01	-3.413931152024e-01	9.877288818359e+01	1.274804799323e-05
264	2.640000000000e+02	-4.498202663947e-01	8.140653305615e-01	-3.673681607303e-01	9.875918579102e+01	1.275402155443e-05
265	2.650000000000e+02	-4.644899861605e-01	7.940176024155e-01	-3.921544336240e-01	9.874860382080e+01	1.275373415410e-05
266	2.660000000000e+02	-4.756590186390e-01	7.745769430948e-01	-4.168681532731e-01	9.869410705566e+01	1.276425882679e-05
267	2.670000000000e+02	-4.874030274720e-01	7.540248556132e-01	-4.403235241600e-01	9.870855712891e+01	1.277733917959e-05
268	2.680000000000e+02	-4.959461196970e-01	7.338797764987e-01	-4.641744499687e-01	9.867549133301e+01	1.277805404243e-05
269	2.690000000000e+02	-5.043374949161e-01	7.134577677939e-01	-4.864377707336e-01	9.866689300537e+01	1.277203591599e-05
270	2.700000000000e+02	-5.104518214507e-01	6.932445335530e-01	-5.087739720903e-01	9.863452911377e+01	1.278404943150e-05
271	2.710000000000e+02	-5.144731560635e-01	6.736146284221e-01	-5.306229396340e-01	9.861278533936e+01	1.276361672353e-05
272	2.720000000000e+02	-5.172907614365e-01	6.542173661591e-01	-5.517335461510e-01	9.857524108887e+01	1.274487294722e-05
273	2.730000000000e+02	-5.201021367653e-01	6.348363504079e-01	-5.713812873493e-01	9.866947174072e+01	1.277734554606e-05
274	2.740000000000e+02	-5.197977249940e-01	6.166306224232e-01	-5.912503704701e-01	9.861596679688e+01	1.275471640838e-05
275	2.750000000000e+02	-5.188176058387e-01	5.993596929710e-01	-6.095869505768e-01	9.863611602783e+01	1.276241619053e-05
276	2.760000000000e+02	-5.152297640165e-01	5.833986415049e-01	-6.278409952860e-01	9.859815216064e+01	1.279962543776e-05
277	2.770000000000e+02	-5.121531608423e-01	5.675300967865e-01	-6.446772286041e-01	9.860702514648e+01	1.280700325879e-05
278	2.780000000000e+02	-5.072862646832e-01	5.530032287231e-01	-6.609448348278e-01	9.860701751709e+01	1.283010260522e-05
279	2.790000000000e+02	-5.015103798373e-01	5.394636378433e-01	-6.763625672376e-01	9.858694458008e+01	1.281752975046e-05
280	2.800000000000e+02	-4.948237831481e-01	5.268424782557e-01	-6.910762814164e-01	9.855416107178e+01	1.278853687836e-05
281	2.810000000000e+02	-4.888384426648e-01	5.145746516321e-01	-7.044500726601e-01	9.859810638428e+01	1.278836043639e-05
282	2.820000000000e+02	-4.807069110406e-01	5.043826140016e-01	-7.172998287821e-01	9.856809234619e+01	1.280469768972e-05
283	2.830000000000e+02	-4.729357105827e-01	4.942787866595e-01	-7.293972132618e-01	9.854721832275e+01	1.277006595046e-05
284	2.840000000000e+02	-4.639451881892e-01	4.867372024873e-01	-7.401633320227e-01	9.853223419189e+01	1.283233905269e-05
285	2.850000000000e+02	-4.558868514771e-01	4.799427542518e-01	-7.495479512957e-01	9.854122924805e+01	1.279177649849e-05
286	2.860000000000e+02	-4.466144485408e-01	4.742086289159e-01	-7.587237380077e-01	9.852281188965e+01	1.279102616536e-05
287	2.870000000000e+02	-4.375221914376e-01	4.693843113773e-01	-7.669763361620e-01	9.851367187500e+01	1.279740627069e-05
288	2.880000000000e+02	-4.285784676555e-01	4.658296708589e-01	-7.741596830174e-01	9.851816558838e+01	1.279164916923e-05
289	2.890000000000e+02	-4.184536728546e-01	4.649064322900e-01	-7.802297949258e-01	9.846883392334e+01	1.281198001379e-05
290	2.900000000000e+02	-4.110597817183e-01	4.640888286408e-01	-7.846345741710e-01	9.853659057617e+01	1.281453660340e-05
291	2.910000000000e+02	-3.991116002718e-01	4.654953171045e-01	-7.899519227664e-01	9.853767395020e+01	1.285281541641e-05
292	2.920000000000e+02	-3.912048991609e-01	4.679083230368e-01	-7.924774622066e-01	9.855010986328e+01	1.287102895731e-05
293	2.930000000000e+02	-3.768087435671e-01	4.726865809365e-01	-7.966069086908e-01	9.851210021973e+01	1.289245847147e-05
294	2.940000000000e+02	-3.716833646496e-01	4.780279180366e-01	-7.958271081210e-01	9.850595855713e+01	1.289489409828e-05
295	2.950000000000e+02	-3.669834355779e-01	4.846978567785e-01	-7.939717536826e-01	9.850194549561e+01	1.291491662414e-05
296	2.960000000000e+02	-3.641731581564e-01	4.914853060345e-01	-7.910879248419e-01	9.852468872070e+01	1.290741056437e-05
297	2.970000000000e+02	-3.609157508686e-01	4.997449016924e-01	-7.873975196858e-01	9.849391174316e+01	1.290763430006e-05
298	2.980000000000e+02	-3.588643350887e-01	5.076748576352e-01	-7.832513184964e-01	9.844863128662e+01	1.289536339755e-05
299	2.990000000000e+02	-3.585132604049e-01	5.168395473623e-01	-7.773963753429e-01	9.844972991943e+01	1.290069940296e-05
300	3.000000000000e+02	-3.600912294343e-01	5.257006535206e-01	-7.706965222268e-01	9.846089935303e+01	1.290260479436e-05
301	3.010000000000e+02	-3.625159460583e-01	5.348612674736e-01	-7.632205535820e-01	9.845417022705e+01	1.290236650675e-05
302	3.020000000000e+02	-3.668673845755e-01	5.443218594707e-01	-7.544017732198e-01	9.848862457275e+01	1.290258114750e-05
303	3.030000000000e+02	-3.713275537641e-01	5.540470054766e-01	-7.450823870808e-01	9.847337341309e+01	1.293543573411e-05
304	3.040000000000e+02	-3.783497191109e-01	5.639075467739e-01	-7.340706837493e-01	9.851750183105e+01	1.293754394283e-05
305	3.050000000000e+02	-3.860343726908e-01	5.729421673647e-01	-7.229901354491e-01	9.850266265869e+01	1.290492946282e-05
306	3.060000000000e+02	-3.949903017078e-01	5.824717420393e-01	-7.104289769445e-01	9.851088714600e+01	1.290863838221e-05
307	3.070000000000e+02	-4.050185442616e-01	5.914715476053e-01	-6.972240580887e-01	9.851031494141e+01	1.290477393923e-05
308	3.080000000000e+02	-4.164242368204e-01	5.997027004731e-01	-6.833355881511e-01	9.853281402588e+01	1.293322929996e-05
309	3.090000000000e+02	-4.299113997758e-01	6.067117983027e-01	-6.686381548663e-01	9.856475067139e+01	1.293498280575e-05
310	3.100000000000e+02	-4.439923563507e-01	6.137284108717e-01	-6.528462492739e-01	9.860739135742e+01	1.292132310482e-05
311	3.110000000000e+02	-4.585865516856e-01	6.196554530549e-01	-6.369658500362e-01	9.858927917480e+01	1.291277203563e-05
312	3.120000000000e+02	-4.744626764980e-01	6.249215409290e-01	-6.199663186765e-01	9.861619567871e+01	1.292798242503e-05
313	3.130000000000e+02	-4.918789763841e-01	6.285427129267e-01	-6.024857928765e-01	9.863496398926e+01	1.292588240176e-05
314	3.140000000000e+02	-5.099942384970e-01	6.314243612068e-01	-5.841311092336e-01	9.861889648438e+01	1.293483182963e-05
315	3.150000000000e+02	-5.290051193439e-01	6.329766769760e-01	-5.652381003722e-01	9.863252258301e+01	1.293631612498e-05
316	3.160000000000e+02	-5.497357941717e-01	6.329241242326e-01	-5.451583344046e-01	9.865850830078e+01	1.293151763093e-05
317	3.170000000000e+02	-5.711360208147e-01	6.314669750455e-01	-5.244550554193e-01	9.871479034424e+01	1.292916749662e-05
318	3.180000000000e+02	-5.926752272051e-01	6.285484978641e-01	-5.036495417353e-01	9.873619842529e+01	1.290936052101e-05
319	3.190000000000e+02	-6.152473557761e-01	6.240837065439e-01	-4.816536291122e-01	9.880290985107e+01	1.289418833039e-05
320	3.200000000000e+02	-6.373596318794e-01	6.184686239718e-01	-4.596403602959e-01	9.886280059814e+01	1.286657334276e-05
321	3.210000000000e+02	-6.598714974487e-01	6.115147253214e-01	-4.365997567222e-01	9.889485931396e+01	1.285319649469e-05
322	3.220000000000e+02	-6.826420005028e-01	6.024474748499e-01	-4.135903035573e-01	9.895016479492e+01	1.284836980631e-05
323	3.230000000000e+02	-7.047211533357e-01	5.922372460804e-01	-3.906701171018e-01	9.898022460938e+01	1.285299185838e-05
324	3.240000000000e+02	-7.270136473451e-01	5.802280297245e-01	-3.671329324590e-01	9.897078704834e+01	1.285447524424e-05
325	3.250000000000e+02	-7.495519251702e-01	5.662067992074e-01	-3.429019860032e-01	9.899144744873e+01	1.285612233914e-05
326	3.260000000000e+02	-7.718083228207e-01	5.504616434498e-01	-3.182827232434e-01	9.899754333496e+01	1.286914448428e-05
327	3.270000000000e+02	-7.937167243359e-01	5.329286911477e-01	-2.932588816404e-01	9.902734375000e+01	1.286013866775e-05
328	3.280000000000e+02	-8.155907180631e-01	5.129501497984e-01	-2.677572117258e-01	9.909335327148e+01	1.285519465455e-05
329	3.290000000000e+02	-8.367002168283e-01	4.916593740482e-01	-2.412546519137e-01	9.919099426270e+01	1.288832299906e-05
330	3.300000000000e+02	-8.570121707418e-01	4.679916857583e-01	-2.156708632650e-01	9.934957885742e+01	1.287815848627e-05
331	3.310000000000e+02	-8.758464185467e-01	4.438377950036e-01	-1.894757579357e-01	9.943212890625e+01	1.286525730393e-05
332	3.320000000000e+02	-8.937825588832e-01	4.179005348460e-01	-1.628246922663e-01	9.951998138428e+01	1.284665904677e-05
333	3.330000000000e+02	-9.103788104711e-01	3.906822248546e-01	-1.363004791918e-01	9.960858917236e+01	1.284126938117e-05
334	3.340000000000e+02	-9.259764153929e-01	3.613161015388e-01	-1.096282486631e-01	9.971488952637e+01	1.282356788579e-05
335	3.350000000000e+02	-9.397340261583e-01	3.318543092904e-01	-8.229627868716e-02	9.974945068359e+01	1.283335313929e-05
336	3.360000000000e+02	-9.523759103003e-01	2.997903205115e-01	-5.573050517795e-02	9.989330291748e+01	1.284153404413e-05
337	3.370000000000e+02	-9.631004794240e-01	2.676541369745e-01	-2.826180273108e-02	9.992164611816e+01	1.285392409045e-05
338	3.380000000000e+02	-9.720922921961e-01	2.345925609938e-01	-1.704634622788e-03	9.999832153320e+01	1.286154929403e-05
339	3.390000000000e+02	-9.796732683281e-01	1.991274097861e-01	2.426029668435e-02	1.000523681641e+02	1.283613983105e-05
340	3.400000000000e+02	-9.851324172733e-01	1.641243597924e-01	5.076726267968e-02	1.000146789551e+02	1.282471384911e-05
341	3.410000000000e+02	-9.888664195872e-01	1.271693122583e-01	7.727334749194e-02	1.001381530762e+02	1.278946547245e-05
342	3.420000000000e+02	-9.907822043513e-01	8.796097625877e-02	1.030217947638e-01	1.002874450684e+02	1.274168425880e-05
343	3.430000000000e+02	-9.902573620829e-01	5.021942752829e-02	1.298782735461e-01	1.003837738037e+02	1.273619091080e-05
344	3.440000000000e+02	-9.874357041217e-01	1.171770581912e-02	1.575862481184e-01	1.004795761108e+02	1.271973360417e-05
345	3.450000000000e+02	-9.825374119952e-01	-2.697978521695e-02	1.840986833722e-01	1.006127243042e+02	1.270829488931e-05
346	3.460000000000e+02	-9.753501274294e-01	-6.578725981599e-02	2.106280260775e-01	1.006004791260e+02	1.269141739613e-05
347	3.470000000000e+02	-9.659002238580e-01	-1.046983960738e-01	2.368016119258e-01	1.007337722778e+02	1.266986782866e-05
348	3.480000000000e+02	-9.539528770681e-01	-1.436750602947e-01	2.633085364791e-01	1.008895416260e+02	1.265729952138e-05
349	3.490000000000e+02	-9.398980871599e-01	-1.808807425708e-01	2.896096385138e-01	1.008952178955e+02	1.262806927116e-05
350	3.500000000000e+02	-9.234358394720e-01	-2.188010858531e-01	3.152654995527e-01	1.009835205078e+02	1.260826320504e-05
351	3.510000000000e+02	-9.047753862658e-01	-2.559135154105e-01	3.404258701066e-01	1.011208877563e+02	1.262856949324e-05
352	3.520000000000e+02	-8.844606150923e-01	-2.912816175374e-01	3.645331804312e-01	1.014680709839e+02	1.260167573491e-05
353	3.530000000000e+02	-8.612853829859e-01	-3.281360969611e-01	3.879615843430e-01	1.015971145630e+02	1.257576241187e-05
354	3.540000000000e+02	-8.368136447107e-01	-3.607202883676e-01	4.118540974496e-01	1.016383132935e+02	1.258100564883e-05
355	3.550000000000e+02	-8.093197727978e-01	-3.947604433241e-01	4.349318311473e-01	1.016588287354e+02	1.256324685528e-05
356	3.560000000000e+02	-7.802353139268e-01	-4.267218715723e-01	4.573196903956e-01	1.016358947754e+02	1.256185623788e-05
357	3.570000000000e+02	-7.493112699722e-01	-4.584256704767e-01	4.778896581227e-01	1.018147125244e+02	1.252613401448e-05
358	3.580000000000e+02	-7.162537419574e-01	-4.875374457799e-01	4.992873081648e-01	1.018485565186e+02	1.251394132851e-05
359	3.590000000000e+02	-6.805857916736e-01	-5.156163333509e-01	5.205216392752e-01	1.020804443359e+02	1.249479464605e-05
360	3.600000000000e+02	-6.427752506234e-01	-5.423713359577e-01	5.409928937772e-01	1.020644912720e+02	1.248409171239e-05
