# Filename: 164940_polarimeter_vs_wheel.dat
# Timestamp: Mon May 20 16:49:40 2019

# Column 1:
#	name: measurement point
#	size: 0
#	type: coordinate
# Column 2:
#	name: angle
#	type: value
# Column 3:
#	name: S1
#	type: value
# Column 4:
#	name: S2
#	type: value
# Column 5:
#	name: S3
#	type: value
# Column 6:
#	name: DOP
#	type: value
# Column 7:
#	name: power
#	type: value

0	0.000000000000e+00	9.999320935384e-01	1.068362686018e-02	4.654935982192e-03	1.022874679565e+02	6.080968432798e-06
1	1.000000000000e+00	9.999463980717e-01	9.991494637014e-03	2.714961959566e-03	1.027212677002e+02	6.107205990702e-06
2	2.000000000000e+00	9.999611153609e-01	8.282699363064e-03	3.027318517863e-03	1.030710525513e+02	6.112347364251e-06
3	3.000000000000e+00	9.999592316532e-01	8.985565159493e-03	-8.914315492634e-04	1.034897537231e+02	6.147380190669e-06
4	4.000000000000e+00	9.999442529989e-01	1.038929370940e-02	1.885065186251e-03	1.028211975098e+02	6.130300789664e-06
5	5.000000000000e+00	9.999002016177e-01	1.051615193119e-02	9.433840868450e-03	1.028867111206e+02	6.070890776755e-06
6	6.000000000000e+00	9.999529078385e-01	9.687560329552e-03	5.773043075471e-04	1.031963424683e+02	6.103926352807e-06
7	7.000000000000e+00	9.999393165443e-01	1.101226321564e-02	-3.054303400002e-04	1.031401748657e+02	6.080830644350e-06
8	8.000000000000e+00	9.999653616007e-01	8.264494905550e-03	-9.867739095632e-04	1.032818603516e+02	6.011373443471e-06
9	9.000000000000e+00	9.999354828289e-01	1.076472921240e-02	3.626401082997e-03	1.027566452026e+02	5.888972282264e-06
10	1.000000000000e+01	9.999638540468e-01	8.305968770038e-03	-1.816998260370e-03	1.032225418091e+02	5.758992301708e-06
11	1.100000000000e+01	9.999445531637e-01	1.031764784504e-02	-2.106357307087e-03	1.031938705444e+02	5.810783932247e-06
12	1.200000000000e+01	9.999555426978e-01	9.221934092584e-03	-1.966865431798e-03	1.030900268555e+02	5.727831648983e-06
13	1.300000000000e+01	9.999714707327e-01	7.459975005391e-03	-1.185956850122e-03	1.031308975220e+02	5.624492587231e-06
14	1.400000000000e+01	9.999327413351e-01	1.131833770847e-02	-2.531410194922e-03	1.028092193604e+02	5.552082257054e-06
15	1.500000000000e+01	9.999393824864e-01	1.049450964453e-02	-3.331158954457e-03	1.030115203857e+02	5.445126134873e-06
16	1.600000000000e+01	9.999337916889e-01	1.077055256645e-02	-4.050609347642e-03	1.031350173950e+02	5.330400199455e-06
17	1.700000000000e+01	9.999133320554e-01	1.288319143880e-02	-2.711412218167e-03	1.027376785278e+02	5.144870101503e-06
18	1.800000000000e+01	9.999484943557e-01	8.895463754731e-03	-4.886651246032e-03	1.034170684814e+02	4.997381893190e-06
19	1.900000000000e+01	9.999433655347e-01	8.940479638610e-03	-5.773521196054e-03	1.032143325806e+02	4.888592684438e-06
20	2.000000000000e+01	9.999412194366e-01	9.594937573540e-03	-5.049241985888e-03	1.032267074585e+02	4.768578946823e-06
21	2.100000000000e+01	9.999371618616e-01	3.991544812265e-03	-1.047568127228e-02	1.030977706909e+02	4.661668299377e-06
22	2.200000000000e+01	9.999447188217e-01	7.671253203125e-03	-7.191048249920e-03	1.033974456787e+02	4.578000243782e-06
23	2.300000000000e+01	9.999729288179e-01	4.471619936278e-03	-5.843478969051e-03	1.035942230225e+02	4.441190412763e-06
24	2.400000000000e+01	9.999186952817e-01	1.066583969015e-02	-6.988754520917e-03	1.030392837524e+02	4.332584012445e-06
25	2.500000000000e+01	9.997178419338e-01	2.199794429370e-02	-8.962531233365e-03	1.024381103516e+02	4.217928562866e-06
26	2.600000000000e+01	9.999916510012e-01	3.679908852078e-03	-1.776569381670e-03	1.033277053833e+02	4.094490577700e-06
27	2.700000000000e+01	9.998226605712e-01	1.792906251194e-02	-5.761607909517e-03	1.029043045044e+02	4.037252892886e-06
28	2.800000000000e+01	9.998927607935e-01	7.262345673096e-03	-1.271712420960e-02	1.035106658936e+02	3.895809186361e-06
29	2.900000000000e+01	9.998969475117e-01	1.037175477926e-02	-9.925777529399e-03	1.030371017456e+02	3.745867388716e-06
30	3.000000000000e+01	9.999654871014e-01	6.435193169294e-03	-5.254797322715e-03	1.033712692261e+02	3.634147560660e-06
31	3.100000000000e+01	9.998330677317e-01	1.242666203069e-02	-1.339457879391e-02	1.024318389893e+02	3.545540039340e-06
32	3.200000000000e+01	9.999014140008e-01	8.158350378873e-03	-1.142819313606e-02	1.031177978516e+02	3.430144261074e-06
33	3.300000000000e+01	9.999307884506e-01	5.119184827222e-03	-1.059302861841e-02	1.028476486206e+02	3.377723714948e-06
34	3.400000000000e+01	9.999197147632e-01	6.010054678544e-03	-1.115541440798e-02	1.032622985840e+02	3.267294232501e-06
35	3.500000000000e+01	9.999549131736e-01	1.119853556320e-03	-9.429610167516e-03	1.031714096069e+02	2.960711071864e-06
36	3.600000000000e+01	9.999595743959e-01	1.901126747181e-03	-8.788361116914e-03	1.030655593872e+02	2.920650786109e-06
37	3.700000000000e+01	9.999647158834e-01	2.140024372072e-03	-8.123255744616e-03	1.029259262085e+02	2.883853085223e-06
38	3.800000000000e+01	9.999484879711e-01	2.182545301611e-03	-9.912512310846e-03	1.027349243164e+02	2.861341727112e-06
39	3.900000000000e+01	9.999564781951e-01	7.667375519593e-07	-9.329614948157e-03	1.038228225708e+02	2.864081579901e-06
40	4.000000000000e+01	9.999785899872e-01	1.473447916404e-03	-6.375619071223e-03	1.027746963501e+02	2.834170118149e-06
41	4.100000000000e+01	9.999626032358e-01	-1.892457603369e-04	-8.646173483252e-03	1.025673751831e+02	2.858032075892e-06
42	4.200000000000e+01	9.999239182003e-01	-1.012253802150e-02	-7.049257761775e-03	1.034981536865e+02	2.863229383365e-06
43	4.300000000000e+01	9.999828956740e-01	-4.506728353059e-03	-3.727969823221e-03	1.033578491211e+02	2.884184368668e-06
44	4.400000000000e+01	9.999821232887e-01	-3.937261982163e-03	-4.500118999618e-03	1.032888259888e+02	2.898519369410e-06
45	4.500000000000e+01	9.999693006481e-01	-4.538495693053e-03	-6.387473537725e-03	1.038706207275e+02	2.958515096907e-06
46	4.600000000000e+01	9.999647283733e-01	-8.251511535940e-03	1.566705689406e-03	1.032899475098e+02	3.018230700036e-06
47	4.700000000000e+01	9.999905488263e-01	-4.167728337619e-03	-1.237860495266e-03	1.031471862793e+02	3.113123739240e-06
48	4.800000000000e+01	9.999969000147e-01	-2.421920915682e-03	-5.781523447614e-04	1.032582321167e+02	3.155620561301e-06
49	4.900000000000e+01	9.999944687767e-01	-2.038299625297e-03	2.628259990848e-03	1.032044372559e+02	3.248915163567e-06
50	5.000000000000e+01	9.999635866972e-01	-2.763126159844e-03	8.074058057699e-03	1.032520751953e+02	3.331287416586e-06
51	5.100000000000e+01	9.999775527795e-01	-6.623045669452e-03	1.014496518378e-03	1.037243652344e+02	3.398966782697e-06
52	5.200000000000e+01	9.999908180592e-01	-1.865082053168e-03	3.858142848398e-03	1.032571716309e+02	3.508971985866e-06
53	5.300000000000e+01	9.999885258662e-01	-3.943724577030e-03	-2.719406613376e-03	1.034708786011e+02	3.657367869891e-06
54	5.400000000000e+01	9.999926002206e-01	1.483839620030e-03	3.549327252452e-03	1.027800903320e+02	3.763222821362e-06
55	5.500000000000e+01	9.999938001800e-01	3.405111354337e-04	3.504804365367e-03	1.031064071655e+02	3.880461918015e-06
56	5.600000000000e+01	9.997796671708e-01	-2.034956375212e-02	5.149016122971e-03	1.051717910767e+02	3.981841473433e-06
57	5.700000000000e+01	9.999565493583e-01	1.924127425595e-03	9.121246024953e-03	1.024253158569e+02	4.159469881415e-06
58	5.800000000000e+01	9.999438367747e-01	4.962615239525e-03	9.364600698551e-03	1.019925308228e+02	4.311046268413e-06
59	5.900000000000e+01	9.999663876326e-01	-2.363555323170e-03	7.850936965025e-03	1.034496841431e+02	4.425166480360e-06
60	6.000000000000e+01	9.999000774579e-01	-1.049160975634e-02	9.474240048884e-03	1.043180541992e+02	4.552990048978e-06
61	6.100000000000e+01	9.999452830119e-01	1.794770262604e-03	1.030581301503e-02	1.028787078857e+02	4.737972631119e-06
62	6.200000000000e+01	9.999280187083e-01	-5.013453249733e-03	1.090058203446e-02	1.032617416382e+02	4.830999841943e-06
63	6.300000000000e+01	9.999264436157e-01	3.699098921194e-03	1.155093179293e-02	1.032535781860e+02	5.026332473790e-06
64	6.400000000000e+01	9.999379319885e-01	4.052699477104e-03	1.037823672025e-02	1.034804306030e+02	5.210069048189e-06
65	6.500000000000e+01	9.998656073173e-01	1.464923756998e-02	7.359833059835e-03	1.031994934082e+02	5.416216026788e-06
66	6.600000000000e+01	9.999259169435e-01	5.401195844128e-03	1.090814870713e-02	1.033759841919e+02	5.503000920726e-06
67	6.700000000000e+01	9.999293322122e-01	6.518047176886e-03	9.942114592351e-03	1.036841201782e+02	5.600014446827e-06
68	6.800000000000e+01	9.999398318927e-01	4.899774582062e-03	9.814520031983e-03	1.034696273804e+02	5.735130798712e-06
69	6.900000000000e+01	9.999261184216e-01	9.880066893258e-03	7.081099947244e-03	1.033731155396e+02	5.901960776100e-06
70	7.000000000000e+01	9.999249442180e-01	6.440296891873e-03	1.042250001657e-02	1.033462753296e+02	6.003918770148e-06
71	7.100000000000e+01	9.999012839956e-01	8.989813083114e-03	1.079840380614e-02	1.033458404541e+02	6.137609034340e-06
72	7.200000000000e+01	9.998188483716e-01	1.520540214327e-02	1.144841415236e-02	1.031749725342e+02	6.390890121111e-06
73	7.300000000000e+01	9.998980011759e-01	9.783944911687e-03	1.040488665779e-02	1.037139892578e+02	6.450466571550e-06
74	7.400000000000e+01	9.998880833624e-01	1.006005244634e-02	1.107321519272e-02	1.035125122070e+02	6.577093245141e-06
75	7.500000000000e+01	9.998638705829e-01	9.824856043871e-03	1.325565942432e-02	1.029681930542e+02	6.688138910249e-06
76	7.600000000000e+01	9.998144884369e-01	1.307479510283e-02	1.414349478302e-02	1.028649673462e+02	6.805390967202e-06
77	7.700000000000e+01	9.998120271344e-01	1.305259040234e-02	1.433667608690e-02	1.029807205200e+02	6.902812401677e-06
78	7.800000000000e+01	9.998575105341e-01	1.124310083768e-02	1.259171600939e-02	1.032500457764e+02	6.980931630096e-06
79	7.900000000000e+01	9.997990604382e-01	1.262352201863e-02	1.557194396266e-02	1.026681060791e+02	6.959811344132e-06
80	8.000000000000e+01	9.998189490731e-01	1.392815531340e-02	1.296439601300e-02	1.032040634155e+02	7.112177627278e-06
81	8.100000000000e+01	9.998651377287e-01	1.236542808670e-02	1.080752252014e-02	1.038447570801e+02	7.083468517521e-06
82	8.200000000000e+01	9.998110000013e-01	1.320349353509e-02	1.426996968592e-02	1.032534790039e+02	7.171878678491e-06
83	8.300000000000e+01	9.998190664894e-01	1.419256751478e-02	1.266512185532e-02	1.033533020020e+02	7.166317573137e-06
84	8.400000000000e+01	9.997881698621e-01	1.456632511728e-02	1.454089324395e-02	1.025453262329e+02	7.214953257062e-06
85	8.500000000000e+01	9.998397274059e-01	1.632209373631e-02	7.355865473332e-03	1.035014495850e+02	7.229292805278e-06
86	8.600000000000e+01	9.997166424059e-01	1.952765471309e-02	1.361269988506e-02	1.030448303223e+02	7.270113201230e-06
87	8.700000000000e+01	9.996293979572e-01	2.357527987738e-02	1.361149949320e-02	1.026443252563e+02	7.261067366926e-06
88	8.800000000000e+01	9.997198863039e-01	1.744834039616e-02	1.599075814229e-02	1.031808471680e+02	7.102955351002e-06
89	8.900000000000e+01	9.996957159808e-01	1.641987506080e-02	1.840823600107e-02	1.031315612793e+02	7.160718269006e-06
90	9.000000000000e+01	9.998035873112e-01	1.762863368817e-02	9.056383046587e-03	1.035394744873e+02	7.037724117254e-06
91	9.100000000000e+01	9.997290842184e-01	1.820336987255e-02	1.450501613388e-02	1.030719528198e+02	7.020055818430e-06
92	9.200000000000e+01	9.997151004441e-01	1.702505871920e-02	1.672917570399e-02	1.033976440430e+02	6.829383437434e-06
93	9.300000000000e+01	9.997112821123e-01	1.723218028975e-02	1.674527933074e-02	1.032381744385e+02	6.769713763788e-06
94	9.400000000000e+01	9.998988008906e-01	7.260482250415e-03	1.223410703777e-02	1.059825210571e+02	6.710014076816e-06
95	9.500000000000e+01	9.998388320304e-01	1.252794156504e-02	1.285926296989e-02	1.040450057983e+02	6.579298315046e-06
96	9.600000000000e+01	9.998330370379e-01	1.298551150636e-02	1.285591452969e-02	1.033633270264e+02	6.493868113466e-06
97	9.700000000000e+01	9.996975784782e-01	1.869896411977e-02	1.597186043465e-02	1.030611343384e+02	6.328249583021e-06
98	9.800000000000e+01	9.997182289089e-01	1.947785054388e-02	1.356746569438e-02	1.033164138794e+02	6.258955636440e-06
99	9.900000000000e+01	9.997450027217e-01	1.911223817852e-02	1.202713119344e-02	1.030419540405e+02	6.118691089796e-06
100	1.000000000000e+02	9.996872721350e-01	2.084566038950e-02	1.381363001763e-02	1.027203903198e+02	5.969045560050e-06
101	1.010000000000e+02	9.996012865123e-01	2.009378728850e-02	1.983702889223e-02	1.035833206177e+02	5.817776127515e-06
102	1.020000000000e+02	9.995622458481e-01	2.299952297429e-02	1.861017512156e-02	1.025697555542e+02	5.694279025192e-06
103	1.030000000000e+02	9.995603210884e-01	2.410694263552e-02	1.726325063384e-02	1.037386245728e+02	5.527900157176e-06
104	1.040000000000e+02	9.997443025779e-01	2.000974507854e-02	1.053278524194e-02	1.035973739624e+02	5.368468009692e-06
105	1.050000000000e+02	9.992780988509e-01	2.716910328603e-02	2.655411425110e-02	1.023579025269e+02	5.240106929705e-06
106	1.060000000000e+02	9.996099770301e-01	2.043323910505e-02	1.903619083724e-02	1.031028823853e+02	5.003360456612e-06
107	1.070000000000e+02	9.996842757575e-01	1.828802836965e-02	1.723069417150e-02	1.035379714966e+02	4.858241936745e-06
108	1.080000000000e+02	9.995104519791e-01	2.351799281736e-02	2.063396225655e-02	1.032435989380e+02	4.713634098152e-06
109	1.090000000000e+02	9.995578803435e-01	2.292336198031e-02	1.893576823732e-02	1.034067153931e+02	4.559624358080e-06
110	1.100000000000e+02	9.995743283330e-01	1.836719037421e-02	2.266734336850e-02	1.032694473267e+02	4.357835678093e-06
111	1.110000000000e+02	9.993871122378e-01	2.571174576040e-02	2.375512624381e-02	1.030439987183e+02	4.191612788418e-06
112	1.120000000000e+02	9.994296011069e-01	2.275341471094e-02	2.495505059498e-02	1.030763015747e+02	3.980007022619e-06
113	1.130000000000e+02	9.994185145528e-01	2.460933376964e-02	2.360113260935e-02	1.033486480713e+02	3.856227976939e-06
114	1.140000000000e+02	9.992006342407e-01	2.561922177565e-02	3.068791307017e-02	1.031341705322e+02	3.655456794149e-06
115	1.150000000000e+02	9.993595232708e-01	2.427327554222e-02	2.629356085307e-02	1.031796264648e+02	3.476164010863e-06
116	1.160000000000e+02	9.995835743039e-01	2.038120051389e-02	2.042754629115e-02	1.033530197144e+02	3.348170594109e-06
117	1.170000000000e+02	9.993554917912e-01	2.472066886111e-02	2.602862958111e-02	1.031560745239e+02	3.150693601128e-06
118	1.180000000000e+02	9.994002233368e-01	2.201622543346e-02	2.672974769715e-02	1.035952377319e+02	3.011084118043e-06
119	1.190000000000e+02	9.993730897522e-01	2.338781259376e-02	2.657889578600e-02	1.032372741699e+02	2.865538817787e-06
120	1.200000000000e+02	9.993305651309e-01	2.147787799914e-02	2.961625148005e-02	1.032308502197e+02	2.743408913375e-06
121	1.210000000000e+02	9.991075471402e-01	2.242648605476e-02	3.579332299095e-02	1.027479171753e+02	2.460186806275e-06
122	1.220000000000e+02	9.993766521139e-01	2.131081130469e-02	2.814527546908e-02	1.029709243774e+02	2.348441057620e-06
123	1.230000000000e+02	9.993137736511e-01	1.599166008165e-02	3.341030677839e-02	1.033778076172e+02	2.221295289928e-06
124	1.240000000000e+02	9.990854835789e-01	1.910916020474e-02	3.824966010544e-02	1.032167282104e+02	2.167889306293e-06
125	1.250000000000e+02	9.990693465762e-01	2.620054691929e-02	3.426327586341e-02	1.019738616943e+02	2.084735797325e-06
126	1.260000000000e+02	9.992620870456e-01	1.176001312658e-02	3.656478475935e-02	1.036739730835e+02	2.005794158322e-06
127	1.270000000000e+02	9.990178476453e-01	1.866004072156e-02	4.018884131605e-02	1.026674346924e+02	1.955951347554e-06
128	1.280000000000e+02	9.991020865656e-01	1.079851964700e-02	4.096843411277e-02	1.030696105957e+02	1.895263608276e-06
129	1.290000000000e+02	9.991766867320e-01	1.119684795477e-02	3.899460587232e-02	1.029204559326e+02	1.839453830144e-06
130	1.300000000000e+02	9.994193363118e-01	6.406062483246e-03	3.346569242627e-02	1.034438858032e+02	1.822158992582e-06
131	1.310000000000e+02	9.991576710138e-01	1.759055668853e-02	3.707452993069e-02	1.038072891235e+02	1.833706846810e-06
132	1.320000000000e+02	9.992806723860e-01	1.333044732663e-03	3.789935075415e-02	1.032356719971e+02	1.821357841436e-06
133	1.330000000000e+02	9.993425852078e-01	3.327747718867e-03	3.610157178371e-02	1.031567993164e+02	1.812259711187e-06
134	1.340000000000e+02	9.994688636036e-01	4.316141200367e-03	3.230110852617e-02	1.026401367188e+02	1.858168388935e-06
135	1.350000000000e+02	9.994206350892e-01	-9.382993246901e-03	3.271625888696e-02	1.039657211304e+02	1.871033191492e-06
136	1.360000000000e+02	9.994422488404e-01	-1.966532758011e-04	3.339390004715e-02	1.034778594971e+02	1.911765139084e-06
137	1.370000000000e+02	9.996176731321e-01	-3.456067467322e-03	2.743288464056e-02	1.034542160034e+02	1.984010623346e-06
138	1.380000000000e+02	9.996571214025e-01	8.128994564844e-04	2.617210010348e-02	1.032672653198e+02	2.019840621870e-06
139	1.390000000000e+02	9.995729672305e-01	-4.442440617772e-03	2.888161878113e-02	1.032367858887e+02	2.097272272295e-06
140	1.400000000000e+02	9.997364721141e-01	3.871412605642e-04	2.295291804003e-02	1.035471038818e+02	2.186243818869e-06
141	1.410000000000e+02	9.997332073131e-01	-6.003824907125e-03	2.230399699528e-02	1.034980773926e+02	2.295740387126e-06
142	1.420000000000e+02	9.997636852532e-01	-2.969712399378e-03	2.153495895628e-02	1.034216995239e+02	2.367421757299e-06
143	1.430000000000e+02	9.998201801100e-01	-2.529716006127e-03	1.879382828956e-02	1.038052520752e+02	2.483356411176e-06
144	1.440000000000e+02	9.998190515324e-01	-5.474414440632e-03	1.821798505173e-02	1.036140594482e+02	2.577375198598e-06
145	1.450000000000e+02	9.998307345172e-01	-6.546027224061e-03	1.719452943318e-02	1.033266296387e+02	2.750432486209e-06
146	1.460000000000e+02	9.998794373438e-01	-2.762655434919e-03	1.528000366312e-02	1.029782409668e+02	2.856266746676e-06
147	1.470000000000e+02	9.998533305879e-01	-3.586683757222e-03	1.674673138213e-02	1.033416061401e+02	3.023416411452e-06
148	1.480000000000e+02	9.998748215231e-01	-6.075717724274e-03	1.460913885965e-02	1.033444366455e+02	3.119883331237e-06
149	1.490000000000e+02	9.998985700027e-01	-2.572825656994e-03	1.400822168315e-02	1.032311096191e+02	3.317947857795e-06
150	1.500000000000e+02	9.998870626744e-01	-3.229928179450e-03	1.467751547063e-02	1.030636062622e+02	3.448884399404e-06
151	1.510000000000e+02	9.999216723444e-01	-1.817272945585e-03	1.238332325980e-02	1.033376083374e+02	3.639382612164e-06
152	1.520000000000e+02	9.999459814092e-01	-2.361718905868e-03	1.012208216971e-02	1.033763656616e+02	3.771208866965e-06
153	1.530000000000e+02	9.999519220478e-01	7.527029231237e-04	9.776862036275e-03	1.029161834717e+02	3.894427663909e-06
154	1.540000000000e+02	9.999443459097e-01	1.802159245442e-03	1.039506158117e-02	1.030407562256e+02	4.059638740728e-06
155	1.550000000000e+02	9.999371661252e-01	1.252863019568e-03	1.113975474551e-02	1.032276992798e+02	4.215304670652e-06
156	1.560000000000e+02	9.999788003281e-01	-2.700465140074e-03	5.925063912680e-03	1.037916412354e+02	4.408937002154e-06
157	1.570000000000e+02	9.999719474772e-01	-5.912100568613e-04	7.466908958790e-03	1.032453384399e+02	4.563769834931e-06
158	1.580000000000e+02	9.999761384241e-01	-1.929437274790e-04	6.905458365723e-03	1.033533248901e+02	4.694978542830e-06
159	1.590000000000e+02	9.999951002422e-01	-1.137319187376e-03	2.916504198142e-03	1.032866516113e+02	4.865783466812e-06
160	1.600000000000e+02	9.999933054639e-01	3.278892719488e-03	1.624158245347e-03	1.033532485962e+02	5.015013812226e-06
161	1.610000000000e+02	9.999307017610e-01	7.214342381355e-03	9.302953285438e-03	1.030141601562e+02	5.149589924258e-06
162	1.620000000000e+02	9.999744877644e-01	1.657377537590e-03	6.948159464873e-03	1.034495010376e+02	5.253069502942e-06
163	1.630000000000e+02	9.999728358934e-01	4.103146847822e-03	6.123043460504e-03	1.033936920166e+02	5.474130375660e-06
164	1.640000000000e+02	9.999775270860e-01	2.991192792299e-03	5.999840713867e-03	1.031695327759e+02	5.551620233746e-06
165	1.650000000000e+02	9.998859256808e-01	9.786568927122e-03	1.150472485738e-02	1.034005355835e+02	5.708262051485e-06
166	1.660000000000e+02	9.999601405180e-01	4.903330948933e-03	7.461549496403e-03	1.031633529663e+02	5.802693522128e-06
167	1.670000000000e+02	9.999747910157e-01	5.243864711612e-03	4.787401802873e-03	1.034221572876e+02	5.900858923269e-06
168	1.680000000000e+02	9.999838109619e-01	5.010378513116e-03	2.697020797929e-03	1.034419021606e+02	6.030714303051e-06
169	1.690000000000e+02	9.999885098652e-01	4.150895013706e-03	2.397959182016e-03	1.034684066772e+02	6.166639650473e-06
170	1.700000000000e+02	9.999664986823e-01	7.746643538778e-03	2.644055029958e-03	1.032985763550e+02	6.173154815770e-06
171	1.710000000000e+02	9.999671545060e-01	6.726435577571e-03	4.521611843331e-03	1.033023834229e+02	6.341003881971e-06
172	1.720000000000e+02	9.999631504742e-01	7.492815564320e-03	4.189917497470e-03	1.033236465454e+02	6.408045919670e-06
173	1.730000000000e+02	9.999902190776e-01	4.421271459292e-03	1.187762122426e-04	1.035093078613e+02	6.445098733820e-06
174	1.740000000000e+02	9.999794745688e-01	6.026506998788e-03	-2.175236663931e-03	1.037576370239e+02	6.510804269055e-06
175	1.750000000000e+02	9.999593908151e-01	8.313442337228e-03	3.478993706398e-03	1.033649291992e+02	6.467367256846e-06
176	1.760000000000e+02	9.999543165697e-01	9.488843033341e-03	1.151794940511e-03	1.030693588257e+02	6.563276656379e-06
177	1.770000000000e+02	9.999663022877e-01	8.203823189973e-03	-3.026123372890e-04	1.031187667847e+02	6.582446985703e-06
178	1.780000000000e+02	9.999595884172e-01	8.989026453151e-03	-1.376077957367e-04	1.035047454834e+02	6.567006948899e-06
179	1.790000000000e+02	9.999112465870e-01	1.217084105437e-02	-5.419370531726e-03	1.031259536743e+02	6.556066637131e-06
180	1.800000000000e+02	9.999560371720e-01	9.368571659958e-03	3.919035524197e-04	1.033938980103e+02	6.563120678038e-06
181	1.810000000000e+02	9.999405735037e-01	1.090069008587e-02	-1.562584568545e-04	1.031607437134e+02	6.474429483205e-06
182	1.820000000000e+02	9.999381677069e-01	1.104730027658e-02	-1.271974677714e-03	1.031924362183e+02	6.539687092300e-06
183	1.830000000000e+02	9.999290163703e-01	1.174389923742e-02	-2.010734032027e-03	1.031015396118e+02	6.414379186026e-06
184	1.840000000000e+02	9.999691041235e-01	7.350401538356e-03	-2.786107622828e-03	1.037052307129e+02	6.353715434670e-06
185	1.850000000000e+02	9.999288890807e-01	1.185083614133e-02	-1.332090286870e-03	1.033019027710e+02	6.382632818713e-06
186	1.860000000000e+02	9.999351551676e-01	1.098610966019e-02	-2.998475365815e-03	1.032579650879e+02	6.195805326570e-06
187	1.870000000000e+02	9.997322545407e-01	2.281038714513e-02	-3.886575520895e-03	1.016359329224e+02	6.224821845535e-06
188	1.880000000000e+02	9.999288384713e-01	1.175367347560e-02	-2.041850430747e-03	1.028940505981e+02	6.078680144128e-06
189	1.890000000000e+02	9.999259363741e-01	1.208780559764e-02	1.416588225266e-03	1.028930282593e+02	6.012904123054e-06
190	1.900000000000e+02	9.999163406945e-01	1.258172630515e-02	-3.001961906527e-03	1.049752502441e+02	5.910657819186e-06
191	1.910000000000e+02	9.998602722416e-01	1.420340520045e-02	-8.814719148921e-03	1.031267471313e+02	5.831304406456e-06
192	1.920000000000e+02	9.999246917322e-01	1.149003717307e-02	-4.311601793822e-03	1.034458007812e+02	5.649395006913e-06
193	1.930000000000e+02	9.999030147076e-01	1.299023539777e-02	-5.021450275681e-03	1.032400436401e+02	5.558760676649e-06
194	1.940000000000e+02	9.998910768492e-01	1.344095920194e-02	-6.097134819719e-03	1.036509246826e+02	5.497674919752e-06
195	1.950000000000e+02	9.999091952034e-01	1.256411140786e-02	-4.872827940081e-03	1.033068161011e+02	5.299052645569e-06
196	1.960000000000e+02	9.999025646841e-01	1.298605662142e-02	-5.120885814534e-03	1.031867370605e+02	5.178570518183e-06
197	1.970000000000e+02	9.999124363254e-01	1.201813924621e-02	-5.539315009839e-03	1.033037033081e+02	5.048231287219e-06
198	1.980000000000e+02	9.999009135101e-01	1.262099302143e-02	-6.234877446525e-03	1.032261962891e+02	4.925497705699e-06
199	1.990000000000e+02	9.999012865867e-01	1.244241195685e-02	-6.527133139221e-03	1.032948837280e+02	4.804257059732e-06
200	2.000000000000e+02	9.999125997037e-01	1.143923143395e-02	-6.628494394375e-03	1.033384857178e+02	4.667902430810e-06
201	2.010000000000e+02	9.999058945587e-01	1.230084007258e-02	-6.073825829863e-03	1.033073577881e+02	4.602534772857e-06
202	2.020000000000e+02	9.999527879273e-01	8.815867826797e-03	-4.086855866391e-03	1.029500656128e+02	4.420559434948e-06
203	2.030000000000e+02	9.998987130697e-01	1.090988996107e-02	-9.139907140319e-03	1.033427658081e+02	4.353596978035e-06
204	2.040000000000e+02	9.998743162634e-01	1.062519364734e-02	-1.176677256966e-02	1.035098876953e+02	4.235214419168e-06
205	2.050000000000e+02	9.998908262439e-01	9.500518951577e-03	-1.131705496031e-02	1.033007965088e+02	4.085352884431e-06
206	2.060000000000e+02	9.998606932717e-01	1.467002823271e-02	-7.961427128922e-03	1.032519149780e+02	4.019781954412e-06
207	2.070000000000e+02	9.999075216513e-01	1.033741242907e-02	-8.836631117826e-03	1.030581207275e+02	3.876178197970e-06
208	2.080000000000e+02	9.999097814027e-01	1.035174115974e-02	-8.559819519517e-03	1.031427154541e+02	3.777351139433e-06
209	2.090000000000e+02	9.999373373529e-01	4.363342665828e-03	-1.030934567698e-02	1.030498352051e+02	3.454476427578e-06
210	2.100000000000e+02	9.999439097482e-01	5.582367168925e-03	-9.000807428575e-03	1.032964706421e+02	3.372679202585e-06
211	2.110000000000e+02	9.999505721414e-01	5.562854414942e-03	-8.240626479564e-03	1.033178100586e+02	3.351212171765e-06
212	2.120000000000e+02	9.999528643698e-01	2.661041444524e-03	-9.337445965116e-03	1.033490447998e+02	3.275760036558e-06
213	2.130000000000e+02	9.999797555672e-01	1.929536413624e-03	-6.063443333842e-03	1.033739089966e+02	3.235551730540e-06
214	2.140000000000e+02	9.999121468650e-01	5.750666521009e-04	-1.324265268863e-02	1.033189086914e+02	3.214813659724e-06
215	2.150000000000e+02	9.999632064417e-01	3.579046435616e-04	-8.570744841134e-03	1.035142822266e+02	3.179450231983e-06
216	2.160000000000e+02	9.999532204573e-01	-1.543876227744e-03	-9.548473346531e-03	1.035946502686e+02	3.198421609341e-06
217	2.170000000000e+02	9.999708248272e-01	-1.439240486820e-03	-7.501871851636e-03	1.034063644409e+02	3.188372375007e-06
218	2.180000000000e+02	9.999875429389e-01	-3.618765621730e-05	-4.991258105489e-03	1.030175933838e+02	3.213452600903e-06
219	2.190000000000e+02	9.999886474126e-01	-6.377110216481e-04	-4.722115042736e-03	1.034205627441e+02	3.280689725216e-06
220	2.200000000000e+02	9.999530926799e-01	-2.870500552063e-03	-9.250549523648e-03	1.036823883057e+02	3.298521733086e-06
221	2.210000000000e+02	9.999720476266e-01	7.462005864436e-03	-4.716290367747e-04	1.017088928223e+02	3.362492861925e-06
222	2.220000000000e+02	9.999950992350e-01	3.033445451375e-03	-7.744124476682e-04	1.032266998291e+02	3.439569582042e-06
223	2.230000000000e+02	9.999844501421e-01	4.113804250294e-03	-3.765114678020e-03	1.027638168335e+02	3.513850970194e-06
224	2.240000000000e+02	9.999998085978e-01	5.798854662810e-04	-2.157246778399e-04	1.037223892212e+02	3.561621269910e-06
225	2.250000000000e+02	9.999972261912e-01	-2.251094286799e-03	6.929534198837e-04	1.030623321533e+02	3.657434717752e-06
226	2.260000000000e+02	9.999885171166e-01	-4.439161354908e-03	1.805403385748e-03	1.035283126831e+02	3.746712309294e-06
227	2.270000000000e+02	9.999952954645e-01	-2.663196989365e-03	1.521982451520e-03	1.034969177246e+02	3.876407845382e-06
228	2.280000000000e+02	9.999857536629e-01	9.006651118864e-04	5.261299611107e-03	1.030581054688e+02	3.997130988864e-06
229	2.290000000000e+02	9.999886359203e-01	-8.638485951858e-04	4.688474801173e-03	1.033747024536e+02	4.144181275478e-06
230	2.300000000000e+02	9.999908338145e-01	1.590290157645e-03	3.975331960516e-03	1.032018585205e+02	4.260024979885e-06
231	2.310000000000e+02	9.999803106125e-01	5.013167550368e-04	6.255163368450e-03	1.032272796631e+02	4.412799171405e-06
232	2.320000000000e+02	9.999795232869e-01	-5.678499941142e-04	6.374210017161e-03	1.033500289917e+02	4.582847395795e-06
233	2.330000000000e+02	9.999735520775e-01	9.149588838197e-04	7.215122705634e-03	1.034958572388e+02	4.685880867328e-06
234	2.340000000000e+02	9.999682286656e-01	2.380709047485e-03	7.607488662019e-03	1.032332077026e+02	4.891133812635e-06
235	2.350000000000e+02	9.999642131019e-01	1.798857235984e-03	8.266597137194e-03	1.034729385376e+02	5.051751486462e-06
236	2.360000000000e+02	9.999000674783e-01	3.048533976592e-03	1.380440138000e-02	1.032686538696e+02	5.206901732890e-06
237	2.370000000000e+02	9.999627241336e-01	2.383795410240e-03	8.298666322320e-03	1.033902969360e+02	5.365131528379e-06
238	2.380000000000e+02	9.999298624573e-01	3.925954248042e-03	1.117394510906e-02	1.032477416992e+02	5.528781912290e-06
239	2.390000000000e+02	9.999292875392e-01	3.533775678210e-03	1.135483821099e-02	1.031478118896e+02	5.737379069615e-06
240	2.400000000000e+02	9.999244714039e-01	6.528505503757e-03	1.041297765185e-02	1.030267410278e+02	5.884710390092e-06
241	2.410000000000e+02	9.999287356078e-01	5.871354354246e-03	1.039475366981e-02	1.033663787842e+02	6.043480880180e-06
242	2.420000000000e+02	9.999205261560e-01	5.072047311618e-03	1.154191093613e-02	1.035322875977e+02	6.256588676479e-06
243	2.430000000000e+02	9.999033779086e-01	8.985063261569e-03	1.060676601274e-02	1.031619567871e+02	6.431911970139e-06
244	2.440000000000e+02	9.999089914802e-01	5.975778813050e-03	1.209540509988e-02	1.033796463013e+02	6.597076207981e-06
245	2.450000000000e+02	9.998576293716e-01	8.802154996418e-03	1.439593882842e-02	1.030702438354e+02	6.702370683342e-06
246	2.460000000000e+02	9.999190894722e-01	7.443729982708e-03	1.031529898186e-02	1.034594039917e+02	6.892350484122e-06
247	2.470000000000e+02	9.998914529683e-01	6.046241095474e-03	1.343596849856e-02	1.034656219482e+02	6.987163942540e-06
248	2.480000000000e+02	9.998845475742e-01	8.359071159811e-03	1.268926521539e-02	1.031963272095e+02	7.200510935945e-06
249	2.490000000000e+02	9.998585521850e-01	9.509509999996e-03	1.387244903224e-02	1.031487960815e+02	7.374089818768e-06
250	2.500000000000e+02	9.998812737109e-01	8.384076286929e-03	1.292848587942e-02	1.034702911377e+02	7.467689556506e-06
251	2.510000000000e+02	9.998144292330e-01	1.159605248560e-02	1.538306420500e-02	1.031086578369e+02	7.585556886625e-06
252	2.520000000000e+02	9.998561791522e-01	1.051032534368e-02	1.330992382597e-02	1.033748855591e+02	7.695791282458e-06
253	2.530000000000e+02	9.997963063723e-01	1.170360040808e-02	1.644297727708e-02	1.029440002441e+02	7.749343239993e-06
254	2.540000000000e+02	9.997867819217e-01	1.337530540996e-02	1.573187528020e-02	1.029181900024e+02	7.934501809359e-06
255	2.550000000000e+02	9.997708024954e-01	1.376500768604e-02	1.639716564015e-02	1.029925384521e+02	7.915082278487e-06
256	2.560000000000e+02	9.998062161382e-01	1.186309056970e-02	1.570978209615e-02	1.033823013306e+02	8.043148227443e-06
257	2.570000000000e+02	9.998157643661e-01	1.182613137599e-02	1.511886046284e-02	1.031015396118e+02	8.118948244373e-06
258	2.580000000000e+02	9.997895471563e-01	1.260039586990e-02	1.618923781472e-02	1.032400436401e+02	8.156061085174e-06
259	2.590000000000e+02	9.997646932124e-01	1.523402301117e-02	1.544288667639e-02	1.030932922363e+02	8.218608854804e-06
260	2.600000000000e+02	9.997605510597e-01	1.487681372927e-02	1.604745955222e-02	1.031745910645e+02	8.234947017627e-06
261	2.610000000000e+02	9.997947053522e-01	1.213306518739e-02	1.622762702353e-02	1.033526382446e+02	8.200390766433e-06
262	2.620000000000e+02	9.997098155896e-01	1.494483752021e-02	1.889276171937e-02	1.029750595093e+02	8.207923201553e-06
263	2.630000000000e+02	9.997724514032e-01	1.465740900673e-02	1.549857336736e-02	1.033453445435e+02	8.226552381529e-06
264	2.640000000000e+02	9.996728153836e-01	1.967450639957e-02	1.634551868090e-02	1.030334091187e+02	8.257445188065e-06
265	2.650000000000e+02	9.997523286796e-01	1.529653761038e-02	1.616469105122e-02	1.033896255493e+02	8.156343028531e-06
266	2.660000000000e+02	9.996554012347e-01	1.809938988089e-02	1.901291319727e-02	1.029524307251e+02	8.111722308968e-06
267	2.670000000000e+02	9.997122691203e-01	1.602283177129e-02	1.785070957558e-02	1.032771072388e+02	8.032668119995e-06
268	2.680000000000e+02	9.996337586731e-01	1.907506395281e-02	1.919610523993e-02	1.032902679443e+02	7.996078238648e-06
269	2.690000000000e+02	9.997206809463e-01	1.717810132762e-02	1.623184903412e-02	1.032385635376e+02	7.846923836041e-06
270	2.700000000000e+02	9.996841577000e-01	1.760757377892e-02	1.793204364260e-02	1.032757034302e+02	7.794265002303e-06
271	2.710000000000e+02	9.996423412437e-01	1.857717236569e-02	1.923741821849e-02	1.033059768677e+02	7.598029242217e-06
272	2.720000000000e+02	9.996200982490e-01	2.134831040132e-02	1.743298080067e-02	1.030462341309e+02	7.526694389526e-06
273	2.730000000000e+02	9.996782079506e-01	1.858439501424e-02	1.726559615463e-02	1.032399520874e+02	7.453439593519e-06
274	2.740000000000e+02	9.996447743936e-01	1.930594647941e-02	1.837404305168e-02	1.033751525879e+02	7.254661795741e-06
275	2.750000000000e+02	9.995055664765e-01	2.636615382452e-02	1.713033902157e-02	1.015781097412e+02	7.137627562770e-06
276	2.760000000000e+02	9.996745450902e-01	1.913854761326e-02	1.686771751102e-02	1.033812408447e+02	6.995343028393e-06
277	2.770000000000e+02	9.996205014538e-01	2.101391307127e-02	1.781203331093e-02	1.032061080933e+02	6.845564712421e-06
278	2.780000000000e+02	9.996248317375e-01	1.927838260088e-02	1.945609770792e-02	1.035542221069e+02	6.620560270676e-06
279	2.790000000000e+02	9.996301094602e-01	2.107765897954e-02	1.718652240791e-02	1.029696044922e+02	6.448283329519e-06
280	2.800000000000e+02	9.996731422806e-01	2.061479131130e-02	1.512081287767e-02	1.036814956665e+02	6.291136742220e-06
281	2.810000000000e+02	9.995771113797e-01	2.542212014554e-02	1.411786857757e-02	1.030167160034e+02	6.117511475168e-06
282	2.820000000000e+02	9.995096981608e-01	2.501419973165e-02	1.883223550915e-02	1.038321990967e+02	5.923360276938e-06
283	2.830000000000e+02	9.996374546929e-01	1.916275275385e-02	1.891422961894e-02	1.035408401489e+02	5.705013336410e-06
284	2.840000000000e+02	9.994997171762e-01	2.389303408929e-02	2.072289281759e-02	1.033022232056e+02	5.527748271561e-06
285	2.850000000000e+02	9.994722790963e-01	2.232500363182e-02	2.359571000973e-02	1.030639038086e+02	5.341745236365e-06
286	2.860000000000e+02	9.994221985147e-01	2.454290402709e-02	2.351414421023e-02	1.028941268921e+02	5.165035418031e-06
287	2.870000000000e+02	9.994875150133e-01	2.151522353575e-02	2.370237306123e-02	1.032544021606e+02	4.945915407006e-06
288	2.880000000000e+02	9.994065974569e-01	2.388151009510e-02	2.482189426936e-02	1.030366210938e+02	4.764864570461e-06
289	2.890000000000e+02	9.995720472215e-01	1.907614991383e-02	2.217708091638e-02	1.033882369995e+02	4.522798008111e-06
290	2.900000000000e+02	9.993027189183e-01	2.469313981148e-02	2.800579955590e-02	1.026933898926e+02	4.339291535871e-06
291	2.910000000000e+02	9.992748418362e-01	2.409278694606e-02	2.948437027253e-02	1.030161743164e+02	4.136581083003e-06
292	2.920000000000e+02	9.993668260381e-01	2.226269356112e-02	2.775463006307e-02	1.031640396118e+02	3.964976258430e-06
293	2.930000000000e+02	9.993985536783e-01	2.122105014539e-02	2.742622716313e-02	1.033601455688e+02	3.780534143516e-06
294	2.940000000000e+02	9.993161731298e-01	2.264928313960e-02	2.922663330792e-02	1.031625213623e+02	3.608783572417e-06
295	2.950000000000e+02	9.993321648127e-01	2.175323016452e-02	2.936020007150e-02	1.031692123413e+02	3.436025963310e-06
296	2.960000000000e+02	9.993211227928e-01	2.159387835563e-02	2.984958890422e-02	1.043373031616e+02	3.251190719311e-06
297	2.970000000000e+02	9.992668764983e-01	2.088325271265e-02	3.208736962470e-02	1.031437988281e+02	2.909976956289e-06
298	2.980000000000e+02	9.992504588979e-01	2.035176661866e-02	3.292910548203e-02	1.031443023682e+02	2.774856284304e-06
299	2.990000000000e+02	9.992875042527e-01	1.573529680261e-02	3.430574702523e-02	1.035253219604e+02	2.648684585438e-06
300	3.000000000000e+02	9.991684176544e-01	2.086546575002e-02	3.503006567394e-02	1.031131515503e+02	2.545754341554e-06
301	3.010000000000e+02	9.992235060189e-01	1.670284326555e-02	3.568473127475e-02	1.032419204712e+02	2.450830606904e-06
302	3.020000000000e+02	9.991783709422e-01	1.579708017171e-02	3.732338809990e-02	1.033200683594e+02	2.378570343353e-06
303	3.030000000000e+02	9.991542547515e-01	1.515049919054e-02	3.822613747365e-02	1.029876480103e+02	2.291617647643e-06
304	3.040000000000e+02	9.992325949450e-01	1.245827557520e-02	3.713505849083e-02	1.034674530029e+02	2.224401214335e-06
305	3.050000000000e+02	9.992549000000e-01	9.849251000463e-03	3.731805301349e-02	1.033607635498e+02	2.189132146668e-06
306	3.060000000000e+02	9.992105395167e-01	9.096175839147e-03	3.867243597110e-02	1.031255416870e+02	2.152982688131e-06
307	3.070000000000e+02	9.992224318485e-01	7.360875756175e-03	3.873434133815e-02	1.028979263306e+02	2.139574917237e-06
308	3.080000000000e+02	9.993077750562e-01	5.869852416855e-03	3.673575295039e-02	1.031537399292e+02	2.130646635123e-06
309	3.090000000000e+02	9.992906375690e-01	5.201798752367e-03	3.729829696717e-02	1.030474853516e+02	2.131853307219e-06
310	3.100000000000e+02	9.994692080414e-01	3.696424360955e-04	3.257553593725e-02	1.036036605835e+02	2.147251052520e-06
311	3.110000000000e+02	9.993408235547e-01	1.325857946955e-03	3.627892608411e-02	1.031528549194e+02	2.173039547415e-06
312	3.120000000000e+02	9.994960022626e-01	-8.227931559826e-04	3.173427914091e-02	1.031413803101e+02	2.224193622169e-06
313	3.130000000000e+02	9.994587812929e-01	-1.825248396266e-03	3.284528831921e-02	1.027513809204e+02	2.275611450386e-06
314	3.140000000000e+02	9.994982375564e-01	-1.709149372348e-03	3.162834061576e-02	1.032262802124e+02	2.343062533328e-06
315	3.150000000000e+02	9.995819022133e-01	-3.470481503522e-03	2.870499130548e-02	1.032743682861e+02	2.422925263090e-06
316	3.160000000000e+02	9.996167728526e-01	-2.084123009727e-03	2.760369292363e-02	1.031416473389e+02	2.521280293877e-06
317	3.170000000000e+02	9.996763184381e-01	-4.157123369622e-03	2.509933623372e-02	1.032309799194e+02	2.628700485729e-06
318	3.180000000000e+02	9.997427902224e-01	-3.195495975635e-03	2.245311122814e-02	1.030727386475e+02	2.737448767220e-06
319	3.190000000000e+02	9.997493653015e-01	-3.488701638010e-03	2.211414796445e-02	1.032513427734e+02	2.843844640665e-06
320	3.200000000000e+02	9.997594999857e-01	-3.035130701207e-03	2.171935012635e-02	1.029506759644e+02	2.977036047014e-06
321	3.210000000000e+02	9.997945102085e-01	-5.596090583021e-03	1.948386838070e-02	1.034232025146e+02	3.116461357422e-06
322	3.220000000000e+02	9.998278114520e-01	-5.407714484620e-03	1.775117097885e-02	1.030750579834e+02	3.268276486779e-06
323	3.230000000000e+02	9.998317904952e-01	-5.104629744174e-03	1.761628423984e-02	1.033237991333e+02	3.419994982323e-06
324	3.240000000000e+02	9.998595321719e-01	-4.334174038718e-03	1.619045584320e-02	1.033024978638e+02	3.583908210203e-06
325	3.250000000000e+02	9.998776694074e-01	-4.638920700497e-03	1.493742397725e-02	1.033371353149e+02	3.746562242668e-06
326	3.260000000000e+02	9.998797063553e-01	-2.830716995387e-03	1.524991344921e-02	1.032572860718e+02	3.936809207516e-06
327	3.270000000000e+02	9.999107832547e-01	-3.234057742959e-03	1.296018524332e-02	1.033042831421e+02	4.102757884539e-06
328	3.280000000000e+02	9.999217696840e-01	-6.398140137462e-04	1.249180331253e-02	1.030712432861e+02	4.292914127291e-06
329	3.290000000000e+02	9.999258054582e-01	-2.584339013727e-03	1.190398129358e-02	1.032638244629e+02	4.522774361249e-06
330	3.300000000000e+02	9.999512809244e-01	6.185984643276e-04	9.851553865682e-03	1.031547622681e+02	4.672933755501e-06
331	3.310000000000e+02	9.999490291995e-01	1.745650191150e-04	1.009497548767e-02	1.032663574219e+02	4.831285878026e-06
332	3.320000000000e+02	9.999551963280e-01	9.690607237846e-04	9.416276228727e-03	1.032871398926e+02	5.006995252188e-06
333	3.330000000000e+02	9.999485118381e-01	-2.511206454670e-03	9.831963935725e-03	1.026082763672e+02	5.201313342695e-06
334	3.340000000000e+02	9.999539980849e-01	9.040933920901e-04	9.549048604711e-03	1.032534713745e+02	5.386896191339e-06
335	3.350000000000e+02	9.999748582829e-01	-5.965760678973e-04	7.065896902693e-03	1.035862350464e+02	5.586273346125e-06
336	3.360000000000e+02	9.999624773523e-01	3.776358829046e-03	7.796345393965e-03	1.031043243408e+02	5.782760126749e-06
337	3.370000000000e+02	9.999684708676e-01	4.486143190958e-03	6.552235496438e-03	1.032627029419e+02	5.922583568463e-06
338	3.380000000000e+02	9.999677589577e-01	2.081024000463e-03	7.755667878479e-03	1.032954406738e+02	6.065591605875e-06
339	3.390000000000e+02	9.999806152852e-01	2.696043109827e-03	5.612522193560e-03	1.034185714722e+02	6.200705229276e-06
340	3.400000000000e+02	9.999818943047e-01	1.934070449964e-03	5.698283451652e-03	1.031858978271e+02	6.409916750272e-06
341	3.410000000000e+02	9.999827753394e-01	4.233364214107e-03	4.065421498798e-03	1.034368591309e+02	6.511670562759e-06
342	3.420000000000e+02	9.999904270457e-01	2.989562483540e-03	3.195048220670e-03	1.033167266846e+02	6.639189450652e-06
343	3.430000000000e+02	9.999712311823e-01	3.649435907299e-03	6.649693625699e-03	1.033061218262e+02	6.758643394278e-06
344	3.440000000000e+02	9.999794822047e-01	6.161454573011e-03	1.752611502170e-03	1.032561035156e+02	6.884617505420e-06
345	3.450000000000e+02	9.999701855002e-01	5.586209519278e-03	5.331263824769e-03	1.029957351685e+02	7.011005891400e-06
346	3.460000000000e+02	9.999740448266e-01	5.724514991998e-03	4.374883001900e-03	1.032713394165e+02	7.108135832823e-06
347	3.470000000000e+02	9.999693460397e-01	6.958077298594e-03	3.590562814242e-03	1.030501632690e+02	7.167949661380e-06
348	3.480000000000e+02	9.999586423477e-01	8.807097399795e-03	2.269059155328e-03	1.031021194458e+02	7.218455721159e-06
349	3.490000000000e+02	9.999676757068e-01	7.383055010079e-03	3.184028927562e-03	1.031631011963e+02	7.315740731428e-06
350	3.500000000000e+02	9.999665739075e-01	7.542910321354e-03	3.155245086138e-03	1.033746185303e+02	7.290069788723e-06
351	3.510000000000e+02	9.999516637650e-01	9.030679789592e-03	3.888052991973e-03	1.029610061646e+02	7.393156010949e-06
352	3.520000000000e+02	9.999468988459e-01	9.832943890256e-03	3.084266987029e-03	1.033293838501e+02	7.402929895761e-06
353	3.530000000000e+02	9.999839062135e-01	5.641004049357e-03	6.052993532027e-04	1.036484451294e+02	7.435345651174e-06
354	3.540000000000e+02	9.999254927936e-01	1.169509813573e-02	3.497647944024e-03	1.032355194092e+02	7.444753919117e-06
355	3.550000000000e+02	9.999569293815e-01	9.200368132955e-03	1.221723415739e-03	1.032351226807e+02	7.386547622446e-06
356	3.560000000000e+02	9.999583250797e-01	9.071152964135e-03	1.030673458041e-03	1.035154418945e+02	7.356848072959e-06
357	3.570000000000e+02	9.999129512554e-01	1.316406711243e-02	8.928878998863e-04	1.028758926392e+02	7.354658009717e-06
358	3.580000000000e+02	9.999269469334e-01	1.208197611822e-02	3.558785145426e-04	1.030272445679e+02	7.262913186423e-06
359	3.590000000000e+02	9.999663944641e-01	8.194644574326e-03	-2.402971658862e-04	1.031781234741e+02	7.221762643894e-06
360	3.600000000000e+02	9.999440813087e-01	1.041456518930e-02	1.836052183910e-03	1.031769332886e+02	7.124348940124e-06
