# Filename: 175328_polarimeter_vs_wheel.dat
# Timestamp: Wed May 08 17:53:28 2019

# Column 1:
#	name: measurement point
#	size: 0
#	type: coordinate
# Column 2:
#	name: angle
#	type: value
# Column 3:
#	name: S1
#	type: value
# Column 4:
#	name: S2
#	type: value
# Column 5:
#	name: S3
#	type: value
# Column 6:
#	name: DOP
#	type: value
# Column 7:
#	name: power
#	type: value

0	0.000000000000e+00	9.989511081038e-01	-4.330547742377e-02	1.487680218743e-02	1.039847412109e+02	2.050360308203e-06
1	1.000000000000e+00	9.986839113172e-01	-4.758329142769e-02	1.913832942130e-02	1.038334045410e+02	2.041911784545e-06
2	2.000000000000e+00	9.986551399033e-01	-4.840847786519e-02	1.856154130244e-02	1.034959259033e+02	2.039205810433e-06
3	3.000000000000e+00	9.987516533265e-01	-4.739845577749e-02	1.576456048846e-02	1.044178314209e+02	2.008489218497e-06
4	4.000000000000e+00	9.989470389541e-01	-4.279264769600e-02	1.654093915204e-02	1.033405303955e+02	2.036026899077e-06
5	5.000000000000e+00	9.989361832407e-01	-4.433819120717e-02	1.267385549043e-02	1.040114517212e+02	2.034745421042e-06
6	6.000000000000e+00	9.986405633356e-01	-4.846862644778e-02	1.917856905634e-02	1.035353546143e+02	2.026661832133e-06
7	7.000000000000e+00	9.988616222187e-01	-4.373227014749e-02	1.905119960499e-02	1.033447875977e+02	2.045077053481e-06
8	8.000000000000e+00	9.985339398706e-01	-5.316103289317e-02	1.019193348977e-02	1.043578186035e+02	2.041035941147e-06
9	9.000000000000e+00	9.986120661995e-01	-5.173904885534e-02	9.849470251285e-03	1.040217895508e+02	2.059386815745e-06
10	1.000000000000e+01	9.986770610112e-01	-4.868877927051e-02	1.653876002733e-02	1.039935989380e+02	2.080292233586e-06
11	1.100000000000e+01	9.987693689870e-01	-4.856999746271e-02	1.003508444474e-02	1.039209213257e+02	2.088818746415e-06
12	1.200000000000e+01	9.985138891764e-01	-5.245570964589e-02	1.477875662457e-02	1.039899139404e+02	2.115036522810e-06
13	1.300000000000e+01	9.988304863672e-01	-4.747380119158e-02	9.159568976528e-03	1.042478179932e+02	2.159565838156e-06
14	1.400000000000e+01	9.988945874443e-01	-4.622258720747e-02	8.548427120458e-03	1.039702606201e+02	2.201829829573e-06
15	1.500000000000e+01	9.986397036760e-01	-5.122304246568e-02	9.743826888543e-03	1.036700592041e+02	2.232052111140e-06
16	1.600000000000e+01	9.987019464395e-01	-4.982232916501e-02	1.059045298678e-02	1.038081970215e+02	2.274347252751e-06
17	1.700000000000e+01	9.989354385901e-01	-4.542769509955e-02	8.019603898128e-03	1.033336410522e+02	2.327441279704e-06
18	1.800000000000e+01	9.984090782137e-01	-5.562313620515e-02	9.240089781345e-03	1.044207382202e+02	2.343954520256e-06
19	1.900000000000e+01	9.989265035987e-01	-4.598742597132e-02	5.567500390273e-03	1.037659912109e+02	2.421252020213e-06
20	2.000000000000e+01	9.985010789748e-01	-5.380460691389e-02	1.003292385602e-02	1.037989425659e+02	2.471470452292e-06
21	2.100000000000e+01	9.989640945569e-01	-4.524140767560e-02	4.894161582585e-03	1.038763961792e+02	2.554648290243e-06
22	2.200000000000e+01	9.987028654264e-01	-5.078236103146e-02	3.706534385362e-03	1.043851089478e+02	2.628238235047e-06
23	2.300000000000e+01	9.986326154802e-01	-5.216327572204e-02	3.448472867052e-03	1.042823486328e+02	2.690300334507e-06
24	2.400000000000e+01	9.988466324496e-01	-4.739568570372e-02	7.684648378124e-03	1.035241546631e+02	2.765545104921e-06
25	2.500000000000e+01	9.988719145004e-01	-4.740523788715e-02	2.764388379423e-03	1.038773574829e+02	2.837607326001e-06
26	2.600000000000e+01	9.987099707908e-01	-5.057491285973e-02	4.535684320761e-03	1.040591964722e+02	2.889820279961e-06
27	2.700000000000e+01	9.988785363147e-01	-4.734623845406e-02	5.825890414457e-05	1.039194030762e+02	3.035890586034e-06
28	2.800000000000e+01	9.987223924196e-01	-5.047181666600e-02	2.485679389619e-03	1.039740982056e+02	3.346071025589e-06
29	2.900000000000e+01	9.990208986263e-01	-4.423205030320e-02	8.774017802588e-04	1.039759750366e+02	3.462086169748e-06
30	3.000000000000e+01	9.991079168766e-01	-4.219149538236e-02	-1.802262993380e-03	1.038936843872e+02	3.574147740437e-06
31	3.100000000000e+01	9.989266070796e-01	-4.632001610142e-02	2.996278219962e-04	1.035386734009e+02	3.686459649543e-06
32	3.200000000000e+01	9.989183102992e-01	-4.649684688319e-02	-5.025722862037e-04	1.042123641968e+02	3.780365204875e-06
33	3.300000000000e+01	9.990108138426e-01	-4.446774937197e-02	-1.144175941469e-04	1.035959014893e+02	3.891260348610e-06
34	3.400000000000e+01	9.989719612345e-01	-4.532553537142e-02	-7.851818621261e-04	1.042539825439e+02	4.006466042483e-06
35	3.500000000000e+01	9.988640869125e-01	-4.763412253242e-02	-1.235413717886e-03	1.042159118652e+02	4.106184860575e-06
36	3.600000000000e+01	9.990590255495e-01	-4.318928557175e-02	-3.968511044994e-03	1.041524124146e+02	4.188717412035e-06
37	3.700000000000e+01	9.990825839745e-01	-4.275454678491e-02	-2.457463752185e-03	1.037717666626e+02	4.342484771769e-06
38	3.800000000000e+01	9.991018917097e-01	-4.223168602734e-02	-3.448866097094e-03	1.038683319092e+02	4.424415237736e-06
39	3.900000000000e+01	9.991593881813e-01	-4.083145281414e-02	-3.648214672725e-03	1.039990081787e+02	4.556561634672e-06
40	4.000000000000e+01	9.990946782634e-01	-4.251857601570e-02	-1.412288680823e-03	1.034238967896e+02	4.644129148801e-06
41	4.100000000000e+01	9.989874150089e-01	-4.498542202212e-02	-6.756177146662e-04	1.038870773315e+02	4.757644546771e-06
42	4.200000000000e+01	9.992534270648e-01	-3.856306833713e-02	-2.340568221613e-03	1.039019317627e+02	4.880444521405e-06
43	4.300000000000e+01	9.990071950299e-01	-4.430781290093e-02	-4.630550115839e-03	1.040055389404e+02	4.894390258414e-06
44	4.400000000000e+01	9.990524985515e-01	-4.344613767771e-02	-2.557001945842e-03	1.037584915161e+02	4.998236363463e-06
45	4.500000000000e+01	9.992561337086e-01	-3.822735239768e-02	-5.084168999289e-03	1.037249298096e+02	5.134931143402e-06
46	4.600000000000e+01	9.991222211828e-01	-4.181160396117e-02	-2.564549278014e-03	1.036511001587e+02	5.229505859461e-06
47	4.700000000000e+01	9.992275923118e-01	-3.910403663646e-02	-3.884981537390e-03	1.040100402832e+02	5.322850938683e-06
48	4.800000000000e+01	9.990978469081e-01	-4.181010499596e-02	-7.443616309268e-03	1.040791625977e+02	5.385873464547e-06
49	4.900000000000e+01	9.991213816568e-01	-4.150815762968e-02	-5.791162782895e-03	1.038983688354e+02	5.461346063385e-06
50	5.000000000000e+01	9.992371901885e-01	-3.884028481009e-02	-4.058327249879e-03	1.037522354126e+02	5.514388703887e-06
51	5.100000000000e+01	9.992928493756e-01	-3.714913969100e-02	-5.808838697165e-03	1.038712615967e+02	5.589329703071e-06
52	5.200000000000e+01	9.992268143852e-01	-3.885956178271e-02	-5.975606382394e-03	1.038626861572e+02	5.654292181134e-06
53	5.300000000000e+01	9.992337658223e-01	-3.889323809394e-02	-4.381469060988e-03	1.037813568115e+02	5.697035248886e-06
54	5.400000000000e+01	9.993610989024e-01	-3.534527000486e-02	-5.301498738899e-03	1.039108581543e+02	5.757615326729e-06
55	5.500000000000e+01	9.992798592744e-01	-3.727736892031e-02	-7.082415890330e-03	1.039967727661e+02	5.786363090010e-06
56	5.600000000000e+01	9.993761734263e-01	-3.489348686974e-02	-5.450556103606e-03	1.036964035034e+02	5.806088211102e-06
57	5.700000000000e+01	9.992585480692e-01	-3.815503387366e-02	-5.152426692430e-03	1.038377227783e+02	5.835833690071e-06
58	5.800000000000e+01	9.994068483375e-01	-3.373194507124e-02	-6.935948229261e-03	1.040116882324e+02	5.841546226293e-06
59	5.900000000000e+01	9.993504133906e-01	-3.568663923777e-02	-5.021457557670e-03	1.037426681519e+02	5.866014362255e-06
60	6.000000000000e+01	9.993464486836e-01	-3.568924158508e-02	-5.740517270833e-03	1.039547119141e+02	5.861409590580e-06
61	6.100000000000e+01	9.993749353094e-01	-3.487924973806e-02	-5.759914333614e-03	1.036783905029e+02	5.855527888343e-06
62	6.200000000000e+01	9.994196500274e-01	-3.353080209213e-02	-6.004036157312e-03	1.039960784912e+02	5.849655735801e-06
63	6.300000000000e+01	9.994263888961e-01	-3.311130704541e-02	-7.108763877063e-03	1.035794754028e+02	5.824684194522e-06
64	6.400000000000e+01	9.994926532142e-01	-3.137414523560e-02	-5.486272096803e-03	1.034938430786e+02	5.780021183455e-06
65	6.500000000000e+01	9.993507360796e-01	-3.541993337400e-02	-6.598076766488e-03	1.039255294800e+02	5.728597898269e-06
66	6.600000000000e+01	9.995392634188e-01	-2.963827066753e-02	-6.544753318536e-03	1.035385437012e+02	5.706381671189e-06
67	6.700000000000e+01	9.994541458149e-01	-3.259171903932e-02	-5.402801439043e-03	1.036434860229e+02	5.655607310473e-06
68	6.800000000000e+01	9.994499986210e-01	-3.251083636333e-02	-6.538025339692e-03	1.037386627197e+02	5.589512966253e-06
69	6.900000000000e+01	9.994149055512e-01	-3.372959401822e-02	-5.671071274409e-03	1.037135238647e+02	5.520741069631e-06
70	7.000000000000e+01	9.994671761625e-01	-3.142510712422e-02	-8.821928128904e-03	1.039535598755e+02	5.436564151751e-06
71	7.100000000000e+01	9.995603452074e-01	-2.888016958805e-02	-6.712085624293e-03	1.033752136230e+02	5.337864422472e-06
72	7.200000000000e+01	9.994976940426e-01	-3.106850707353e-02	-6.253596711357e-03	1.034551239014e+02	5.221684205026e-06
73	7.300000000000e+01	9.994857305847e-01	-3.134136799203e-02	-6.781814645070e-03	1.039469604492e+02	5.184238034417e-06
74	7.400000000000e+01	9.995184930239e-01	-2.956788985235e-02	-9.408612698006e-03	1.038933868408e+02	5.053115728515e-06
75	7.500000000000e+01	9.995077978584e-01	-3.032211526653e-02	-8.045579283689e-03	1.039105300903e+02	4.904701199848e-06
76	7.600000000000e+01	9.995723884048e-01	-2.780090940439e-02	-9.063651305506e-03	1.040276260376e+02	4.831800652028e-06
77	7.700000000000e+01	9.995352675675e-01	-2.940738687473e-02	-8.028355117437e-03	1.042428970337e+02	4.724911832454e-06
78	7.800000000000e+01	9.994762206167e-01	-3.100033623039e-02	-9.287818653899e-03	1.043176422119e+02	4.563126367430e-06
79	7.900000000000e+01	9.995439602493e-01	-2.760574726715e-02	-1.223904599955e-02	1.039153366089e+02	4.462368906388e-06
80	8.000000000000e+01	9.996163111180e-01	-2.636706469803e-02	-8.485779048375e-03	1.037611236572e+02	4.334668574302e-06
81	8.100000000000e+01	9.995969863458e-01	-2.680024937790e-02	-9.360102650170e-03	1.036906127930e+02	4.150128006586e-06
82	8.200000000000e+01	9.996702894092e-01	-2.404748807817e-02	-9.001710370050e-03	1.035473251343e+02	4.045245532325e-06
83	8.300000000000e+01	9.995428929986e-01	-2.750757974504e-02	-1.254344898653e-02	1.038275909424e+02	3.856609509967e-06
84	8.400000000000e+01	9.996345047377e-01	-2.431132862263e-02	-1.182439166858e-02	1.036036300659e+02	3.719579581229e-06
85	8.500000000000e+01	9.995895976690e-01	-2.623531229666e-02	-1.150411320305e-02	1.040588455200e+02	3.567000248950e-06
86	8.600000000000e+01	9.996476094469e-01	-2.268161225455e-02	-1.379135209271e-02	1.039677963257e+02	3.437133500483e-06
87	8.700000000000e+01	9.996477251714e-01	-2.338722053034e-02	-1.254844514122e-02	1.043205795288e+02	3.260964149376e-06
88	8.800000000000e+01	9.997581913549e-01	-1.720939987736e-02	-1.368924302906e-02	1.034352798462e+02	3.131004859824e-06
89	8.900000000000e+01	9.996560167896e-01	-2.391932297069e-02	-1.075704814879e-02	1.037310180664e+02	2.955613126687e-06
90	9.000000000000e+01	9.996489278599e-01	-2.041438070911e-02	-1.689005887358e-02	1.043448028564e+02	2.827474645528e-06
91	9.100000000000e+01	9.995977590642e-01	-2.282462062443e-02	-1.683320430714e-02	1.042571411133e+02	2.633623807924e-06
92	9.200000000000e+01	9.997317369434e-01	-1.869985689414e-02	-1.366636383037e-02	1.036690444946e+02	2.478452870491e-06
93	9.300000000000e+01	9.995962240771e-01	-2.150124664824e-02	-1.857646907503e-02	1.045347290039e+02	2.331397581656e-06
94	9.400000000000e+01	9.998470400104e-01	-1.177835701170e-02	-1.292930348475e-02	1.029919204712e+02	2.186447318309e-06
95	9.500000000000e+01	9.995538923900e-01	-2.297824635781e-02	-1.907921387976e-02	1.041021957397e+02	2.035974148384e-06
96	9.600000000000e+01	9.995019005354e-01	-2.328080842458e-02	-2.130621470697e-02	1.044910354614e+02	1.882337642201e-06
97	9.700000000000e+01	9.997799258880e-01	-1.547400476801e-02	-1.416527330565e-02	1.039323959351e+02	1.743920961417e-06
98	9.800000000000e+01	9.995565882630e-01	1.921782378360e-02	-2.274427640119e-02	1.015167312622e+02	1.658564656282e-06
99	9.900000000000e+01	9.998054520096e-01	6.567419110245e-03	-1.859911659501e-02	1.017184371948e+02	1.492297883487e-06
100	1.000000000000e+02	9.994326004327e-01	1.905644582820e-02	-2.777281160964e-02	1.021922454834e+02	1.383225367135e-06
101	1.010000000000e+02	9.994590494895e-01	1.312389069767e-02	-3.015579358103e-02	1.028080749512e+02	1.246846181857e-06
102	1.020000000000e+02	9.994854175736e-01	2.625330639571e-02	-1.842997452618e-02	1.005269622803e+02	1.128530016103e-06
103	1.030000000000e+02	9.994397134637e-01	2.684156339078e-02	-1.999473996562e-02	1.009215850830e+02	1.004631940305e-06
104	1.040000000000e+02	9.996081552964e-01	1.774820366383e-02	-2.164571855306e-02	1.017374572754e+02	8.897483212422e-07
105	1.050000000000e+02	9.987954487797e-01	2.606087211605e-02	-4.157502184637e-02	1.014066390991e+02	7.844646461308e-07
106	1.060000000000e+02	9.995705763735e-01	1.150408258059e-02	-2.695030486503e-02	1.013948669434e+02	6.854024263703e-07
107	1.070000000000e+02	9.995685846192e-01	1.007852615290e-02	-2.758746006708e-02	1.012202606201e+02	5.907163540542e-07
108	1.080000000000e+02	9.978927972017e-01	3.996121270223e-02	-5.111816479888e-02	1.019259490967e+02	5.099785198581e-07
109	1.090000000000e+02	9.993809387909e-01	7.951083699621e-03	-3.427126273386e-02	1.008714218140e+02	4.222333132020e-07
110	1.100000000000e+02	9.990893656115e-01	1.072107777314e-02	-4.129767564263e-02	9.967002868652e+01	3.583104160043e-07
111	1.110000000000e+02	9.986887241734e-01	1.517940284699e-02	-4.889190053637e-02	9.782438659668e+01	2.805581118537e-07
112	1.120000000000e+02	9.972843403098e-01	1.781956408174e-02	-7.145913313723e-02	1.074454803467e+02	2.215205370248e-07
113	1.130000000000e+02	9.957946441812e-01	5.083786796681e-02	-7.621376385306e-02	9.301610565186e+01	1.762480366096e-07
114	1.140000000000e+02	9.909686758808e-01	9.213487608936e-02	-9.742816857066e-02	9.155594635010e+01	1.438680783394e-07
115	1.150000000000e+02	9.835628920167e-01	1.276221096332e-01	-1.277365827806e-01	9.380147552490e+01	1.155639282047e-07
116	1.160000000000e+02	9.847342042389e-01	-1.630791754974e-01	-6.085827405524e-02	1.067353820801e+02	7.296672066559e-08
117	1.170000000000e+02	9.792478519243e-01	1.159515514535e-01	-1.662193797883e-01	9.884026336670e+01	7.293146353504e-08
118	1.180000000000e+02	9.560639926043e-01	-2.930907169351e-01	6.282809246106e-03	9.940705108643e+01	5.036477901399e-08
119	1.190000000000e+02	9.899515978282e-01	6.342156851212e-02	-1.263864652757e-01	9.760271453857e+01	7.125826329002e-08
120	1.200000000000e+02	9.537960181683e-01	-2.958945432900e-01	5.214954436609e-02	1.026464004517e+02	6.260577123385e-08
121	1.210000000000e+02	9.932203832248e-01	-8.438219402139e-02	-7.995571073386e-02	1.139758148193e+02	9.026180691762e-08
122	1.220000000000e+02	9.859053412389e-01	-1.402184620005e-01	9.126577140823e-02	8.978722381592e+01	1.070163406780e-07
123	1.230000000000e+02	9.954667190342e-01	-8.931703009096e-02	-3.268760362785e-02	1.106260833740e+02	1.395418678385e-07
124	1.240000000000e+02	9.921926938569e-01	-9.770225742298e-02	7.751081957699e-02	9.358396148682e+01	1.696044478194e-07
125	1.250000000000e+02	9.957461231070e-01	-5.627353952651e-02	7.295852977252e-02	9.402233886719e+01	2.142593018561e-07
126	1.260000000000e+02	9.972562699288e-01	-3.356259877123e-02	6.598093702976e-02	9.623915863037e+01	2.629460027492e-07
127	1.270000000000e+02	9.941871541883e-01	-1.076652407068e-01	-3.136725175918e-04	1.062257614136e+02	2.981025488680e-07
128	1.280000000000e+02	9.965749658988e-01	-8.246719973644e-02	6.123586485514e-03	1.027552185059e+02	3.545247579950e-07
129	1.290000000000e+02	9.976968406712e-01	-4.922123684139e-02	4.667208971742e-02	1.017984542847e+02	4.208145014672e-07
130	1.300000000000e+02	9.981886308060e-01	-5.847494694049e-02	1.414701063611e-02	1.017314147949e+02	5.117383352626e-07
131	1.310000000000e+02	9.980908297737e-01	-4.179299318902e-02	4.547572145590e-02	1.012634277344e+02	5.813216148454e-07
132	1.320000000000e+02	9.982264181697e-01	-4.405868592332e-02	4.003561243138e-02	1.020348205566e+02	6.469520030805e-07
133	1.330000000000e+02	9.984206527304e-01	-4.321797259764e-02	3.589438738663e-02	1.022223587036e+02	7.175736982390e-07
134	1.340000000000e+02	9.990859244556e-01	-3.808689443569e-02	1.940886464753e-02	1.013470687866e+02	7.842073159736e-07
135	1.350000000000e+02	9.993255739692e-01	-3.068682612007e-02	2.016719895929e-02	1.015969772339e+02	8.601685408394e-07
136	1.360000000000e+02	9.994312868639e-01	-2.715420887627e-02	1.999379348432e-02	1.015427093506e+02	9.339713074041e-07
137	1.370000000000e+02	9.986757212056e-01	-4.162702601657e-02	3.023234326935e-02	1.012913665771e+02	9.984005373553e-07
138	1.380000000000e+02	9.992832146053e-01	-3.088966027562e-02	2.188346170273e-02	1.025511398315e+02	1.079884896171e-06
139	1.390000000000e+02	9.989470259202e-01	-3.601289457243e-02	2.842377226250e-02	1.014033813477e+02	1.151021706391e-06
140	1.400000000000e+02	9.989419604347e-01	-3.642337210463e-02	2.807663882136e-02	1.014595184326e+02	1.226202130056e-06
141	1.410000000000e+02	9.994053296405e-01	-2.709400893179e-02	2.132842624763e-02	1.027362213135e+02	1.298985239373e-06
142	1.420000000000e+02	9.994062725993e-01	-2.454622474729e-02	2.417819554397e-02	1.008735885620e+02	1.384263896398e-06
143	1.430000000000e+02	9.995128851074e-01	-2.271563057631e-02	2.140076241046e-02	1.011997528076e+02	1.442377083549e-06
144	1.440000000000e+02	9.991622028954e-01	-3.343058628274e-02	2.360695249109e-02	1.026989059448e+02	1.492524916102e-06
145	1.450000000000e+02	9.996585155888e-01	-1.696963525844e-02	1.987168060531e-02	1.014724807739e+02	1.585284053363e-06
146	1.460000000000e+02	9.996350719397e-01	-1.966507689847e-02	1.852046702388e-02	1.018616409302e+02	1.649043838370e-06
147	1.470000000000e+02	9.992681038085e-01	-2.646361428760e-02	2.762125684541e-02	1.012315292358e+02	1.690513613539e-06
148	1.480000000000e+02	9.994725139954e-01	-2.471118093809e-02	2.107252486738e-02	1.022687072754e+02	1.748738895913e-06
149	1.490000000000e+02	9.994661667139e-01	-2.755876630129e-02	1.754696538272e-02	1.027049713135e+02	1.800559175535e-06
150	1.500000000000e+02	9.995226892559e-01	-1.520830320344e-02	2.689054064677e-02	1.012744674683e+02	1.863645593403e-06
151	1.510000000000e+02	9.988173223745e-01	-4.362451372334e-02	2.146761111791e-02	1.031877670288e+02	1.872070015452e-06
152	1.520000000000e+02	9.982674804546e-01	-5.401269721239e-02	2.333808061063e-02	1.042630386353e+02	1.892725435937e-06
153	1.530000000000e+02	9.987707220776e-01	-4.599815079531e-02	1.847200162325e-02	1.042830734253e+02	1.958311941053e-06
154	1.540000000000e+02	9.984583259639e-01	-4.950161623867e-02	2.511097973130e-02	1.034443283081e+02	1.983881475098e-06
155	1.550000000000e+02	9.986090365943e-01	-5.035772231592e-02	1.562343865566e-02	1.047102737427e+02	2.010509888350e-06
156	1.560000000000e+02	9.986799925151e-01	-4.490883364102e-02	2.492928420758e-02	1.033467407227e+02	2.062498197120e-06
157	1.570000000000e+02	9.986877002786e-01	-4.488782659714e-02	2.465685169774e-02	1.034775772095e+02	2.078081479340e-06
158	1.580000000000e+02	9.987002640516e-01	-4.442350816256e-02	2.498668657104e-02	1.031697158813e+02	2.100475057887e-06
159	1.590000000000e+02	9.986320287705e-01	-4.933241211113e-02	1.733159626204e-02	1.046226196289e+02	2.131531346095e-06
160	1.600000000000e+02	9.987320188132e-01	-4.329526353500e-02	2.568802742088e-02	1.033028564453e+02	2.146867018382e-06
161	1.610000000000e+02	9.985610645016e-01	-5.033227068073e-02	1.850575558057e-02	1.046926879883e+02	2.156047230528e-06
162	1.620000000000e+02	9.987796606575e-01	-4.229237647504e-02	2.550577089469e-02	1.034349365234e+02	2.181586296501e-06
163	1.630000000000e+02	9.985841024420e-01	-5.018484948092e-02	1.764288050777e-02	1.046831817627e+02	2.180023784604e-06
164	1.640000000000e+02	9.986780464039e-01	-4.804086057193e-02	1.828210453851e-02	1.045800399780e+02	2.191653948103e-06
165	1.650000000000e+02	9.987789411217e-01	-4.285940325612e-02	2.457027318522e-02	1.032671051025e+02	2.194523403887e-06
166	1.660000000000e+02	9.987915040972e-01	-4.268423906885e-02	2.436364255172e-02	1.033942184448e+02	2.191821977249e-06
167	1.670000000000e+02	9.986886512175e-01	-4.809602439795e-02	1.754281523539e-02	1.045488128662e+02	2.187242898799e-06
168	1.680000000000e+02	9.986097018188e-01	-4.964600012303e-02	1.771829859370e-02	1.044676284790e+02	2.178564045607e-06
169	1.690000000000e+02	9.985372491994e-01	-5.095295607380e-02	1.808751582118e-02	1.046410522461e+02	2.162397095162e-06
170	1.700000000000e+02	9.988381963393e-01	-4.168318261823e-02	2.418201439877e-02	1.037649765015e+02	2.165457999581e-06
171	1.710000000000e+02	9.987251394178e-01	-4.686680856890e-02	1.875095063074e-02	1.039462280273e+02	2.164320221709e-06
172	1.720000000000e+02	9.987569986627e-01	-4.593511726905e-02	1.935000319888e-02	1.040281600952e+02	2.154788944608e-06
173	1.730000000000e+02	9.987818315876e-01	-4.488155875825e-02	2.050606188450e-02	1.040481033325e+02	2.148150315406e-06
174	1.740000000000e+02	9.988627188977e-01	-4.242281430109e-02	2.176174678255e-02	1.039000854492e+02	2.144006884919e-06
175	1.750000000000e+02	9.988115535686e-01	-4.359933089135e-02	2.178482966737e-02	1.043558349609e+02	2.145969801859e-06
176	1.760000000000e+02	9.985351228221e-01	-4.849739446429e-02	2.399189906599e-02	1.045823669434e+02	2.123060767190e-06
177	1.770000000000e+02	9.987960631854e-01	-4.362716633664e-02	2.242976867561e-02	1.032240447998e+02	2.141682898582e-06
178	1.780000000000e+02	9.982895903340e-01	-5.268128576264e-02	2.534908205960e-02	1.042303237915e+02	2.120671979355e-06
179	1.790000000000e+02	9.987541167974e-01	-4.646009075956e-02	1.821192320493e-02	1.044364166260e+02	2.127376092176e-06
180	1.800000000000e+02	9.985282310995e-01	-5.124035854613e-02	1.777068803834e-02	1.046788253784e+02	2.116353471138e-06
181	1.810000000000e+02	9.986974019040e-01	-4.455877384651e-02	2.485990956240e-02	1.036614074707e+02	2.133704583684e-06
182	1.820000000000e+02	9.986340778122e-01	-4.931067703957e-02	1.727529339985e-02	1.039645462036e+02	2.145259486497e-06
183	1.830000000000e+02	9.984800983855e-01	-5.006125220006e-02	2.305133740708e-02	1.041327972412e+02	2.158404186048e-06
184	1.840000000000e+02	9.987707534230e-01	-4.602869757984e-02	1.839405082866e-02	1.037514419556e+02	2.165894102291e-06
185	1.850000000000e+02	9.987245957610e-01	-4.799453019970e-02	1.567504044469e-02	1.044178695679e+02	2.205407099609e-06
186	1.860000000000e+02	9.986290295680e-01	-4.929216988723e-02	1.761656299625e-02	1.044506454468e+02	2.219027464889e-06
187	1.870000000000e+02	9.984965306255e-01	-5.178605561062e-02	1.796893912278e-02	1.045427474976e+02	2.241889433208e-06
188	1.880000000000e+02	9.984196719969e-01	-5.332419795468e-02	1.773946115596e-02	1.041966934204e+02	2.275643737448e-06
189	1.890000000000e+02	9.983568149664e-01	-5.441394139015e-02	1.796644073205e-02	1.039946594238e+02	2.309986484761e-06
190	1.900000000000e+02	9.987257246792e-01	-4.880273656535e-02	1.285378417686e-02	1.040331115723e+02	2.417197038085e-06
191	1.910000000000e+02	9.986933048563e-01	-4.955969167198e-02	1.247075765701e-02	1.042295455933e+02	2.460353698552e-06
192	1.920000000000e+02	9.985941220463e-01	-5.016029139993e-02	1.713839494135e-02	1.032986984253e+02	2.516315134926e-06
193	1.930000000000e+02	9.986435389381e-01	-4.966403317867e-02	1.563860433726e-02	1.033491744995e+02	2.578493877081e-06
194	1.940000000000e+02	9.986430926262e-01	-5.128098465375e-02	9.068305404353e-03	1.043161697388e+02	2.642270146680e-06
195	1.950000000000e+02	9.986696543877e-01	-4.970232964224e-02	1.373316545335e-02	1.034133834839e+02	2.718412815739e-06
196	1.960000000000e+02	9.984492145146e-01	-5.516225610936e-02	7.502768562673e-03	1.044220504761e+02	2.767923433566e-06
197	1.970000000000e+02	9.988031391398e-01	-4.747643788535e-02	1.175912795373e-02	1.034835662842e+02	2.886096581278e-06
198	1.980000000000e+02	9.986695668107e-01	-5.031446729023e-02	1.129383492802e-02	1.039368057251e+02	2.967629143313e-06
199	1.990000000000e+02	9.987416446919e-01	-4.968406888593e-02	6.827917473383e-03	1.037207717896e+02	3.068795876970e-06
200	2.000000000000e+02	9.986931700696e-01	-5.046449446617e-02	8.080028129159e-03	1.039011688232e+02	3.166761871398e-06
201	2.010000000000e+02	9.988416614422e-01	-4.764128893226e-02	6.755957087602e-03	1.037547225952e+02	3.273458105468e-06
202	2.020000000000e+02	9.986463226178e-01	-5.138618890119e-02	8.061135905175e-03	1.036633071899e+02	3.368777925061e-06
203	2.030000000000e+02	9.988239652718e-01	-4.824694999429e-02	4.787297254192e-03	1.039437713623e+02	3.646498043963e-06
204	2.040000000000e+02	9.988149456340e-01	-4.840906284253e-02	5.026630370714e-03	1.034929428101e+02	3.777141728278e-06
205	2.050000000000e+02	9.986576324328e-01	-5.154672401746e-02	5.086101326541e-03	1.042126617432e+02	3.880491476593e-06
206	2.060000000000e+02	9.989413619396e-01	-4.584454792247e-02	3.799056735441e-03	1.035337677002e+02	4.012080808025e-06
207	2.070000000000e+02	9.988872143114e-01	-4.704316019151e-02	3.357702251713e-03	1.038651657104e+02	4.151077973802e-06
208	2.080000000000e+02	9.987987309297e-01	-4.858801443163e-02	6.348223916369e-03	1.035528182983e+02	4.263397386239e-06
209	2.090000000000e+02	9.988193054525e-01	-4.850176896459e-02	2.751992504013e-03	1.040749816895e+02	4.400965281093e-06
210	2.100000000000e+02	9.989819846606e-01	-4.444940136651e-02	7.697080083337e-03	1.034567413330e+02	4.549380264507e-06
211	2.110000000000e+02	9.988577896607e-01	-4.771664875346e-02	2.497491928804e-03	1.040968017578e+02	4.649471065932e-06
212	2.120000000000e+02	9.989752720370e-01	-4.501232076640e-02	4.721952758167e-03	1.036875228882e+02	4.795899258170e-06
213	2.130000000000e+02	9.988505039988e-01	-4.791107043339e-02	1.483236752332e-03	1.040475387573e+02	4.950906713930e-06
214	2.140000000000e+02	9.990075508484e-01	-4.439290812850e-02	3.630847804535e-03	1.040006484985e+02	5.067154688732e-06
215	2.150000000000e+02	9.990539312466e-01	-4.348629344304e-02	4.298177695127e-04	1.038426208496e+02	5.233604497334e-06
216	2.160000000000e+02	9.989911500285e-01	-4.484168002462e-02	2.430205183486e-03	1.039212265015e+02	5.359420356399e-06
217	2.170000000000e+02	9.990520518353e-01	-4.353155323471e-02	3.995788839581e-05	1.039748916626e+02	5.488124315889e-06
218	2.180000000000e+02	9.989957950101e-01	-4.478019515895e-02	1.461394433804e-03	1.041538238525e+02	5.612841050606e-06
219	2.190000000000e+02	9.991815422477e-01	-4.045045029925e-02	-8.186579775716e-05	1.039976272583e+02	5.749547199230e-06
220	2.200000000000e+02	9.991915337978e-01	-4.020293212806e-02	-5.509247485834e-05	1.036223983765e+02	5.872077963431e-06
221	2.210000000000e+02	9.992166460108e-01	-3.956529978344e-02	-8.254622255676e-04	1.036378860474e+02	5.977810360491e-06
222	2.220000000000e+02	9.990701891450e-01	-4.309359665832e-02	-1.303490978458e-03	1.039988098145e+02	6.093343017710e-06
223	2.230000000000e+02	9.992045415470e-01	-3.982609337405e-02	-2.041185552120e-03	1.038530960083e+02	6.203657903825e-06
224	2.240000000000e+02	9.991970572433e-01	-3.995882090500e-02	-2.921203201032e-03	1.039511718750e+02	6.320995453279e-06
225	2.250000000000e+02	9.992932114806e-01	-3.753422827000e-02	-2.063782192306e-03	1.037348709106e+02	6.429481345549e-06
226	2.260000000000e+02	9.992233781481e-01	-3.929916758076e-02	-2.866354795802e-03	1.040447540283e+02	6.480388492491e-06
227	2.270000000000e+02	9.993020015103e-01	-3.733748309904e-02	-1.192532304636e-03	1.037444000244e+02	6.555344953085e-06
228	2.280000000000e+02	9.992896176719e-01	-3.760268450994e-02	-2.509607713348e-03	1.037588958740e+02	6.629397375946e-06
229	2.290000000000e+02	9.992696184284e-01	-3.815318708144e-02	-2.136352391743e-03	1.037848205566e+02	6.727814707119e-06
230	2.300000000000e+02	9.993188497096e-01	-3.688468486862e-02	-1.164747673514e-03	1.037117996216e+02	6.755980848538e-06
231	2.310000000000e+02	9.994217796558e-01	-3.395227623660e-02	-1.830105984566e-03	1.036498565674e+02	6.797043624829e-06
232	2.320000000000e+02	9.993320068430e-01	-3.645512831173e-02	-2.561975590946e-03	1.038572082520e+02	6.837904493295e-06
233	2.330000000000e+02	9.993400596636e-01	-3.625108059008e-02	-2.303108257083e-03	1.037526473999e+02	6.879567990836e-06
234	2.340000000000e+02	9.993415078789e-01	-3.617181065508e-02	-2.854950843377e-03	1.039090118408e+02	6.883117748657e-06
235	2.350000000000e+02	9.994248910488e-01	-3.388880813104e-02	-1.198263558446e-03	1.036446609497e+02	6.923868113518e-06
236	2.360000000000e+02	9.993648910922e-01	-3.541661689242e-02	-3.934170839103e-03	1.038545608521e+02	6.889863016113e-06
237	2.370000000000e+02	9.994253272712e-01	-3.367150023942e-02	-3.904520513172e-03	1.038173294067e+02	6.896497779962e-06
238	2.380000000000e+02	9.994012772737e-01	-3.443155347945e-02	-3.399280616935e-03	1.037311935425e+02	6.912581284269e-06
239	2.390000000000e+02	9.994718958606e-01	-3.237844141056e-02	-2.750621137287e-03	1.034378814697e+02	6.835104613856e-06
240	2.400000000000e+02	9.994204804077e-01	-3.379538264779e-02	-4.071296269111e-03	1.038852081299e+02	6.841326921858e-06
241	2.410000000000e+02	9.994165602317e-01	-3.403332814009e-02	-2.876058128878e-03	1.037536773682e+02	6.765253147023e-06
242	2.420000000000e+02	9.994807916242e-01	-3.176329646824e-02	-5.407418211023e-03	1.037584991455e+02	6.750715783710e-06
243	2.430000000000e+02	9.993811982363e-01	-3.482316715320e-02	-4.956575542659e-03	1.039662399292e+02	6.660259714408e-06
244	2.440000000000e+02	9.994284127731e-01	-3.349805673074e-02	-4.552794433951e-03	1.038082427979e+02	6.603597739741e-06
245	2.450000000000e+02	9.994854490451e-01	-3.162819568753e-02	-5.338013177617e-03	1.039315109253e+02	6.509099875984e-06
246	2.460000000000e+02	9.995876456655e-01	-2.830100725400e-02	-4.857120677019e-03	1.037137451172e+02	6.423200829886e-06
247	2.470000000000e+02	9.995002291864e-01	-3.098533809856e-02	-6.261044574071e-03	1.037614212036e+02	6.282236427069e-06
248	2.480000000000e+02	9.995636238518e-01	-2.869696686851e-02	-7.003282437329e-03	1.037440719604e+02	6.201692940522e-06
249	2.490000000000e+02	9.995412857643e-01	-2.951263120684e-02	-6.798724287848e-03	1.037103195190e+02	6.084108008508e-06
250	2.500000000000e+02	9.995303535516e-01	-3.041260537542e-02	-3.761085375029e-03	1.035455551147e+02	5.943650648987e-06
251	2.510000000000e+02	9.995323463089e-01	-2.990293841506e-02	-6.395541918783e-03	1.037269363403e+02	5.809852609673e-06
252	2.520000000000e+02	9.995896968894e-01	-2.776919235058e-02	-7.022095751398e-03	1.036474914551e+02	5.690556463378e-06
253	2.530000000000e+02	9.995807366110e-01	-2.803094074440e-02	-7.253782262514e-03	1.039176864624e+02	5.556788892136e-06
254	2.540000000000e+02	9.996137524291e-01	-2.633670897453e-02	-8.872638556938e-03	1.036078872681e+02	5.385544227465e-06
255	2.550000000000e+02	9.996537372014e-01	-2.477957570362e-02	-8.853153513526e-03	1.035063781738e+02	5.254776169750e-06
256	2.560000000000e+02	9.995939257044e-01	-2.748966532631e-02	-7.503465542244e-03	1.036115646362e+02	5.072800831840e-06
257	2.570000000000e+02	9.996185038467e-01	-2.550582160563e-02	-1.059716148759e-02	1.041600418091e+02	4.914653800370e-06
258	2.580000000000e+02	9.996316122505e-01	-2.509059831904e-02	-1.034899345309e-02	1.038552780151e+02	4.736791652249e-06
259	2.590000000000e+02	9.996141100310e-01	-2.561350481739e-02	-1.075078592117e-02	1.040212554932e+02	4.554470251605e-06
260	2.600000000000e+02	9.997182533332e-01	-2.264088602576e-02	-7.127708771376e-03	1.034964904785e+02	4.348684342403e-06
261	2.610000000000e+02	9.996166689152e-01	-2.514996360005e-02	-1.157560183425e-02	1.038556671143e+02	4.209730377625e-06
262	2.620000000000e+02	9.996325758264e-01	-2.502110629173e-02	-1.042389497947e-02	1.039848785400e+02	4.015145350422e-06
263	2.630000000000e+02	9.996790883375e-01	-2.219264400628e-02	-1.221502733048e-02	1.038568649292e+02	3.827920863841e-06
264	2.640000000000e+02	9.996653541489e-01	-2.349732886036e-02	-1.081920749651e-02	1.036970367432e+02	3.641942839749e-06
265	2.650000000000e+02	9.996675571471e-01	-2.256843774578e-02	-1.246759019799e-02	1.037531204224e+02	3.457353841441e-06
266	2.660000000000e+02	9.997023363184e-01	-1.872100453893e-02	-1.564489528561e-02	1.035749969482e+02	3.289197138656e-06
267	2.670000000000e+02	9.996902003175e-01	-1.897410744428e-02	-1.610858888170e-02	1.038999328613e+02	3.100737103523e-06
268	2.680000000000e+02	9.997274607327e-01	-2.026504305468e-02	-1.159018062285e-02	1.032947006226e+02	2.886308720917e-06
269	2.690000000000e+02	9.996323164070e-01	-1.984419924416e-02	-1.847808840400e-02	1.043432922363e+02	2.720680413404e-06
270	2.700000000000e+02	9.995674051006e-01	-2.206319951867e-02	-1.944782474879e-02	1.042971649170e+02	2.527045353418e-06
271	2.710000000000e+02	9.998087243436e-01	-1.250612349056e-02	-1.503700773392e-02	1.034546203613e+02	2.365159616602e-06
272	2.720000000000e+02	9.996140817774e-01	-1.684253181970e-02	-2.209109852785e-02	1.038941040039e+02	2.188098960687e-06
273	2.730000000000e+02	9.996815438453e-01	-1.832018029268e-02	-1.735459273581e-02	1.038684844971e+02	2.019296061917e-06
274	2.740000000000e+02	9.996622856289e-01	-1.199917756425e-02	-2.305069259414e-02	1.039921035767e+02	1.862330918811e-06
275	2.750000000000e+02	9.997123501482e-01	-1.090393945735e-02	-2.136167281481e-02	1.028764190674e+02	1.713618871690e-06
276	2.760000000000e+02	9.995313758593e-01	1.462038560425e-02	-2.689373528430e-02	1.014982376099e+02	1.588542318132e-06
277	2.770000000000e+02	9.997485753905e-01	1.121231539108e-02	-1.941829004502e-02	1.016911468506e+02	1.438034018975e-06
278	2.780000000000e+02	9.995234761219e-01	1.773752207142e-02	-2.526264023938e-02	1.007615432739e+02	1.298983420384e-06
279	2.790000000000e+02	9.992094260925e-01	2.537653431579e-02	-3.060317490092e-02	1.015487289429e+02	1.170262066807e-06
280	2.800000000000e+02	9.994597156736e-01	2.455729595443e-02	-2.184527319773e-02	1.000254058838e+02	1.040440224642e-06
281	2.810000000000e+02	9.994617820002e-01	2.453529307787e-02	-2.177534648666e-02	1.016500625610e+02	9.149915172202e-07
282	2.820000000000e+02	9.986701134620e-01	3.154184048325e-02	-4.078132877632e-02	1.019584274292e+02	7.973787887749e-07
283	2.830000000000e+02	9.991574299579e-01	1.654828400597e-02	-3.755774828735e-02	1.036734466553e+02	6.820480393799e-07
284	2.840000000000e+02	9.993523573297e-01	5.169358014461e-03	-3.561100444102e-02	1.026792449951e+02	5.794832986794e-07
285	2.850000000000e+02	9.979600257839e-01	1.799491177185e-02	-6.125332715696e-02	1.047026214600e+02	5.007324261896e-07
286	2.860000000000e+02	9.972893723050e-01	5.876424276996e-03	-7.334422625722e-02	1.031162261963e+02	4.131870241508e-07
287	2.870000000000e+02	9.990864145372e-01	7.087476847993e-03	-4.214384841472e-02	1.021039962769e+02	3.426728483191e-07
288	2.880000000000e+02	9.970289160921e-01	2.843683176752e-02	-7.158691972205e-02	1.061203155518e+02	2.778578220841e-07
289	2.890000000000e+02	9.977154312282e-01	-2.728303301938e-02	-6.180254362366e-02	1.058061981201e+02	2.108417049840e-07
290	2.900000000000e+02	9.981997486175e-01	-2.569121696540e-02	-5.419615512849e-02	9.866975402832e+01	1.636764466184e-07
291	2.910000000000e+02	9.961797539055e-01	7.977588892210e-02	-3.552049345710e-02	8.875627899170e+01	1.377305949291e-07
292	2.920000000000e+02	9.953288899700e-01	9.372916135338e-02	-2.313536477220e-02	9.534618377686e+01	1.100721860325e-07
293	2.930000000000e+02	9.761587061643e-01	5.705831285135e-03	-2.169830036408e-01	9.821477508545e+01	8.230299641809e-08
294	2.940000000000e+02	9.877435902105e-01	-1.557532535470e-01	-1.017467481219e-02	1.058921508789e+02	6.698342502887e-08
295	2.950000000000e+02	9.867060065817e-01	3.475434455309e-02	-1.587557624477e-01	1.029998855591e+02	6.967092502919e-08
296	2.960000000000e+02	9.891677894827e-01	-1.458028097674e-01	-1.698896446989e-02	8.358853149414e+01	7.492985787394e-08
297	2.970000000000e+02	9.634952792394e-01	-2.671272661392e-01	1.788492573238e-02	1.155446472168e+02	7.646578836784e-08
298	2.980000000000e+02	9.805723417333e-01	-1.819352942375e-01	7.333097120884e-02	9.364262390137e+01	1.041222716935e-07
299	2.990000000000e+02	9.939379962211e-01	-7.874751615904e-02	7.672084701548e-02	9.222864532471e+01	1.678277925521e-07
300	3.000000000000e+02	9.899931160343e-01	-1.394526672300e-01	-2.160055108484e-02	1.094518127441e+02	1.997325256298e-07
301	3.010000000000e+02	9.969258460699e-01	-5.202729316669e-02	5.858342942742e-02	1.007684097290e+02	2.653812885001e-07
302	3.020000000000e+02	9.971983318946e-01	-7.480023629297e-02	6.414959706004e-04	1.011585845947e+02	3.117155529253e-07
303	3.030000000000e+02	9.955296400792e-01	-8.343660113191e-02	4.426137498171e-02	1.028427658081e+02	3.776789299081e-07
304	3.040000000000e+02	9.974368938979e-01	-6.258494884645e-02	3.468092947458e-02	9.921629333496e+01	4.448909862731e-07
305	3.050000000000e+02	9.962563820193e-01	-7.979506774401e-02	3.325610394430e-02	1.039441528320e+02	4.969500650986e-07
306	3.060000000000e+02	9.975296654151e-01	-5.845030565949e-02	3.896316703137e-02	1.003263702393e+02	5.707234436159e-07
307	3.070000000000e+02	9.979054035613e-01	-6.375484647188e-02	1.096015942250e-02	1.044306411743e+02	6.406468742171e-07
308	3.080000000000e+02	9.986258093878e-01	-3.855029196061e-02	3.550165931771e-02	1.019161911011e+02	7.190164978965e-07
309	3.090000000000e+02	9.993903382850e-01	-3.085922320776e-02	1.632973011572e-02	1.018143005371e+02	7.930452738947e-07
310	3.100000000000e+02	9.988186029287e-01	-4.066044928438e-02	2.661064274901e-02	1.006139755249e+02	8.664229653732e-07
311	3.110000000000e+02	9.994135266430e-01	-2.740374721944e-02	2.053381117247e-02	1.003321456909e+02	9.434165235689e-07
312	3.120000000000e+02	9.993000571873e-01	-3.485003892780e-02	1.359670887474e-02	1.030947265625e+02	1.017385784507e-06
313	3.130000000000e+02	9.989898510378e-01	-4.298501848794e-02	1.309830939474e-02	1.033043365479e+02	1.077758952306e-06
314	3.140000000000e+02	9.992773079933e-01	-2.624690378181e-02	2.749475898202e-02	1.017360153198e+02	1.171031271952e-06
315	3.150000000000e+02	9.995268036715e-01	-2.804016130534e-02	1.264587269544e-02	1.018420639038e+02	1.236577759300e-06
316	3.160000000000e+02	9.996261777534e-01	-2.175237441329e-02	1.656318078182e-02	1.015529632568e+02	1.323272840636e-06
317	3.170000000000e+02	9.993641875189e-01	-2.955569380613e-02	1.994195748446e-02	1.012672576904e+02	1.383057906423e-06
318	3.180000000000e+02	9.996865261347e-01	-1.840515147690e-02	1.697350476059e-02	1.009641418457e+02	1.463460762352e-06
319	3.190000000000e+02	9.996918688301e-01	-2.035576495131e-02	1.420599268615e-02	1.019418945312e+02	1.533616455163e-06
320	3.200000000000e+02	9.995528973053e-01	-2.735927390834e-02	1.206132744632e-02	1.030348815918e+02	1.585826112205e-06
321	3.210000000000e+02	9.993699679241e-01	-3.132032766331e-02	1.669443878710e-02	1.021565628052e+02	1.629199346098e-06
322	3.220000000000e+02	9.994398612533e-01	-2.614875979005e-02	2.088554762049e-02	1.020970764160e+02	1.706621446829e-06
323	3.230000000000e+02	9.997373683530e-01	-1.837771439284e-02	1.369138167986e-02	1.020463104248e+02	1.769810296537e-06
324	3.240000000000e+02	9.996102353620e-01	-2.101037645724e-02	1.838318364025e-02	1.013426742554e+02	1.825030267355e-06
325	3.250000000000e+02	9.995263256999e-01	-2.482923454754e-02	1.818332600715e-02	1.024309234619e+02	1.863209149633e-06
326	3.260000000000e+02	9.989128135413e-01	-4.435779496938e-02	1.433795552106e-02	1.037500534058e+02	1.865237550192e-06
327	3.270000000000e+02	9.985955825831e-01	-4.988397412159e-02	1.784521143998e-02	1.036958084106e+02	1.907021442094e-06
328	3.280000000000e+02	9.984252208682e-01	-5.290530921090e-02	1.865761484324e-02	1.046469421387e+02	1.933184421432e-06
329	3.290000000000e+02	9.987835558339e-01	-4.746142758497e-02	1.337241516454e-02	1.046694335938e+02	1.963225258805e-06
330	3.300000000000e+02	9.989519104893e-01	-4.105760475574e-02	2.023248925764e-02	1.036431045532e+02	2.012718823607e-06
331	3.310000000000e+02	9.990416823648e-01	-4.105795473379e-02	1.516447331005e-02	1.035963439941e+02	2.030480345638e-06
332	3.320000000000e+02	9.988607216803e-01	-4.376682873916e-02	1.901902695911e-02	1.032103958130e+02	2.050868260994e-06
333	3.330000000000e+02	9.986073332233e-01	-4.939205496182e-02	1.854235528095e-02	1.043407135010e+02	2.061435225187e-06
334	3.340000000000e+02	9.989995231790e-01	-4.251869937558e-02	1.386047948211e-02	1.041937942505e+02	2.080448666675e-06
335	3.350000000000e+02	9.988222213533e-01	-4.706313042366e-02	1.179965616485e-02	1.045844268799e+02	2.100968458763e-06
336	3.360000000000e+02	9.989540692136e-01	-4.111161140902e-02	2.001506954753e-02	1.036205520630e+02	2.108018861691e-06
337	3.370000000000e+02	9.989840143205e-01	-4.257709610353e-02	1.476922542076e-02	1.038169021606e+02	2.110256900778e-06
338	3.380000000000e+02	9.987705314321e-01	-4.601723388017e-02	1.843474243884e-02	1.036854782104e+02	2.101887957906e-06
339	3.390000000000e+02	9.985858815381e-01	-4.947762776292e-02	1.944740454817e-02	1.043736267090e+02	2.094160663546e-06
340	3.400000000000e+02	9.988517141717e-01	-4.356398398791e-02	1.993570654061e-02	1.031885452271e+02	2.086762833642e-06
341	3.410000000000e+02	9.987710400050e-01	-4.737180900709e-02	1.457125110406e-02	1.043964691162e+02	2.089058625643e-06
342	3.420000000000e+02	9.988769808752e-01	-4.257539917355e-02	2.078731495221e-02	1.038853912354e+02	2.084722609652e-06
343	3.430000000000e+02	9.986825619304e-01	-4.698030686537e-02	2.063955578398e-02	1.037758026123e+02	2.082676928694e-06
344	3.440000000000e+02	9.989104308579e-01	-4.376960237659e-02	1.619175812469e-02	1.042295074463e+02	2.057682650047e-06
345	3.450000000000e+02	9.986288017674e-01	-4.886219786239e-02	1.878834481057e-02	1.044122314453e+02	2.035739953499e-06
346	3.460000000000e+02	9.989590251789e-01	-4.308355019626e-02	1.498911992447e-02	1.042313461304e+02	2.051139745163e-06
347	3.470000000000e+02	9.987352749313e-01	-4.830817888201e-02	1.393450613001e-02	1.045594940186e+02	2.022358557952e-06
348	3.480000000000e+02	9.988224040066e-01	-4.347729000153e-02	2.152975867573e-02	1.038282928467e+02	2.019490693783e-06
349	3.490000000000e+02	9.985824157428e-01	-4.913450027226e-02	2.046850879370e-02	1.039855041504e+02	1.986214101635e-06
350	3.500000000000e+02	9.987477977466e-01	-4.691297614127e-02	1.737841091116e-02	1.048830795288e+02	1.990803184526e-06
351	3.510000000000e+02	9.984783817949e-01	-5.158795464787e-02	1.948342945857e-02	1.042474441528e+02	1.958661641766e-06
352	3.520000000000e+02	9.987778185845e-01	-4.413539216341e-02	2.224716301479e-02	1.034407272339e+02	1.963532668015e-06
353	3.530000000000e+02	9.988938868656e-01	-4.189330001748e-02	2.135308399921e-02	1.036180496216e+02	1.971530309675e-06
354	3.540000000000e+02	9.990096183901e-01	-4.269069509029e-02	1.254140808378e-02	1.034151687622e+02	1.946550355569e-06
355	3.550000000000e+02	9.989481948040e-01	-4.339316256831e-02	1.481679925189e-02	1.038802795410e+02	1.960397867151e-06
356	3.560000000000e+02	9.988224568430e-01	-4.583086087307e-02	1.591326169422e-02	1.032638931274e+02	1.949024181158e-06
357	3.570000000000e+02	9.983483737136e-01	-5.424481656695e-02	1.892153743974e-02	1.042270126343e+02	1.939855792443e-06
358	3.580000000000e+02	9.987457154696e-01	-4.675322556904e-02	1.792014871431e-02	1.033880462646e+02	1.963746399269e-06
359	3.590000000000e+02	9.984439263270e-01	-5.477109564762e-02	1.048108115910e-02	1.044265975952e+02	1.952027787411e-06
360	3.600000000000e+02	9.984973950253e-01	-5.191261362063e-02	1.755085965603e-02	1.040929870605e+02	1.974212636924e-06
