# Filename: 143126_polarimeter_vs_wheel.dat
# Timestamp: Mon May 13 14:31:26 2019

# Column 1:
#	name: measurement point
#	size: 0
#	type: coordinate
# Column 2:
#	name: angle
#	type: value
# Column 3:
#	name: S1
#	type: value
# Column 4:
#	name: S2
#	type: value
# Column 5:
#	name: S3
#	type: value
# Column 6:
#	name: DOP
#	type: value
# Column 7:
#	name: power
#	type: value

0	0.000000000000e+00	-1.036061334354e-01	9.925055668610e-01	6.479559293958e-02	9.857193756104e+01	2.660998006832e-06
1	1.000000000000e+00	-1.389718853584e-01	9.882500727668e-01	6.362867872587e-02	9.854991912842e+01	2.584041794762e-06
2	2.000000000000e+00	-1.755366402861e-01	9.824321407716e-01	6.335595233326e-02	9.866003417969e+01	2.458943072270e-06
3	3.000000000000e+00	-2.054857967038e-01	9.767550731228e-01	6.103371594450e-02	9.869581604004e+01	2.355908918616e-06
4	4.000000000000e+00	-2.355925544174e-01	9.700462868828e-01	5.921443749663e-02	9.852307128906e+01	2.246081976409e-06
5	5.000000000000e+00	-2.794917253138e-01	9.580146154037e-01	6.397165117424e-02	9.898289489746e+01	2.148913836209e-06
6	6.000000000000e+00	-3.051608764673e-01	9.506147064557e-01	5.664379351626e-02	9.833082580566e+01	2.036507112280e-06
7	7.000000000000e+00	-3.376868839914e-01	9.391268050921e-01	6.331202364306e-02	9.867414093018e+01	1.945548092408e-06
8	8.000000000000e+00	-3.705724782774e-01	9.271677132738e-01	5.510054270112e-02	9.883248901367e+01	1.840024538069e-06
9	9.000000000000e+00	-4.001324340304e-01	9.147396052362e-01	5.608466679353e-02	9.871174621582e+01	1.739576759974e-06
10	1.000000000000e+01	-4.609035980767e-01	8.858382399386e-01	5.346481031951e-02	9.908929443359e+01	1.632863245504e-06
11	1.100000000000e+01	-4.936935116926e-01	8.680732761929e-01	5.211049483884e-02	9.959939575195e+01	1.535321302981e-06
12	1.200000000000e+01	-5.272519488230e-01	8.476393939384e-01	5.926921887585e-02	9.963823699951e+01	1.440578216716e-06
13	1.300000000000e+01	-5.462947563521e-01	8.359695815051e-01	5.212387150294e-02	9.946648406982e+01	1.352055051029e-06
14	1.400000000000e+01	-5.827327367636e-01	8.108129126530e-01	5.481768126455e-02	9.966759490967e+01	1.252126821782e-06
15	1.500000000000e+01	-6.000187837012e-01	7.985564887401e-01	4.780160558729e-02	9.938753509521e+01	1.187866701002e-06
16	1.600000000000e+01	-6.318129993329e-01	7.738639664257e-01	4.412363699687e-02	9.914228057861e+01	1.099804535443e-06
17	1.700000000000e+01	-6.582093453397e-01	7.506838418841e-01	5.687026676314e-02	1.004277114868e+02	1.021817638502e-06
18	1.800000000000e+01	-6.879824689161e-01	7.234866564699e-01	5.698403613391e-02	9.996038055420e+01	9.343119700134e-07
19	1.900000000000e+01	-7.120195261667e-01	7.009777909918e-01	4.072260912057e-02	1.004783096313e+02	8.602527259427e-07
20	2.000000000000e+01	-7.450948849602e-01	6.647951955925e-01	5.367457799789e-02	1.007818374634e+02	7.799408194842e-07
21	2.100000000000e+01	-7.695286882458e-01	6.364011645871e-01	5.309572185161e-02	1.016551666260e+02	7.104650308065e-07
22	2.200000000000e+01	-7.833319981234e-01	6.197725863700e-01	4.767517068935e-02	1.013277893066e+02	6.525848448291e-07
23	2.300000000000e+01	-8.126421969858e-01	5.807511995753e-01	4.838082130280e-02	1.011629714966e+02	5.727645771003e-07
24	2.400000000000e+01	-8.125127030536e-01	5.818762313292e-01	3.525845700844e-02	9.870565795898e+01	5.271170380183e-07
25	2.500000000000e+01	-8.492650164510e-01	5.249761081559e-01	5.611610907790e-02	1.036480102539e+02	4.592499749378e-07
26	2.600000000000e+01	-8.511135445477e-01	5.214916551030e-01	6.043333472075e-02	1.013617248535e+02	4.076310915480e-07
27	2.700000000000e+01	-8.801331493235e-01	4.742358741892e-01	2.158645626303e-02	1.021432113647e+02	3.523547604800e-07
28	2.800000000000e+01	-9.016639073843e-01	4.282379076693e-01	6.012064999262e-02	1.013360748291e+02	3.013517471118e-07
29	2.900000000000e+01	-9.225020255986e-01	3.818296576267e-01	5.653428449379e-02	1.033276214600e+02	2.575976623120e-07
30	3.000000000000e+01	-9.256386980579e-01	3.757243235711e-01	4.499148068926e-02	1.043679122925e+02	2.216310690528e-07
31	3.100000000000e+01	-9.169542586585e-01	3.980896602691e-01	2.682368197850e-02	9.986072540283e+01	1.894453163231e-07
32	3.200000000000e+01	-9.375910235572e-01	3.461790138572e-01	3.291144041088e-02	1.030705795288e+02	1.522250983044e-07
33	3.300000000000e+01	-9.812132429597e-01	1.860419879375e-01	5.107788723884e-02	1.115237960815e+02	1.052645259847e-07
34	3.400000000000e+01	-9.868059466647e-01	1.463431130021e-01	6.926555351641e-02	1.209556427002e+02	7.994349715545e-08
35	3.500000000000e+01	-9.540406510513e-01	2.867562886945e-01	-8.704749873349e-02	7.946897888184e+01	6.639059790814e-08
36	3.600000000000e+01	-9.434907648118e-01	2.969064516460e-01	1.472132320337e-01	1.179207229614e+02	4.857249535917e-08
37	3.700000000000e+01	-9.447988560439e-01	-2.084339044421e-01	-2.528051207892e-01	1.245759277344e+02	2.222695805187e-08
38	3.800000000000e+01	-7.642240909035e-01	5.361142812633e-01	3.585289616033e-01	9.885182189941e+01	2.144421529238e-08
39	3.900000000000e+01	-4.727831811009e-01	5.985876219351e-01	6.466598197926e-01	9.394731903076e+01	1.142759487038e-08
40	4.000000000000e+01	2.798498227424e-02	3.483964113943e-01	9.369294430717e-01	1.267393417358e+02	4.850193136008e-09
41	4.100000000000e+01	2.493860518344e-01	-8.034024343489e-02	9.650658228511e-01	2.055215148926e+02	2.550497590903e-09
42	4.200000000000e+01	-3.759316906254e-01	-6.621225982055e-01	6.482815969385e-01	3.689427185059e+02	2.039772795115e-09
43	4.300000000000e+01	-6.922653501211e-01	-5.341828329131e-01	4.851982955891e-01	1.899891052246e+02	6.690421550104e-09
44	4.400000000000e+01	-9.352086213340e-01	2.184540059773e-01	-2.786802502063e-01	9.042153167725e+01	2.121099917929e-08
45	4.500000000000e+01	-9.190484198054e-01	-3.091022613432e-01	2.445522318151e-01	1.112702178955e+02	2.868612547502e-08
46	4.600000000000e+01	-9.937430754706e-01	-5.930523032334e-02	-9.464454348006e-02	9.607654571533e+01	5.050228324421e-08
47	4.700000000000e+01	-9.891962271214e-01	-1.350253922787e-01	-5.708736890729e-02	9.823181915283e+01	7.068492635653e-08
48	4.800000000000e+01	-9.814871809206e-01	-1.882727202283e-01	-3.516100832290e-02	9.921648406982e+01	9.495014552385e-08
49	4.900000000000e+01	-9.401159461354e-01	-3.309636968894e-01	8.151710963501e-02	1.070139846802e+02	1.167592742490e-07
50	5.000000000000e+01	-9.607006482851e-01	-2.772466501238e-01	-1.373169253128e-02	9.974671173096e+01	1.527856738903e-07
51	5.100000000000e+01	-9.266617330146e-01	-3.706159788309e-01	6.278398523231e-02	1.042633895874e+02	1.820462927071e-07
52	5.200000000000e+01	-9.349453980447e-01	-3.547912655579e-01	-5.104496439200e-04	9.912235260010e+01	2.251692592381e-07
53	5.300000000000e+01	-9.188902244541e-01	-3.944748070368e-01	5.511988377383e-03	9.918006896973e+01	2.664903036020e-07
54	5.400000000000e+01	-9.003490210423e-01	-4.351091247789e-01	7.189564824318e-03	9.887467956543e+01	3.088930498052e-07
55	5.500000000000e+01	-8.801921902801e-01	-4.734806630867e-01	3.282940530783e-02	1.067341918945e+02	3.503195102894e-07
56	5.600000000000e+01	-8.534108396052e-01	-5.209955176811e-01	1.592511854049e-02	1.018852386475e+02	3.992764732175e-07
57	5.700000000000e+01	-8.563064980650e-01	-5.159095613005e-01	2.401053790336e-02	1.033845062256e+02	4.612466568688e-07
58	5.800000000000e+01	-8.150816673118e-01	-5.790049038590e-01	1.987956034079e-02	1.067661437988e+02	5.016349291509e-07
59	5.900000000000e+01	-8.091762690609e-01	-5.874322497878e-01	1.253465188392e-02	1.000627670288e+02	5.824280719935e-07
60	6.000000000000e+01	-7.874526267289e-01	-6.162456384672e-01	1.263620702529e-02	1.004485931396e+02	6.420647764571e-07
61	6.100000000000e+01	-7.694578466246e-01	-6.382220096363e-01	2.464322794405e-02	1.045720291138e+02	6.997090622463e-07
62	6.200000000000e+01	-7.522522070667e-01	-6.584259401178e-01	2.432896100052e-02	1.038754043579e+02	7.632784786438e-07
63	6.300000000000e+01	-7.096649083315e-01	-7.045210030033e-01	5.086669841662e-03	1.044615631104e+02	8.305325422953e-07
64	6.400000000000e+01	-6.956099962554e-01	-7.180573865955e-01	2.281058230847e-02	1.033750839233e+02	9.078796665563e-07
65	6.500000000000e+01	-6.652267144926e-01	-7.464156297351e-01	1.836099160327e-02	1.038294219971e+02	9.825083679971e-07
66	6.600000000000e+01	-6.378288948556e-01	-7.699531887015e-01	1.861150439124e-02	1.050732040405e+02	1.057780764313e-06
67	6.700000000000e+01	-6.073613665319e-01	-7.944254624974e-01	-5.958021557634e-04	1.041149291992e+02	1.135490606430e-06
68	6.800000000000e+01	-5.815787823416e-01	-8.134686179565e-01	5.909951778389e-03	1.034737091064e+02	1.228190967595e-06
69	6.900000000000e+01	-5.525012742040e-01	-8.333313360231e-01	1.735587522919e-02	1.049475173950e+02	1.304411966885e-06
70	7.000000000000e+01	-5.244374050994e-01	-8.513042507808e-01	1.569970493883e-02	1.048948822021e+02	1.385477162330e-06
71	7.100000000000e+01	-4.941431784889e-01	-8.692148508036e-01	1.697239804370e-02	1.057356567383e+02	1.467145011702e-06
72	7.200000000000e+01	-4.547961663370e-01	-8.905534413637e-01	8.661129277527e-03	1.044135208130e+02	1.563937075844e-06
73	7.300000000000e+01	-4.392794334903e-01	-8.982735060264e-01	1.175957837132e-02	1.048497619629e+02	1.657996563154e-06
74	7.400000000000e+01	-4.072276514330e-01	-9.132759608534e-01	9.625966732296e-03	1.038549804688e+02	1.756493134053e-06
75	7.500000000000e+01	-3.678855145896e-01	-9.298340184827e-01	8.303386508687e-03	1.048239059448e+02	1.844648977567e-06
76	7.600000000000e+01	-3.608695239432e-01	-9.326102074564e-01	3.374557313163e-03	1.049580993652e+02	1.937544993780e-06
77	7.700000000000e+01	-3.283205155073e-01	-9.445630873068e-01	2.492628033914e-03	1.029121627808e+02	2.034107865256e-06
78	7.800000000000e+01	-2.964588723773e-01	-9.550288536615e-01	5.659122091212e-03	1.040646209717e+02	2.119323653460e-06
79	7.900000000000e+01	-2.632580347055e-01	-9.646954217858e-01	7.612512632353e-03	1.048298263550e+02	2.214873575213e-06
80	8.000000000000e+01	-2.304022690331e-01	-9.730614603573e-01	8.135649437100e-03	1.035204849243e+02	2.328876462343e-06
81	8.100000000000e+01	-1.992036318585e-01	-9.799299448883e-01	7.430758070102e-03	1.032072982788e+02	2.419139491394e-06
82	8.200000000000e+01	-1.648503531544e-01	-9.862669646543e-01	1.009135751795e-02	1.049048156738e+02	2.514212155802e-06
83	8.300000000000e+01	-1.241617067390e-01	-9.922460346535e-01	5.628258522278e-03	1.032933959961e+02	2.643284460646e-06
84	8.400000000000e+01	-9.863950569022e-02	-9.950593089800e-01	1.127916350944e-02	1.038627014160e+02	2.747188773355e-06
85	8.500000000000e+01	-5.435059155719e-02	-9.985004248056e-01	6.550943474921e-03	1.059781570435e+02	2.824887815223e-06
86	8.600000000000e+01	-2.414767980077e-02	-9.996842672595e-01	6.946607378758e-03	1.054765853882e+02	2.943304252767e-06
87	8.700000000000e+01	1.268348058674e-02	-9.998867544853e-01	8.099847224751e-03	1.047756195068e+02	3.021901875400e-06
88	8.800000000000e+01	5.667623097254e-02	-9.983608044143e-01	7.969256678166e-03	1.042538528442e+02	3.129669494228e-06
89	8.900000000000e+01	7.999381001795e-02	-9.967135561505e-01	1.277017402346e-02	1.042956085205e+02	3.247180757171e-06
90	9.000000000000e+01	1.191925208952e-01	-9.928329167921e-01	8.714487753310e-03	1.056544952393e+02	3.325435500301e-06
91	9.100000000000e+01	1.521580931917e-01	-9.882972883475e-01	1.078816579650e-02	1.053754882812e+02	3.428701120356e-06
92	9.200000000000e+01	1.899748793011e-01	-9.817540308566e-01	8.280587616727e-03	1.049407272339e+02	3.536524900483e-06
93	9.300000000000e+01	2.224602419875e-01	-9.748974234728e-01	9.298088025397e-03	1.042923278809e+02	3.605190158851e-06
94	9.400000000000e+01	2.556159828051e-01	-9.667095687404e-01	1.153598891789e-02	1.058504028320e+02	3.695929763126e-06
95	9.500000000000e+01	2.831489128809e-01	-9.589798683126e-01	1.357590900987e-02	1.046621627808e+02	3.814996944129e-06
96	9.600000000000e+01	3.176269195516e-01	-9.481060158000e-01	1.442646110215e-02	1.054886779785e+02	3.916093191947e-06
97	9.700000000000e+01	3.540412833632e-01	-9.350813937584e-01	1.666003365883e-02	1.045961608887e+02	4.023913334095e-06
98	9.800000000000e+01	3.863639823145e-01	-9.221849962754e-01	1.725415354880e-02	1.050952758789e+02	4.096132670384e-06
99	9.900000000000e+01	4.107285831288e-01	-9.116656429600e-01	1.295324080152e-02	1.054760589600e+02	4.212959993311e-06
100	1.000000000000e+02	4.440407715585e-01	-8.958266704249e-01	1.795465814511e-02	1.061492767334e+02	4.251393420418e-06
101	1.010000000000e+02	4.774257041263e-01	-8.785242743002e-01	1.611820414144e-02	1.047022857666e+02	4.377978712000e-06
102	1.020000000000e+02	5.063178940909e-01	-8.622382885069e-01	1.368663420786e-02	1.055673980713e+02	4.453333986021e-06
103	1.030000000000e+02	5.366920271174e-01	-8.435487812836e-01	1.967540656473e-02	1.056671371460e+02	4.482894837565e-06
104	1.040000000000e+02	5.654332271617e-01	-8.245579201661e-01	1.973580281871e-02	1.038420028687e+02	4.626127974916e-06
105	1.050000000000e+02	5.936618919106e-01	-8.043345902863e-01	2.472700875678e-02	1.055593948364e+02	4.648662979889e-06
106	1.060000000000e+02	6.225487254504e-01	-7.822404271281e-01	2.308676258367e-02	1.049388809204e+02	4.766711754201e-06
107	1.070000000000e+02	6.522586281503e-01	-7.577563916078e-01	1.907702757282e-02	1.056382446289e+02	4.829427780351e-06
108	1.080000000000e+02	6.790227348871e-01	-7.337421210269e-01	2.346540724948e-02	1.043187637329e+02	4.975335741619e-06
109	1.090000000000e+02	7.042414704591e-01	-7.094806380459e-01	2.609933952578e-02	1.056011734009e+02	5.013931058784e-06
110	1.100000000000e+02	7.194313543761e-01	-6.940482374242e-01	2.675014895199e-02	1.057195663452e+02	5.101533588459e-06
111	1.110000000000e+02	7.458926158270e-01	-6.655557450560e-01	2.607212836946e-02	1.045929794312e+02	5.167729796085e-06
112	1.120000000000e+02	7.665950537828e-01	-6.415731593951e-01	2.675639474120e-02	1.058794174194e+02	5.207240064919e-06
113	1.130000000000e+02	7.948635545534e-01	-6.062842368553e-01	2.472556942551e-02	1.054670791626e+02	5.291001343721e-06
114	1.140000000000e+02	8.131470603374e-01	-5.813000493527e-01	2.970035163283e-02	1.049471511841e+02	5.366583081923e-06
115	1.150000000000e+02	8.329244181960e-01	-5.527018988223e-01	2.752316498896e-02	1.043156890869e+02	5.418869022833e-06
116	1.160000000000e+02	8.508533991604e-01	-5.245322257800e-01	3.023966361386e-02	1.045269165039e+02	5.489726845553e-06
117	1.170000000000e+02	8.677486697327e-01	-4.959527481319e-01	3.229733421727e-02	1.042425689697e+02	5.564923867496e-06
118	1.180000000000e+02	8.832345968167e-01	-4.678551051784e-01	3.175291395329e-02	1.052226028442e+02	5.580780452874e-06
119	1.190000000000e+02	8.987538004533e-01	-4.372956193321e-01	3.184568233936e-02	1.048753433228e+02	5.646075805998e-06
120	1.200000000000e+02	9.133715517915e-01	-4.055284185711e-01	3.604317007629e-02	1.048279571533e+02	5.638805305352e-06
121	1.210000000000e+02	9.276730166065e-01	-3.717673471463e-01	3.481111684456e-02	1.043755645752e+02	5.699787379854e-06
122	1.220000000000e+02	9.379441848147e-01	-3.448336512137e-01	3.674859402622e-02	1.048109588623e+02	5.717530711991e-06
123	1.230000000000e+02	9.505876632158e-01	-3.076530736889e-01	4.162548247986e-02	1.035438079834e+02	5.812215022161e-06
124	1.240000000000e+02	9.594691574470e-01	-2.792575056051e-01	3.787058847151e-02	1.049531936646e+02	5.774572855444e-06
125	1.250000000000e+02	9.675972764553e-01	-2.488746784564e-01	4.262516885107e-02	1.045276565552e+02	5.810123184347e-06
126	1.260000000000e+02	9.767972625271e-01	-2.099769741613e-01	4.215184742838e-02	1.045491485596e+02	5.818350928166e-06
127	1.270000000000e+02	9.832797876118e-01	-1.766842950380e-01	4.408536220847e-02	1.040065307617e+02	5.885597147426e-06
128	1.280000000000e+02	9.888880889962e-01	-1.414006989608e-01	4.589324323661e-02	1.035301971436e+02	5.888094165130e-06
129	1.290000000000e+02	9.929389679867e-01	-1.092826677635e-01	4.614655328403e-02	1.038516921997e+02	5.890517513762e-06
130	1.300000000000e+02	9.961206339354e-01	-7.460308459846e-02	4.666971626751e-02	1.037160568237e+02	5.899794814468e-06
131	1.310000000000e+02	9.979863779628e-01	-4.221242386832e-02	4.734237712457e-02	1.039362335205e+02	5.909125320613e-06
132	1.320000000000e+02	9.989168542870e-01	-3.745156361376e-03	4.637986659234e-02	1.036840972900e+02	5.928685823164e-06
133	1.330000000000e+02	9.984911020786e-01	2.771316478706e-02	4.740780070050e-02	1.037245941162e+02	5.923489879933e-06
134	1.340000000000e+02	9.966260729564e-01	6.458298659532e-02	5.065084941009e-02	1.025311813354e+02	5.912018878007e-06
135	1.350000000000e+02	9.941108697275e-01	9.490799579658e-02	5.230727505397e-02	1.029447631836e+02	5.888160558243e-06
136	1.360000000000e+02	9.906126899930e-01	1.258841414566e-01	5.328866065639e-02	1.035001907349e+02	5.857494215888e-06
137	1.370000000000e+02	9.853028818569e-01	1.624364261849e-01	5.284542035829e-02	1.029218750000e+02	5.821267677675e-06
138	1.380000000000e+02	9.787254460833e-01	1.980738783801e-01	5.350925053265e-02	1.027748947144e+02	5.824790605402e-06
139	1.390000000000e+02	9.715314633052e-01	2.301378857187e-01	5.624206046107e-02	1.026170959473e+02	5.829590008943e-06
140	1.400000000000e+02	9.630970143030e-01	2.630478723748e-01	5.700840183506e-02	1.025998687744e+02	5.813496045448e-06
141	1.410000000000e+02	9.526174693044e-01	2.988682175977e-01	5.654861347587e-02	1.022403411865e+02	5.778088507213e-06
142	1.420000000000e+02	9.426426457848e-01	3.285692351932e-01	5.888208583560e-02	1.022908325195e+02	5.703370334231e-06
143	1.430000000000e+02	9.297205271490e-01	3.632343920997e-01	6.066727119046e-02	1.021339111328e+02	5.732374120271e-06
144	1.440000000000e+02	9.158323505024e-01	3.967135082697e-01	6.220529020535e-02	1.019949188232e+02	5.702390808437e-06
145	1.450000000000e+02	9.027903354113e-01	4.254875271645e-01	6.268950881464e-02	1.019810104370e+02	5.613710982288e-06
146	1.460000000000e+02	8.859847053829e-01	4.597334267710e-01	6.063231924478e-02	1.018400955200e+02	5.586809493252e-06
147	1.470000000000e+02	8.698023874402e-01	4.891996983675e-01	6.424532605917e-02	1.015696258545e+02	5.501403393282e-06
148	1.480000000000e+02	8.515547737465e-01	5.203999531582e-01	6.354806104387e-02	1.013635711670e+02	5.467784376378e-06
149	1.490000000000e+02	8.332039465500e-01	5.489963061922e-01	6.613803172788e-02	1.010391693115e+02	5.418041837402e-06
150	1.500000000000e+02	8.169370503650e-01	5.731944775844e-01	6.373340260507e-02	1.012653121948e+02	5.315305770637e-06
151	1.510000000000e+02	7.947477279542e-01	6.031866638914e-01	6.739360069874e-02	1.010841751099e+02	5.298143150867e-06
152	1.520000000000e+02	7.739741014569e-01	6.296959861178e-01	6.668624551634e-02	1.008755798340e+02	5.209084974922e-06
153	1.530000000000e+02	7.515036386895e-01	6.563625233306e-01	6.656214392152e-02	1.009090805054e+02	5.084723397886e-06
154	1.540000000000e+02	7.274128524959e-01	6.828050469286e-01	6.817484809372e-02	1.006012954712e+02	5.058296210336e-06
155	1.550000000000e+02	7.019729875198e-01	7.088225606992e-01	6.931451677914e-02	1.004763488770e+02	4.950144102622e-06
156	1.560000000000e+02	6.785958648050e-01	7.313611823248e-01	6.795935004164e-02	1.004636535645e+02	4.898458428215e-06
157	1.570000000000e+02	6.493284266174e-01	7.571489816642e-01	7.140037780992e-02	1.000759735107e+02	4.792455001734e-06
158	1.580000000000e+02	6.222127981826e-01	7.796048902615e-01	7.118601588907e-02	1.000670089722e+02	4.717192041426e-06
159	1.590000000000e+02	5.979694223829e-01	7.982795208176e-01	7.198872507681e-02	1.001759719849e+02	4.651136350731e-06
160	1.600000000000e+02	5.687416853453e-01	8.193826826123e-01	7.172806135373e-02	9.989280700684e+01	4.571128556563e-06
161	1.610000000000e+02	5.398389638251e-01	8.386914474431e-01	7.190653045399e-02	9.968698120117e+01	4.483395514399e-06
162	1.620000000000e+02	5.090037822663e-01	8.578266684572e-01	7.105319501818e-02	9.954331970215e+01	4.339226961747e-06
163	1.630000000000e+02	4.820027808655e-01	8.733583856852e-01	7.013165755383e-02	9.976892852783e+01	4.285604063625e-06
164	1.640000000000e+02	4.510045424371e-01	8.896411651747e-01	7.164844679218e-02	9.956954193115e+01	4.187329523120e-06
165	1.650000000000e+02	4.172368693705e-01	9.060685057931e-01	7.037938368423e-02	9.951335144043e+01	4.107713266421e-06
166	1.660000000000e+02	3.878401220928e-01	9.189847505874e-01	7.104271871836e-02	9.945477294922e+01	4.017084847874e-06
167	1.670000000000e+02	3.558301872324e-01	9.319086183789e-01	7.022253801505e-02	9.927424621582e+01	3.885861133313e-06
168	1.680000000000e+02	3.220766492367e-01	9.440268814868e-01	7.127327021313e-02	9.914635467529e+01	3.823855422525e-06
169	1.690000000000e+02	2.837795877901e-01	9.559494491652e-01	7.503196781624e-02	9.917728424072e+01	3.751470330826e-06
170	1.700000000000e+02	2.534535172826e-01	9.647314922137e-01	7.109474318238e-02	9.894697570801e+01	3.625611498137e-06
171	1.710000000000e+02	2.183871265601e-01	9.730184010929e-01	7.444631681570e-02	9.902105712891e+01	3.532520395311e-06
172	1.720000000000e+02	1.834286446495e-01	9.804933646489e-01	7.061652923730e-02	9.897145843506e+01	3.418812866585e-06
173	1.730000000000e+02	1.530828813972e-01	9.856400321715e-01	7.126961767887e-02	9.901531219482e+01	3.320490804981e-06
174	1.740000000000e+02	1.128587040391e-01	9.909235353153e-01	7.303054210934e-02	9.878320312500e+01	3.213669515389e-06
175	1.750000000000e+02	7.721354272347e-02	9.944302843178e-01	7.173896048607e-02	9.879069519043e+01	3.120784185739e-06
176	1.760000000000e+02	4.374502489599e-02	9.963482540922e-01	7.332482092839e-02	9.867345428467e+01	2.997776391567e-06
177	1.770000000000e+02	5.138779171971e-03	9.972925986836e-01	7.335574660183e-02	9.874052429199e+01	2.922655312432e-06
178	1.780000000000e+02	-2.277744712964e-02	9.973989613926e-01	6.838493778089e-02	9.851690673828e+01	2.805157691910e-06
179	1.790000000000e+02	-6.139348588340e-02	9.954602175588e-01	7.273097791823e-02	9.887549591064e+01	2.716105200307e-06
180	1.800000000000e+02	-9.399945865288e-02	9.933244626806e-01	6.686264736909e-02	9.844441986084e+01	2.592323653516e-06
181	1.810000000000e+02	-1.320923788505e-01	9.886569160028e-01	7.147800983148e-02	9.885500335693e+01	2.498134108464e-06
182	1.820000000000e+02	-1.652883023888e-01	9.836560597277e-01	7.141801771594e-02	9.867887115479e+01	2.396447371211e-06
183	1.830000000000e+02	-2.007108464034e-01	9.774382380340e-01	6.580005292612e-02	9.873744201660e+01	2.291636292284e-06
184	1.840000000000e+02	-2.331190796002e-01	9.698927908764e-01	7.045189090743e-02	9.844596099854e+01	2.163948238376e-06
185	1.850000000000e+02	-2.718758891639e-01	9.597911706639e-01	6.988855132890e-02	9.853359985352e+01	2.096718617395e-06
186	1.860000000000e+02	-3.055760028283e-01	9.496869484883e-01	6.868774538760e-02	9.857373046875e+01	1.992829993469e-06
187	1.870000000000e+02	-3.403476226765e-01	9.377088734970e-01	6.975359706428e-02	9.866777801514e+01	1.893130502140e-06
188	1.880000000000e+02	-3.712731077958e-01	9.260309136524e-01	6.799284070976e-02	9.881681823730e+01	1.795889033929e-06
189	1.890000000000e+02	-4.241429522121e-01	9.029143614928e-01	6.963053855011e-02	9.976836395264e+01	1.696062781775e-06
190	1.900000000000e+02	-4.567790899740e-01	8.869091048841e-01	6.888470538641e-02	9.995940399170e+01	1.605657985237e-06
191	1.910000000000e+02	-4.858907031416e-01	8.713461405825e-01	6.830906156990e-02	9.999501800537e+01	1.523666696812e-06
192	1.920000000000e+02	-5.152063820634e-01	8.543819855516e-01	6.777762644091e-02	9.995208740234e+01	1.427860979675e-06
193	1.930000000000e+02	-5.428003145264e-01	8.371544732539e-01	6.738105416958e-02	9.952651214600e+01	1.328588268734e-06
194	1.940000000000e+02	-5.771881660769e-01	8.147865681851e-01	5.455886037944e-02	9.998306274414e+01	1.246306851499e-06
195	1.950000000000e+02	-6.022460601863e-01	7.965448600489e-01	5.306570379924e-02	1.000508880615e+02	1.158093255071e-06
196	1.960000000000e+02	-6.287257675304e-01	7.758732655910e-01	5.219755726497e-02	1.002257995605e+02	1.081710479411e-06
197	1.970000000000e+02	-6.514588352375e-01	7.569230429516e-01	5.166133021757e-02	9.997248840332e+01	9.987813882617e-07
198	1.980000000000e+02	-6.938635224041e-01	7.175137542599e-01	6.105263896753e-02	1.006448593140e+02	9.167057442028e-07
199	1.990000000000e+02	-7.152941298041e-01	6.964260142727e-01	5.783696492800e-02	1.008665847778e+02	8.464435268252e-07
200	2.000000000000e+02	-7.320383152574e-01	6.791841481459e-01	5.318644472395e-02	9.981497955322e+01	7.582793273286e-07
201	2.010000000000e+02	-7.509221487639e-01	6.584639283935e-01	5.041013291380e-02	1.004032897949e+02	7.100019843165e-07
202	2.020000000000e+02	-7.906642657746e-01	6.094267851513e-01	5.872829273167e-02	1.022528686523e+02	6.275003556766e-07
203	2.030000000000e+02	-8.024694220095e-01	5.935848288092e-01	6.082662038332e-02	1.025146484375e+02	5.748444777964e-07
204	2.040000000000e+02	-8.179078042017e-01	5.720442139807e-01	6.158117469823e-02	1.023789978027e+02	5.152257926966e-07
205	2.050000000000e+02	-8.499674484160e-01	5.258981855407e-01	3.140756402976e-02	1.002961425781e+02	4.472705370517e-07
206	2.060000000000e+02	-8.506866140497e-01	5.216904176303e-01	6.458632076057e-02	1.001036224365e+02	4.034627920646e-07
207	2.070000000000e+02	-8.821893329570e-01	4.702425427441e-01	2.477764739323e-02	1.022472839355e+02	3.481731880584e-07
208	2.080000000000e+02	-8.897310667632e-01	4.513739983756e-01	6.811859090408e-02	1.002260055542e+02	3.023816930181e-07
209	2.090000000000e+02	-9.045008280599e-01	4.262305053093e-01	1.434602323706e-02	1.019662780762e+02	2.594441355086e-07
210	2.100000000000e+02	-9.216324907437e-01	3.811897613681e-01	7.271807088751e-02	1.003277511597e+02	2.162597780853e-07
211	2.110000000000e+02	-9.414417321817e-01	3.290145764243e-01	7.373515719881e-02	1.016121444702e+02	1.778336269354e-07
212	2.120000000000e+02	-9.270591422855e-01	3.749069145646e-01	-2.480346061873e-03	9.934717559814e+01	1.504676845343e-07
213	2.130000000000e+02	-9.736671811077e-01	2.162524084717e-01	7.216035105213e-02	1.086282196045e+02	1.123852726437e-07
214	2.140000000000e+02	-9.767200614947e-01	2.038373983337e-01	6.684486902009e-02	1.118782119751e+02	8.898139469693e-08
215	2.150000000000e+02	-9.582901784937e-01	2.847123123986e-01	-2.487635365625e-02	8.768359375000e+01	6.438259703145e-08
216	2.160000000000e+02	-9.279016487478e-01	3.727424350607e-01	7.849035360152e-03	9.568642425537e+01	5.462471364126e-08
217	2.170000000000e+02	-8.243355232672e-01	5.382305510168e-01	-1.754389324863e-01	6.357907867432e+01	3.664350245458e-08
218	2.180000000000e+02	-9.742618572435e-01	6.731724391923e-02	2.151330337062e-01	2.004769592285e+02	1.503214441811e-08
219	2.190000000000e+02	6.259368621636e-01	-9.350261395255e-02	-7.742482197389e-01	9.392478179932e+01	8.543189267129e-09
220	2.200000000000e+02	-8.675100262154e-01	2.338070874376e-01	4.390451005075e-01	2.941045837402e+02	4.458844848898e-09
221	2.210000000000e+02	7.502785277180e-01	-3.991810267799e-01	-5.270072472976e-01	9.187731445312e+03	1.170170488285e-10
222	2.220000000000e+02	-7.402794415218e-01	4.511299712134e-01	4.984657435904e-01	2.030703430176e+02	6.146991804457e-09
223	2.230000000000e+02	-6.431225185847e-01	6.003044983815e-01	4.754239532377e-01	1.172317047119e+02	1.360571655340e-08
224	2.240000000000e+02	-8.577669844892e-01	-3.991226184505e-01	-3.239397100721e-01	1.728187408447e+02	1.181643050074e-08
225	2.250000000000e+02	-9.679371375721e-01	-1.735701935673e-01	-1.815794195763e-01	1.220291976929e+02	2.685985300843e-08
226	2.260000000000e+02	-9.394149924843e-01	-2.850107694709e-01	1.904424668538e-01	1.076653366089e+02	4.183371160593e-08
227	2.270000000000e+02	-9.440819687681e-01	-3.007207476208e-01	1.351897488617e-01	1.093483200073e+02	6.056876600269e-08
228	2.280000000000e+02	-9.809423105744e-01	-1.929433457707e-01	-2.291394003192e-02	8.957437896729e+01	8.789637462314e-08
229	2.290000000000e+02	-9.703995172643e-01	-2.369034003816e-01	4.692073934747e-02	1.080732269287e+02	1.155453759338e-07
230	2.300000000000e+02	-9.231405691035e-01	-3.833229939274e-01	2.957992565617e-02	1.073898773193e+02	1.322720493135e-07
231	2.310000000000e+02	-9.589654615891e-01	-2.829129734471e-01	1.858744023636e-02	9.470124053955e+01	1.865677603519e-07
232	2.320000000000e+02	-9.212494918205e-01	-3.862831248241e-01	4.565874830385e-02	1.129029617310e+02	2.043088187520e-07
233	2.330000000000e+02	-9.195351547633e-01	-3.900926627080e-01	4.777879923058e-02	1.092213821411e+02	2.495050068774e-07
234	2.340000000000e+02	-9.120135533688e-01	-4.072140263934e-01	4.907153125919e-02	1.055055847168e+02	2.944716754882e-07
235	2.350000000000e+02	-8.897144043925e-01	-4.542320588321e-01	4.562362705438e-02	1.015416946411e+02	3.425640500154e-07
236	2.360000000000e+02	-8.676552828100e-01	-4.955438751041e-01	4.013200790851e-02	1.020970611572e+02	3.915491220141e-07
237	2.370000000000e+02	-8.518233596004e-01	-5.238133473657e-01	4.067082579780e-03	1.022804870605e+02	4.433001663529e-07
238	2.380000000000e+02	-8.229685086198e-01	-5.673018423040e-01	2.985721920338e-02	1.058685913086e+02	4.902253749606e-07
239	2.390000000000e+02	-8.106000752654e-01	-5.851537596174e-01	2.286034963403e-02	1.059015579224e+02	5.448303568301e-07
240	2.400000000000e+02	-7.984171791230e-01	-6.018422104455e-01	1.777531454985e-02	1.023325958252e+02	6.201665883054e-07
241	2.410000000000e+02	-7.741685685061e-01	-6.328282956947e-01	1.383386082654e-02	1.005563049316e+02	6.859323207209e-07
242	2.420000000000e+02	-7.395005836650e-01	-6.727951951796e-01	2.203433916221e-02	1.071506729126e+02	7.327270168389e-07
243	2.430000000000e+02	-7.061626299322e-01	-7.080012635704e-01	8.279545274565e-03	1.030000686646e+02	8.088525191852e-07
244	2.440000000000e+02	-6.842177531598e-01	-7.292408161596e-01	7.341546687783e-03	1.054822769165e+02	8.744601132094e-07
245	2.450000000000e+02	-6.696599375461e-01	-7.422875682275e-01	2.376413475521e-02	1.029626464844e+02	9.603779744793e-07
246	2.460000000000e+02	-6.425282190744e-01	-7.662299925690e-01	7.006153067303e-03	1.036969680786e+02	1.029877239489e-06
247	2.470000000000e+02	-6.164560824497e-01	-7.871667861536e-01	1.871761703398e-02	1.046340332031e+02	1.119766920965e-06
248	2.480000000000e+02	-5.914256648564e-01	-8.062259004296e-01	1.467925153977e-02	1.052055587769e+02	1.181481479762e-06
249	2.490000000000e+02	-5.553714862546e-01	-8.315594728429e-01	8.447211408318e-03	1.050681228638e+02	1.271274186365e-06
250	2.500000000000e+02	-5.292111356750e-01	-8.484662239154e-01	6.375009989532e-03	1.043284378052e+02	1.369249275740e-06
251	2.510000000000e+02	-4.966346593045e-01	-8.679359627973e-01	6.417138047569e-03	1.038319778442e+02	1.452883793718e-06
252	2.520000000000e+02	-4.675107480298e-01	-8.839085523813e-01	1.180557088329e-02	1.057828216553e+02	1.533293698230e-06
253	2.530000000000e+02	-4.424686400743e-01	-8.966783162589e-01	1.376588907251e-02	1.048740692139e+02	1.621202386559e-06
254	2.540000000000e+02	-4.132126998042e-01	-9.105055458767e-01	1.532695822431e-02	1.029989700317e+02	1.741894038787e-06
255	2.550000000000e+02	-3.681650157302e-01	-9.296823564572e-01	1.205144325981e-02	1.043716354370e+02	1.828076392485e-06
256	2.560000000000e+02	-3.580651711348e-01	-9.336562678856e-01	8.677940890382e-03	1.049649963379e+02	1.912031393658e-06
257	2.570000000000e+02	-3.251583027261e-01	-9.456464770701e-01	4.981824286708e-03	1.027899322510e+02	2.025425374086e-06
258	2.580000000000e+02	-3.055981023405e-01	-9.521052311928e-01	1.026784209214e-02	1.033222351074e+02	2.119129248968e-06
259	2.590000000000e+02	-2.646252124979e-01	-9.643510474676e-01	7.444183444670e-04	1.053516387939e+02	2.213609377577e-06
260	2.600000000000e+02	-2.285872473518e-01	-9.735093277230e-01	5.240151178669e-03	1.040961532593e+02	2.298590061400e-06
261	2.610000000000e+02	-1.952594941984e-01	-9.807225463306e-01	7.550963131059e-03	1.045507278442e+02	2.393962631686e-06
262	2.620000000000e+02	-1.579990337223e-01	-9.874339323206e-01	3.245711736872e-03	1.045180664062e+02	2.496598881407e-06
263	2.630000000000e+02	-1.257042476314e-01	-9.920528036988e-01	5.447641753986e-03	1.046049346924e+02	2.613730202938e-06
264	2.640000000000e+02	-8.934355765942e-02	-9.959629677193e-01	8.688822510031e-03	1.045861663818e+02	2.725086687860e-06
265	2.650000000000e+02	-6.405185139686e-02	-9.979127906138e-01	8.211130367728e-03	1.036124343872e+02	2.837439751602e-06
266	2.660000000000e+02	-2.854230286149e-02	-9.995653746593e-01	7.375549444872e-03	1.063966217041e+02	2.878706027332e-06
267	2.670000000000e+02	9.117839762456e-03	-9.999111470266e-01	9.724353445716e-03	1.040719223022e+02	3.030898824363e-06
268	2.680000000000e+02	4.244022852160e-02	-9.990408330966e-01	1.078150307980e-02	1.039055023193e+02	3.124274371658e-06
269	2.690000000000e+02	7.415281347589e-02	-9.972393134348e-01	3.887414774403e-03	1.052004089355e+02	3.250588861192e-06
270	2.700000000000e+02	1.130189984591e-01	-9.935747195078e-01	5.998561691352e-03	1.056658859253e+02	3.321124950162e-06
271	2.710000000000e+02	1.534270516344e-01	-9.881136825943e-01	9.565045565994e-03	1.058936004639e+02	3.434214931985e-06
272	2.720000000000e+02	1.760552516758e-01	-9.843195241938e-01	1.093721392004e-02	1.043777084351e+02	3.529243713274e-06
273	2.730000000000e+02	2.243342319886e-01	-9.744637373077e-01	9.725072257160e-03	1.045791473389e+02	3.643275476861e-06
274	2.740000000000e+02	2.477388026071e-01	-9.687583510204e-01	1.152141532129e-02	1.037994232178e+02	3.716126911968e-06
275	2.750000000000e+02	2.828408880519e-01	-9.591178058355e-01	9.698792465914e-03	1.065937118530e+02	3.789380343733e-06
276	2.760000000000e+02	3.186431158512e-01	-9.477878084273e-01	1.283880513186e-02	1.060944900513e+02	3.900469891960e-06
277	2.770000000000e+02	3.516038065352e-01	-9.360508669472e-01	1.354760928433e-02	1.053857345581e+02	4.027446721011e-06
278	2.780000000000e+02	3.829257084082e-01	-9.236457925160e-01	1.569559835115e-02	1.036828079224e+02	4.130256002099e-06
279	2.790000000000e+02	4.142763882524e-01	-9.100450923752e-01	1.389258724714e-02	1.053200149536e+02	4.185286798020e-06
280	2.800000000000e+02	4.426226857210e-01	-8.965880646980e-01	1.466288942440e-02	1.052705001831e+02	4.290468041290e-06
281	2.810000000000e+02	4.783641560555e-01	-8.780571807736e-01	1.353962677506e-02	1.060503692627e+02	4.363756033854e-06
282	2.820000000000e+02	5.085170347569e-01	-8.608997750673e-01	1.618649595036e-02	1.050788192749e+02	4.462987817533e-06
283	2.830000000000e+02	5.440067002232e-01	-8.389694242328e-01	1.367535427970e-02	1.046723937988e+02	4.572382295009e-06
284	2.840000000000e+02	5.731455960159e-01	-8.193241232903e-01	1.456388554054e-02	1.051897964478e+02	4.677316155721e-06
285	2.850000000000e+02	5.958170350866e-01	-8.029682103270e-01	1.562414493131e-02	1.044720153809e+02	4.751234882860e-06
286	2.860000000000e+02	6.193813200928e-01	-7.849417591279e-01	1.527138164493e-02	1.053390960693e+02	4.805775006389e-06
287	2.870000000000e+02	6.530144596584e-01	-7.572147085461e-01	1.407126996835e-02	1.059904022217e+02	4.922754669678e-06
288	2.880000000000e+02	6.773907042386e-01	-7.353867692316e-01	1.865833460366e-02	1.051097869873e+02	4.975172942068e-06
289	2.890000000000e+02	7.033232596316e-01	-7.105573937565e-01	2.108512838916e-02	1.041402511597e+02	5.148228410690e-06
290	2.900000000000e+02	7.244357370209e-01	-6.889664471776e-01	2.276175719156e-02	1.044177703857e+02	5.180838343222e-06
291	2.910000000000e+02	7.493787600994e-01	-6.618858010903e-01	1.840272335935e-02	1.049802703857e+02	5.195488029131e-06
292	2.920000000000e+02	7.712592154872e-01	-6.361426186538e-01	2.194974392504e-02	1.046194992065e+02	5.313728252077e-06
293	2.930000000000e+02	7.905224955136e-01	-6.120728450993e-01	2.100038997412e-02	1.055907135010e+02	5.306872481015e-06
294	2.940000000000e+02	8.116760454081e-01	-5.836827556001e-01	2.228089149376e-02	1.049437942505e+02	5.412724021880e-06
295	2.950000000000e+02	8.325959707566e-01	-5.534515959298e-01	2.180092756495e-02	1.050786743164e+02	5.442203473649e-06
296	2.960000000000e+02	8.507219247085e-01	-5.250442099224e-01	2.451090465866e-02	1.056824417114e+02	5.549050001719e-06
297	2.970000000000e+02	8.699405062317e-01	-4.924111413914e-01	2.710688936327e-02	1.044191589355e+02	5.575736395258e-06
298	2.980000000000e+02	8.830604167922e-01	-4.683404719190e-01	2.935136551474e-02	1.053571929932e+02	5.621119271382e-06
299	2.990000000000e+02	8.997728661533e-01	-4.353176239208e-01	3.012234449978e-02	1.052100753784e+02	5.664086984325e-06
300	3.000000000000e+02	9.150799232590e-01	-4.019783138108e-01	3.228264664054e-02	1.044990615845e+02	5.693495950254e-06
301	3.010000000000e+02	9.270848419802e-01	-3.736473619784e-01	3.002240258684e-02	1.053643264771e+02	5.733770194638e-06
302	3.020000000000e+02	9.394442686237e-01	-3.412930987247e-01	3.104008558444e-02	1.047777557373e+02	5.782817424915e-06
303	3.030000000000e+02	9.506106757918e-01	-3.084715889546e-01	3.441833637161e-02	1.037732467651e+02	5.817866167490e-06
304	3.040000000000e+02	9.601695111682e-01	-2.776615967973e-01	3.128174366870e-02	1.048345947266e+02	5.841017355124e-06
305	3.050000000000e+02	9.696925981748e-01	-2.418886476146e-01	3.444048780524e-02	1.045979537964e+02	5.846266049048e-06
306	3.060000000000e+02	9.776921450747e-01	-2.072780444151e-01	3.396883516914e-02	1.044623107910e+02	5.881094239157e-06
307	3.070000000000e+02	9.841998797263e-01	-1.730887358261e-01	3.729458776889e-02	1.041744766235e+02	5.927842266829e-06
308	3.080000000000e+02	9.895298761985e-01	-1.390872759322e-01	3.854028780754e-02	1.033729476929e+02	5.922279797232e-06
309	3.090000000000e+02	9.934297464582e-01	-1.080893404496e-01	3.760363457305e-02	1.040289001465e+02	5.947590125288e-06
310	3.100000000000e+02	9.964264136811e-01	-7.422023140037e-02	4.032070646129e-02	1.042408370972e+02	5.956616405456e-06
311	3.110000000000e+02	9.986297714020e-01	-3.255196584152e-02	4.097498248252e-02	1.035753402710e+02	5.993882496114e-06
312	3.120000000000e+02	9.991705388655e-01	7.142376050423e-04	4.071515845391e-02	1.035409011841e+02	6.015975941409e-06
313	3.130000000000e+02	9.984996237101e-01	3.390341553102e-02	4.300069611253e-02	1.030705947876e+02	6.021492481523e-06
314	3.140000000000e+02	9.968227159673e-01	6.611327568473e-02	4.442417933824e-02	1.031664199829e+02	6.001725978422e-06
315	3.150000000000e+02	9.942643243079e-01	9.797277503504e-02	4.289275883612e-02	1.034128799438e+02	5.972937287879e-06
316	3.160000000000e+02	9.899716041127e-01	1.343405140833e-01	4.369038024920e-02	1.031262207031e+02	5.986970791128e-06
317	3.170000000000e+02	9.850918416845e-01	1.654954061866e-01	4.696098356997e-02	1.030898361206e+02	5.968787718302e-06
318	3.180000000000e+02	9.783243142052e-01	2.015474390971e-01	4.754120347980e-02	1.025820083618e+02	5.971776772640e-06
319	3.190000000000e+02	9.708708183767e-01	2.348472962569e-01	4.750369949068e-02	1.025897750854e+02	5.907661943638e-06
320	3.200000000000e+02	9.625793087454e-01	2.664392514456e-01	4.950959164036e-02	1.026871795654e+02	5.920450348640e-06
321	3.210000000000e+02	9.520678768459e-01	3.015240056083e-01	5.147846073953e-02	1.024390945435e+02	5.889120529901e-06
322	3.220000000000e+02	9.404959214746e-01	3.358083685001e-01	5.196307664974e-02	1.020971755981e+02	5.863547357876e-06
323	3.230000000000e+02	9.293530069899e-01	3.656901436991e-01	5.073171789003e-02	1.022114791870e+02	5.797049198009e-06
324	3.240000000000e+02	9.144434556278e-01	4.011119305689e-01	5.387379339463e-02	1.018181304932e+02	5.748024705099e-06
325	3.250000000000e+02	9.009344208988e-01	4.308085672270e-01	5.216462061217e-02	1.017627639771e+02	5.723796675738e-06
326	3.260000000000e+02	8.847756785057e-01	4.629555702553e-01	5.333046684933e-02	1.017074432373e+02	5.702329872292e-06
327	3.270000000000e+02	8.659007113815e-01	4.970638287633e-01	5.606699710270e-02	1.011077194214e+02	5.728469659516e-06
328	3.280000000000e+02	8.531422584061e-01	5.185643053131e-01	5.691527191244e-02	1.017029113770e+02	5.638762559101e-06
329	3.290000000000e+02	8.312311435594e-01	5.530156761206e-01	5.681943278250e-02	1.013126678467e+02	5.600880740531e-06
330	3.300000000000e+02	8.138947299363e-01	5.780784235609e-01	5.831556220382e-02	1.011347045898e+02	5.471645636135e-06
331	3.310000000000e+02	7.934844979896e-01	6.059384519706e-01	5.675336002001e-02	1.012117538452e+02	5.424251867225e-06
332	3.320000000000e+02	7.687039752293e-01	6.368135512880e-01	5.968835198494e-02	1.007955322266e+02	5.358914677345e-06
333	3.330000000000e+02	7.488005072747e-01	6.602800084588e-01	5.768978015973e-02	1.007322463989e+02	5.279888682708e-06
334	3.340000000000e+02	7.256969086704e-01	6.855631578649e-01	5.802717746475e-02	1.006905288696e+02	5.178530045669e-06
335	3.350000000000e+02	7.002705452699e-01	7.114572675479e-01	5.873431604076e-02	1.005027618408e+02	5.143067028257e-06
336	3.360000000000e+02	6.740426399452e-01	7.362727484672e-01	5.974076832696e-02	1.004157409668e+02	5.069237431599e-06
337	3.370000000000e+02	6.494301495766e-01	7.579774849062e-01	6.091480276726e-02	1.001237182617e+02	4.957007604389e-06
338	3.380000000000e+02	6.229813377108e-01	7.799150749753e-01	6.022232717513e-02	1.003520965576e+02	4.873049874732e-06
339	3.390000000000e+02	5.913494286816e-01	8.039150467925e-01	6.345432009410e-02	9.996710968018e+01	4.853511654801e-06
340	3.400000000000e+02	5.631435867292e-01	8.240281590980e-01	6.202333221725e-02	9.983166503906e+01	4.697960775957e-06
341	3.410000000000e+02	5.362920010835e-01	8.416718064572e-01	6.308295957641e-02	9.974704742432e+01	4.602808985510e-06
342	3.420000000000e+02	5.044613783617e-01	8.610551665679e-01	6.405246184296e-02	9.965024566650e+01	4.518591140368e-06
343	3.430000000000e+02	4.777014037915e-01	8.763677016786e-01	6.149000138440e-02	9.962856292725e+01	4.412645466800e-06
344	3.440000000000e+02	4.466083063382e-01	8.925078558061e-01	6.301387175916e-02	9.950446319580e+01	4.311980319471e-06
345	3.450000000000e+02	4.125027557795e-01	9.085380341584e-01	6.633337743480e-02	9.946189880371e+01	4.236209406372e-06
346	3.460000000000e+02	3.826957569588e-01	9.215444405287e-01	6.557287348035e-02	9.934072113037e+01	4.135800736549e-06
347	3.470000000000e+02	3.470852337856e-01	9.355391014588e-01	6.556241400076e-02	9.912843322754e+01	4.012670160591e-06
348	3.480000000000e+02	3.127723080798e-01	9.476106416809e-01	6.486566943658e-02	9.905007171631e+01	3.914299213648e-06
349	3.490000000000e+02	2.849750929555e-01	9.564296123629e-01	6.349482648562e-02	9.920178222656e+01	3.820869096671e-06
350	3.500000000000e+02	2.472143262808e-01	9.668667388287e-01	6.366935077651e-02	9.909101104736e+01	3.719390178958e-06
351	3.510000000000e+02	2.139058521884e-01	9.747993814283e-01	6.332813250485e-02	9.906421661377e+01	3.620294137363e-06
352	3.520000000000e+02	1.763573335042e-01	9.822242263740e-01	6.429354589115e-02	9.887289428711e+01	3.482610281935e-06
353	3.530000000000e+02	1.477969098259e-01	9.870700933188e-01	6.203792647693e-02	9.890250396729e+01	3.396450665605e-06
354	3.540000000000e+02	1.065293527560e-01	9.921539999916e-01	6.543651352295e-02	9.882887268066e+01	3.299646095911e-06
355	3.550000000000e+02	7.209912890977e-02	9.952697173485e-01	6.511455551159e-02	9.881867218018e+01	3.188212076566e-06
356	3.560000000000e+02	4.334132229364e-02	9.972135602522e-01	6.071774889585e-02	9.862200927734e+01	3.076217126363e-06
357	3.570000000000e+02	3.155762223908e-03	9.978229400581e-01	6.587428526053e-02	9.886036682129e+01	2.954045157821e-06
358	3.580000000000e+02	-3.261299793426e-02	9.976377069063e-01	6.045988855887e-02	9.863675689697e+01	2.822533360813e-06
359	3.590000000000e+02	-6.539297553155e-02	9.957961790355e-01	6.413835490107e-02	9.862632751465e+01	2.742142896750e-06
360	3.600000000000e+02	-1.004402180979e-01	9.927950361778e-01	6.534354389877e-02	9.851998901367e+01	2.621693511173e-06
