# Filename: 145841_polarimeter_vs_wheel.dat
# Timestamp: Tue May 28 14:58:41 2019

# Column 1:
#	name: measurement point
#	size: 0
#	type: coordinate
# Column 2:
#	name: angle
#	type: value
# Column 3:
#	name: S1
#	type: value
# Column 4:
#	name: S2
#	type: value
# Column 5:
#	name: S3
#	type: value
# Column 6:
#	name: DOP
#	type: value
# Column 7:
#	name: power
#	type: value

0	0.000000000000e+00	9.875565859383e-01	1.475355292360e-01	5.445417507283e-02	1.004337921143e+02	1.364619919286e-07
1	1.000000000000e+00	9.864943982666e-01	1.452575985033e-01	7.569037102390e-02	9.944514465332e+01	1.129853615112e-07
2	2.000000000000e+00	9.873123726846e-01	1.274000728215e-01	9.478132827192e-02	9.952903747559e+01	9.685851409813e-08
3	3.000000000000e+00	9.891764966955e-01	9.676590417678e-02	1.103005810235e-01	9.968160247803e+01	8.843515075796e-08
4	4.000000000000e+00	9.909460805638e-01	5.880528619150e-02	1.206971570966e-01	9.955088806152e+01	8.804049400624e-08
5	5.000000000000e+00	9.926862702033e-01	2.406205055528e-02	1.183004085918e-01	9.988502502441e+01	9.537946255023e-08
6	6.000000000000e+00	9.939526696406e-01	-5.397819633274e-04	1.098080104081e-01	1.000284881592e+02	1.110863721010e-07
7	7.000000000000e+00	9.954860738414e-01	-1.471328041485e-02	9.376031232538e-02	1.004611587524e+02	1.343396718312e-07
8	8.000000000000e+00	9.964649867368e-01	-2.173694469531e-02	8.114823129937e-02	1.005255966187e+02	1.656004400274e-07
9	9.000000000000e+00	9.973422449690e-01	-2.534007557685e-02	6.831051873563e-02	1.008444061279e+02	2.044664313416e-07
10	1.000000000000e+01	9.979843510084e-01	-2.303667678332e-02	5.913160462213e-02	1.008061370850e+02	2.515428150218e-07
11	1.100000000000e+01	9.984404366159e-01	-2.222671189119e-02	5.121198891640e-02	1.009818878174e+02	3.052179522456e-07
12	1.200000000000e+01	9.988245368992e-01	-2.042815889178e-02	4.395719295288e-02	1.011373214722e+02	3.673729054299e-07
13	1.300000000000e+01	9.991141488500e-01	-1.688366958219e-02	3.854684512668e-02	1.009517822266e+02	4.369934742954e-07
14	1.400000000000e+01	9.993594430583e-01	-1.150405138833e-02	3.388746629493e-02	1.009216918945e+02	5.147314823262e-07
15	1.500000000000e+01	9.995144030340e-01	-9.465976628836e-03	2.968759697295e-02	1.010571670532e+02	5.997688958814e-07
16	1.600000000000e+01	9.996242209898e-01	-6.018781516773e-03	2.674305666260e-02	1.009057922363e+02	6.920890314177e-07
17	1.700000000000e+01	9.997037690524e-01	-2.872049169893e-03	2.416868792518e-02	1.010106964111e+02	7.898527769612e-07
18	1.800000000000e+01	9.997941900079e-01	-7.438998825181e-04	2.027373274540e-02	1.010218200684e+02	8.971530860435e-07
19	1.900000000000e+01	9.998007843113e-01	7.472257984290e-04	1.994576005492e-02	1.011436309814e+02	1.008600065688e-06
20	2.000000000000e+01	9.998467166563e-01	4.087372610288e-03	1.702458741910e-02	1.012119674683e+02	1.129594579652e-06
21	2.100000000000e+01	9.998595263944e-01	6.043544823484e-03	1.563339516528e-02	1.012154464722e+02	1.254160792996e-06
22	2.200000000000e+01	9.998574962097e-01	7.510142223146e-03	1.511902897174e-02	1.010393447876e+02	1.385143036714e-06
23	2.300000000000e+01	9.998608806303e-01	1.022559301620e-02	1.317788422935e-02	1.011778182983e+02	1.523868718323e-06
24	2.400000000000e+01	9.998657030103e-01	1.122626537842e-02	1.193930103794e-02	1.011401138306e+02	1.665848458288e-06
25	2.500000000000e+01	9.998581439842e-01	1.295067045098e-02	1.076903167953e-02	1.009844284058e+02	1.810256321733e-06
26	2.600000000000e+01	9.998748996688e-01	-1.182398559161e-02	1.050611141453e-02	1.031263504028e+02	1.920378053910e-06
27	2.700000000000e+01	9.998822512940e-01	-1.079898109282e-02	1.090254807952e-02	1.029183731079e+02	2.069065430987e-06
28	2.800000000000e+01	9.998950694728e-01	-1.165708756196e-02	8.600136837920e-03	1.032572784424e+02	2.222661578344e-06
29	2.900000000000e+01	9.999164885888e-01	-8.588591024845e-03	9.656705048491e-03	1.031143341064e+02	2.382415004831e-06
30	3.000000000000e+01	9.999446191151e-01	-7.744105792164e-03	7.126536906231e-03	1.031288909912e+02	2.544256631154e-06
31	3.100000000000e+01	9.999293263363e-01	-8.351116898845e-03	8.461748003247e-03	1.032179565430e+02	2.706762870730e-06
32	3.200000000000e+01	9.999508422434e-01	-5.799260529572e-03	8.042491781196e-03	1.030721435547e+02	2.877819952118e-06
33	3.300000000000e+01	9.999651389935e-01	-3.500898388150e-03	7.580534816042e-03	1.030594787598e+02	3.054163926208e-06
34	3.400000000000e+01	9.999604498718e-01	-4.465143024321e-03	7.691631167379e-03	1.030891647339e+02	3.228198465877e-06
35	3.500000000000e+01	9.999755215738e-01	-3.249883333917e-03	6.196330494823e-03	1.032928390503e+02	3.409692908463e-06
36	3.600000000000e+01	9.999796757476e-01	-3.487001868836e-03	5.337500318354e-03	1.032499313354e+02	3.594439476728e-06
37	3.700000000000e+01	9.999854065089e-01	-2.668177306351e-03	4.697616313033e-03	1.031622543335e+02	3.780565975831e-06
38	3.800000000000e+01	9.999788568414e-01	-1.467265680031e-03	6.335061299306e-03	1.031790847778e+02	3.963689323427e-06
39	3.900000000000e+01	9.999917614928e-01	1.876854002074e-04	4.054839161730e-03	1.031082229614e+02	4.156000613875e-06
40	4.000000000000e+01	9.999919241338e-01	4.001146700296e-04	3.998946781611e-03	1.032713165283e+02	4.347984940978e-06
41	4.100000000000e+01	9.999920506089e-01	3.731736363687e-04	3.969818688400e-03	1.033289947510e+02	4.532544153335e-06
42	4.200000000000e+01	9.999861247281e-01	2.442501643844e-03	4.667390806324e-03	1.029893646240e+02	4.728105068352e-06
43	4.300000000000e+01	9.999863030366e-01	3.607648356870e-03	3.791914105622e-03	1.030619888306e+02	4.917979367747e-06
44	4.400000000000e+01	9.999909859955e-01	1.867331216637e-03	3.813266573492e-03	1.030807876587e+02	5.095862888993e-06
45	4.500000000000e+01	9.999892870605e-01	3.799467634756e-03	2.643824864985e-03	1.031931304932e+02	5.289799901220e-06
46	4.600000000000e+01	9.999935626235e-01	2.788942076897e-03	2.257545954514e-03	1.032112350464e+02	5.465754384204e-06
47	4.700000000000e+01	9.999911410508e-01	3.510390880922e-03	2.322708706174e-03	1.031059646606e+02	5.644218163070e-06
48	4.800000000000e+01	9.999845840374e-01	5.146878611284e-03	2.083585379182e-03	1.029539794922e+02	5.826394044561e-06
49	4.900000000000e+01	9.999773995660e-01	6.460423656679e-03	1.860989888124e-03	1.029022140503e+02	6.007729098201e-06
50	5.000000000000e+01	9.999765166005e-01	6.012064746084e-03	3.289578239106e-03	1.028717651367e+02	6.177484465297e-06
51	5.100000000000e+01	9.999741655538e-01	6.600595064620e-03	2.846114854077e-03	1.028437118530e+02	6.347591806843e-06
52	5.200000000000e+01	9.999689439129e-01	7.484633138468e-03	2.468091657254e-03	1.028546447754e+02	6.517455403809e-06
53	5.300000000000e+01	9.999634023139e-01	8.327900400960e-03	1.959619254914e-03	1.028866271973e+02	6.692675924569e-06
54	5.400000000000e+01	9.999610842946e-01	8.702449085760e-03	1.448197626323e-03	1.030024490356e+02	6.844476502010e-06
55	5.500000000000e+01	9.999567762118e-01	9.190353448280e-03	1.408229964940e-03	1.029725341797e+02	7.003483005974e-06
56	5.600000000000e+01	9.999659322918e-01	7.992455249981e-03	2.062744497957e-03	1.028611831665e+02	7.155625553423e-06
57	5.700000000000e+01	9.999526070415e-01	9.461287934035e-03	2.295147403029e-03	1.027981262207e+02	7.314791673707e-06
58	5.800000000000e+01	9.999736672697e-01	7.246839484378e-03	3.848176003989e-04	1.032771072388e+02	7.666302735743e-06
59	5.900000000000e+01	9.999687456916e-01	7.903187209949e-03	2.174208012759e-04	1.031830520630e+02	7.815840035619e-06
60	6.000000000000e+01	9.999458547751e-01	1.024017177937e-02	1.851053765644e-03	1.030849761963e+02	7.902219294920e-06
61	6.100000000000e+01	9.999415327192e-01	1.042908273102e-02	2.857512304958e-03	1.031012344360e+02	8.660686035000e-06
62	6.200000000000e+01	9.999450713795e-01	1.011796760712e-02	2.735133509407e-03	1.031774444580e+02	8.790733772912e-06
63	6.300000000000e+01	9.999449021488e-01	1.022585618575e-02	2.371609566613e-03	1.032406539917e+02	8.918612365960e-06
64	6.400000000000e+01	9.999180688603e-01	1.280039527573e-02	-7.380742732447e-05	1.031782302856e+02	9.054452675628e-06
65	6.500000000000e+01	9.999196034593e-01	1.267368489426e-02	-4.053751738297e-04	1.032330551147e+02	9.165595656668e-06
66	6.600000000000e+01	9.999329865323e-01	1.156964973368e-02	-4.070008983024e-04	1.033017730713e+02	9.273046998715e-06
67	6.700000000000e+01	9.999256525672e-01	1.217518830307e-02	-6.738900413171e-04	1.032569427490e+02	9.382110874867e-06
68	6.800000000000e+01	9.999272962062e-01	1.205587113243e-02	-2.413978491624e-04	1.031099929810e+02	9.492981007497e-06
69	6.900000000000e+01	9.999188340883e-01	1.273924618544e-02	1.919429293800e-04	1.029631042480e+02	9.589141882316e-06
70	7.000000000000e+01	9.998923935307e-01	1.464807981148e-02	7.969424844505e-04	1.027914428711e+02	9.701890121505e-06
71	7.100000000000e+01	9.999071228400e-01	1.360402937207e-02	-8.222400358090e-04	1.031841278076e+02	9.796105587156e-06
72	7.200000000000e+01	9.998793437085e-01	1.550843330248e-02	8.868605497491e-04	1.028066177368e+02	9.877474440145e-06
73	7.300000000000e+01	9.998699191297e-01	1.611346632667e-02	7.078294725808e-04	1.028242111206e+02	9.944966222974e-06
74	7.400000000000e+01	9.999037386961e-01	1.379723934918e-02	-1.466126871193e-03	1.030918273926e+02	9.994726497098e-06
75	7.500000000000e+01	9.999027391030e-01	1.386398979279e-02	-1.517274331447e-03	1.031115036011e+02	1.004899331747e-05
76	7.600000000000e+01	9.998751772055e-01	1.578532490031e-02	6.734434287835e-04	1.030480880737e+02	1.011131098494e-05
77	7.700000000000e+01	9.998795886688e-01	1.549615700017e-02	8.229712995455e-04	1.030508728027e+02	1.016183796310e-05
78	7.800000000000e+01	9.998966552159e-01	1.434829859749e-02	8.973379648635e-04	1.030527877808e+02	1.019899082166e-05
79	7.900000000000e+01	9.998942688288e-01	1.451207491568e-02	9.224126304365e-04	1.029797058105e+02	1.024568427965e-05
80	8.000000000000e+01	9.998566101174e-01	1.690239953355e-02	-1.033486615500e-03	1.030138397217e+02	1.030721432471e-05
81	8.100000000000e+01	9.998626015856e-01	1.653015776586e-02	-1.237673111859e-03	1.031258544922e+02	1.031362808135e-05
82	8.200000000000e+01	9.998669884878e-01	1.621511704464e-02	-1.753656609239e-03	1.032180252075e+02	1.034176057146e-05
83	8.300000000000e+01	9.998692218565e-01	1.601509390171e-02	-2.248544284818e-03	1.032782669067e+02	1.035792593029e-05
84	8.400000000000e+01	9.998680073244e-01	1.606455302649e-02	-2.428593247575e-03	1.032984390259e+02	1.040098231897e-05
85	8.500000000000e+01	9.998656567186e-01	1.622665984088e-02	-2.316036517308e-03	1.032638397217e+02	1.039306425810e-05
86	8.600000000000e+01	9.998659328348e-01	1.627447428034e-02	-1.804949686827e-03	1.031918563843e+02	1.039828021021e-05
87	8.700000000000e+01	9.998586659295e-01	1.676890043145e-02	-1.205049412839e-03	1.030937271118e+02	1.040463394020e-05
88	8.800000000000e+01	9.998421041786e-01	1.776141779921e-02	-5.465797818057e-04	1.029182434082e+02	1.041896302922e-05
89	8.900000000000e+01	9.998379871430e-01	1.799503227747e-02	-4.222311745700e-04	1.028702468872e+02	1.038235313899e-05
90	9.000000000000e+01	9.998515406801e-01	1.713182437203e-02	-1.843147649682e-03	1.031644439697e+02	1.035618424794e-05
91	9.100000000000e+01	9.998515424742e-01	1.710964829756e-02	-2.037878063769e-03	1.031292877197e+02	1.033132502926e-05
92	9.200000000000e+01	9.998032554855e-01	1.983350632195e-02	-2.869626905430e-04	1.029227294922e+02	1.034119850374e-05
93	9.300000000000e+01	9.997950444784e-01	2.024231270107e-02	-3.432387730729e-04	1.029517822266e+02	1.030654948408e-05
94	9.400000000000e+01	9.998115005495e-01	1.941194407075e-02	-3.738935367570e-04	1.031093673706e+02	1.027178223012e-05
95	9.500000000000e+01	9.998010554959e-01	1.977933178472e-02	-2.574386036744e-03	1.030262832642e+02	1.020790386974e-05
96	9.600000000000e+01	9.998306497753e-01	1.837261612878e-02	-1.057708169406e-03	1.031417617798e+02	1.015637644741e-05
97	9.700000000000e+01	9.998175851284e-01	1.904745289418e-02	-1.411030182417e-03	1.030932159424e+02	1.009349944070e-05
98	9.800000000000e+01	9.998007925713e-01	1.987280501883e-02	-1.856554458207e-03	1.030226440430e+02	1.003041052172e-05
99	9.900000000000e+01	9.997830506824e-01	2.070326452068e-02	-2.286133510640e-03	1.029746475220e+02	9.962857802748e-06
100	1.000000000000e+02	9.997830348070e-01	2.051201157132e-02	-3.625009434430e-03	1.031736602783e+02	9.893114111037e-06
101	1.010000000000e+02	9.997877294366e-01	2.030869651860e-02	-3.471730654580e-03	1.030784530640e+02	9.809804396355e-06
102	1.020000000000e+02	9.997833085152e-01	2.059440904396e-02	-3.034193551074e-03	1.029640808105e+02	9.733314072946e-06
103	1.030000000000e+02	9.997807276863e-01	2.077666441439e-02	-2.612807467800e-03	1.029317321777e+02	9.648613740865e-06
104	1.040000000000e+02	9.997742791871e-01	2.114663493742e-02	-2.051951956450e-03	1.029002609253e+02	9.552813025948e-06
105	1.050000000000e+02	9.997612101903e-01	2.178546353443e-02	-1.707681909221e-03	1.028742904663e+02	9.472528290644e-06
106	1.060000000000e+02	9.997761544261e-01	2.090558092275e-02	-3.255415058681e-03	1.031999359131e+02	9.370336556458e-06
107	1.070000000000e+02	9.997709231709e-01	2.112080890958e-02	-3.465921669402e-03	1.032018127441e+02	9.270192094846e-06
108	1.080000000000e+02	9.997072440580e-01	2.412920641754e-02	-1.790970584405e-03	1.029244918823e+02	9.158977263724e-06
109	1.090000000000e+02	9.997499045324e-01	2.211669529083e-02	-3.313634983069e-03	1.031142196655e+02	9.049100299308e-06
110	1.100000000000e+02	9.996990666990e-01	2.449711483481e-02	-1.291280759241e-03	1.029432220459e+02	8.961325875134e-06
111	1.110000000000e+02	9.997065874949e-01	2.420336036092e-02	-9.676087165969e-04	1.029908981323e+02	8.846986020217e-06
112	1.120000000000e+02	9.996991160219e-01	2.438860373001e-02	-2.621723305280e-03	1.028686370850e+02	8.715149306227e-06
113	1.130000000000e+02	9.996803267996e-01	2.513890915397e-02	-2.698046787409e-03	1.028163681030e+02	8.620849257568e-06
114	1.140000000000e+02	9.996770007596e-01	2.526331722769e-02	-2.767481691615e-03	1.028313217163e+02	8.500281182933e-06
115	1.150000000000e+02	9.996691459878e-01	2.557006158809e-02	-2.787563513247e-03	1.028949432373e+02	8.366791007575e-06
116	1.160000000000e+02	9.997009058238e-01	2.442990742824e-02	-1.130715800144e-03	1.028829650879e+02	8.251170584117e-06
117	1.170000000000e+02	9.996680310523e-01	2.563800313077e-02	-2.553524503393e-03	1.030857315063e+02	8.151708243531e-06
118	1.180000000000e+02	9.996895106540e-01	2.479284784512e-02	-2.489374254126e-03	1.031662750244e+02	8.004304618225e-06
119	1.190000000000e+02	9.996979053147e-01	2.443472286274e-02	-2.653757328695e-03	1.031668548584e+02	7.860265213822e-06
120	1.200000000000e+02	9.996412941630e-01	2.666404418551e-02	-2.512320019935e-03	1.030351257324e+02	7.721360816504e-06
121	1.210000000000e+02	9.996504993847e-01	2.629043768102e-02	-2.773439451392e-03	1.031322631836e+02	7.590610039188e-06
122	1.220000000000e+02	9.996446307294e-01	2.650517189552e-02	-2.843961447380e-03	1.031759796143e+02	7.453864327545e-06
123	1.230000000000e+02	9.996268718410e-01	2.716296333151e-02	-2.879325689171e-03	1.031294479370e+02	7.303667644010e-06
124	1.240000000000e+02	9.996230166159e-01	2.727233353266e-02	-3.169302033130e-03	1.031393585205e+02	7.160318091337e-06
125	1.250000000000e+02	9.996383666269e-01	2.666420544957e-02	-3.486562083434e-03	1.031471939087e+02	6.989220764808e-06
126	1.260000000000e+02	9.995676242273e-01	2.934022621136e-02	-1.927620940716e-03	1.028091430664e+02	6.864821898489e-06
127	1.270000000000e+02	9.995697485414e-01	2.927552933247e-02	-1.805874639657e-03	1.027835998535e+02	6.703637154715e-06
128	1.280000000000e+02	9.995620891051e-01	2.953338394096e-02	-1.846417298535e-03	1.028076553345e+02	6.546377790073e-06
129	1.290000000000e+02	9.995499976431e-01	2.993875244748e-02	-1.863682823054e-03	1.028014907837e+02	6.375552857207e-06
130	1.300000000000e+02	9.995735563342e-01	2.892907189247e-02	-3.976716845351e-03	1.028246154785e+02	6.214150744199e-06
131	1.310000000000e+02	9.995524746169e-01	2.962886690657e-02	-4.120768492603e-03	1.027896041870e+02	6.056659458409e-06
132	1.320000000000e+02	9.995189745871e-01	3.066913518424e-02	-4.606906490982e-03	1.028042144775e+02	5.947866611677e-06
133	1.330000000000e+02	9.994973262821e-01	3.136628610042e-02	-4.609864544946e-03	1.028098449707e+02	5.775220415671e-06
134	1.340000000000e+02	9.995224261683e-01	3.075380047934e-02	-3.020487176796e-03	1.027789230347e+02	5.603859790426e-06
135	1.350000000000e+02	9.995049173121e-01	3.129973384179e-02	-3.201082694378e-03	1.027558822632e+02	5.436634637590e-06
136	1.360000000000e+02	9.995057509342e-01	3.110869467383e-02	-4.528020009102e-03	1.030422744751e+02	5.271255758998e-06
137	1.370000000000e+02	9.994976480768e-01	3.138931451991e-02	-4.377490482116e-03	1.030348968506e+02	5.099454028823e-06
138	1.380000000000e+02	9.993866351100e-01	3.477968376241e-02	-4.089885186813e-03	1.028107681274e+02	4.947073193762e-06
139	1.390000000000e+02	9.993788848541e-01	3.499352464444e-02	-4.159055266360e-03	1.029333343506e+02	4.784573320649e-06
140	1.400000000000e+02	9.994013281466e-01	3.446040300031e-02	-3.076674153130e-03	1.027660980225e+02	4.620887466444e-06
141	1.410000000000e+02	9.993639598907e-01	3.554646898646e-02	-2.850300733363e-03	1.027361145020e+02	4.458544935915e-06
142	1.420000000000e+02	9.994184921769e-01	3.375772716168e-02	-4.805554261810e-03	1.031153640747e+02	4.285984687158e-06
143	1.430000000000e+02	9.993161909013e-01	3.686476606506e-02	-2.853002894615e-03	1.028461227417e+02	4.129253284191e-06
144	1.440000000000e+02	9.993535620738e-01	3.553917897744e-02	-5.424456470472e-03	1.029363098145e+02	3.965080850321e-06
145	1.450000000000e+02	9.992923610312e-01	3.721638682072e-02	-5.451397691619e-03	1.028642425537e+02	3.805529104284e-06
146	1.460000000000e+02	9.993208375356e-01	3.667419329500e-02	-3.587089804069e-03	1.029015960693e+02	3.619527205956e-06
147	1.470000000000e+02	9.992603607016e-01	3.827509430450e-02	-3.707922132425e-03	1.028187637329e+02	3.455397290963e-06
148	1.480000000000e+02	9.991586616824e-01	4.080384496555e-02	-4.124926785647e-03	1.027814025879e+02	3.294341922810e-06
149	1.490000000000e+02	9.989768777101e-01	4.500355003548e-02	-4.458507004903e-03	1.028195037842e+02	2.697880290725e-06
150	1.500000000000e+02	9.989612650918e-01	4.528541612307e-02	-5.061811217397e-03	1.029968109131e+02	2.535136673032e-06
151	1.510000000000e+02	9.989783945111e-01	4.486746143893e-02	-5.392420983644e-03	1.030959091187e+02	2.376155634920e-06
152	1.520000000000e+02	9.988536614143e-01	4.773839338352e-02	-3.522623507832e-03	1.027188644409e+02	2.221636350441e-06
153	1.530000000000e+02	9.989525017434e-01	4.541735354627e-02	-5.582406058507e-03	1.031382369995e+02	2.073986479445e-06
154	1.540000000000e+02	9.988574231597e-01	4.746325054649e-02	-5.575665557050e-03	1.029665756226e+02	1.929756763275e-06
155	1.550000000000e+02	9.986961291905e-01	5.078128936623e-02	-5.225149776821e-03	1.028229827881e+02	1.792020725588e-06
156	1.560000000000e+02	9.968803627996e-01	7.885936433407e-02	-3.277639591570e-03	1.007214965820e+02	1.692354771876e-06
157	1.570000000000e+02	9.966172691924e-01	8.214126147595e-02	-2.613792365907e-03	1.006139526367e+02	1.561248041071e-06
158	1.580000000000e+02	9.966416609520e-01	8.174580467814e-02	-4.798236374817e-03	1.008969497681e+02	1.430428483218e-06
159	1.590000000000e+02	9.963249932825e-01	8.552156564228e-02	-4.750744223467e-03	1.007836761475e+02	1.307125899075e-06
160	1.600000000000e+02	9.962620714264e-01	8.635633060601e-02	-2.114048598019e-03	1.007187347412e+02	1.187933776237e-06
161	1.610000000000e+02	9.960315951467e-01	8.897488209723e-02	-2.128808432947e-03	1.006694107056e+02	1.075793306882e-06
162	1.620000000000e+02	9.956113536362e-01	9.355519900529e-02	-2.336075710001e-03	1.005054321289e+02	9.695628477857e-07
163	1.630000000000e+02	9.953096338959e-01	9.671273106657e-02	-2.319552452666e-03	1.004979019165e+02	8.682534371474e-07
164	1.640000000000e+02	9.949815891938e-01	1.000321430016e-01	-2.282001720613e-03	1.006251296997e+02	7.729498179287e-07
165	1.650000000000e+02	9.949462050447e-01	1.004059925004e-01	-8.280924213380e-04	1.005881805420e+02	6.799219818276e-07
166	1.660000000000e+02	9.945106257488e-01	1.046295802123e-01	-1.125263215347e-03	1.009629516602e+02	5.963893272565e-07
167	1.670000000000e+02	9.941622471738e-01	1.078941867258e-01	5.203508997304e-04	1.009975357056e+02	5.179006166145e-07
168	1.680000000000e+02	9.936540336026e-01	1.124437516487e-01	2.839757102816e-03	1.007998275757e+02	4.462037281883e-07
169	1.690000000000e+02	9.928205357621e-01	1.194670702458e-01	5.916324528238e-03	1.006090087891e+02	3.821485279332e-07
170	1.700000000000e+02	9.921865794031e-01	1.240926507701e-01	1.291532721729e-02	1.005142745972e+02	3.225482316793e-07
171	1.710000000000e+02	9.913576584360e-01	1.299824106702e-01	1.773600791230e-02	1.004643020630e+02	2.695690284327e-07
172	1.720000000000e+02	9.902266889996e-01	1.376810492292e-01	2.224933877806e-02	1.005955657959e+02	2.229196383041e-07
173	1.730000000000e+02	9.892781277980e-01	1.425181577271e-01	3.189609033193e-02	1.004344406128e+02	1.835530838434e-07
174	1.740000000000e+02	9.879465931965e-01	1.482101805617e-01	4.466846056472e-02	1.000916900635e+02	1.505957811787e-07
175	1.750000000000e+02	9.873452046543e-01	1.469684130465e-01	5.957963085368e-02	1.001420593262e+02	1.232773740867e-07
176	1.760000000000e+02	9.869700069050e-01	1.389161678436e-01	8.119423490339e-02	9.936573028564e+01	1.029135816566e-07
177	1.770000000000e+02	9.873863667465e-01	1.228497776435e-01	9.988040296284e-02	9.921302032471e+01	8.979397847497e-08
178	1.780000000000e+02	9.892359859045e-01	9.241984592868e-02	1.134492673847e-01	9.943590545654e+01	8.305344323389e-08
179	1.790000000000e+02	9.908374667839e-01	5.609873180012e-02	1.228578312837e-01	9.960091400146e+01	8.344710522579e-08
180	1.800000000000e+02	9.927166218038e-01	2.213029684208e-02	1.184227966062e-01	9.989585876465e+01	9.077712093131e-08
181	1.810000000000e+02	9.939991011772e-01	-1.578289175372e-03	1.093768524971e-01	9.982860565186e+01	1.053500540138e-07
182	1.820000000000e+02	9.953606691164e-01	-1.634085566011e-02	9.481621597826e-02	1.001777572632e+02	1.269333580467e-07
183	1.830000000000e+02	9.964279457138e-01	-2.355054155251e-02	8.109698510490e-02	1.004741744995e+02	1.551766928287e-07
184	1.840000000000e+02	9.972662260839e-01	-2.483506776733e-02	6.959377645540e-02	1.005892181396e+02	1.905278850245e-07
185	1.850000000000e+02	9.979538007900e-01	-2.445210419478e-02	5.907881252350e-02	1.006715393066e+02	2.324589019054e-07
186	1.860000000000e+02	9.984314380514e-01	-2.237060061248e-02	5.132465040111e-02	1.008134155273e+02	2.813973765114e-07
187	1.870000000000e+02	9.988070903658e-01	-1.838526827402e-02	4.523691131715e-02	1.007100067139e+02	3.365664724697e-07
188	1.880000000000e+02	9.990839524767e-01	-1.708652213048e-02	3.923399884146e-02	1.009665451050e+02	3.980182441410e-07
189	1.890000000000e+02	9.993380061196e-01	-1.184968700531e-02	3.439672139685e-02	1.009087371826e+02	4.663131676352e-07
190	1.900000000000e+02	9.994731813691e-01	-1.015241199044e-02	3.082674576965e-02	1.008844680786e+02	5.400182772064e-07
191	1.910000000000e+02	9.995933074641e-01	-6.139786289122e-03	2.784820815143e-02	1.008467788696e+02	6.189289933900e-07
192	1.920000000000e+02	9.996781499118e-01	-2.217842185251e-03	2.527207480335e-02	1.007500762939e+02	7.046460268612e-07
193	1.930000000000e+02	9.997363421709e-01	-1.689427057285e-04	2.296121950467e-02	1.008676223755e+02	7.994804605005e-07
194	1.940000000000e+02	9.997768764598e-01	5.499605241960e-04	2.111622219287e-02	1.009510498047e+02	8.949514835876e-07
195	1.950000000000e+02	9.998048945104e-01	2.689014107791e-03	1.956890687162e-02	1.008951797485e+02	9.979675041905e-07
196	1.960000000000e+02	9.998453876023e-01	5.580267819756e-03	1.667517620313e-02	1.009723281860e+02	1.105543447011e-06
197	1.970000000000e+02	9.998347084019e-01	7.254653172004e-03	1.667110920610e-02	1.007672500610e+02	1.219594992108e-06
198	1.980000000000e+02	9.998398517694e-01	9.857281217807e-03	1.493669377001e-02	1.008434371948e+02	1.338927063443e-06
199	1.990000000000e+02	9.998407713438e-01	1.147822492834e-02	1.366317353645e-02	1.008864517212e+02	1.461351985199e-06
200	2.000000000000e+02	9.998500855334e-01	1.204075479610e-02	1.244293706445e-02	1.010198440552e+02	1.585938093740e-06
201	2.010000000000e+02	9.998600143092e-01	1.220240349222e-02	1.144784410679e-02	1.010425109863e+02	1.716788574413e-06
202	2.020000000000e+02	9.997874389828e-01	1.603285866484e-02	1.296241857401e-02	1.007520217896e+02	1.853758476500e-06
203	2.030000000000e+02	9.998749154486e-01	-1.010022741533e-02	1.217123094925e-02	1.027723770142e+02	1.945074927789e-06
204	2.040000000000e+02	9.998604902822e-01	-1.191441481146e-02	1.170669433740e-02	1.029662628174e+02	2.080516196656e-06
205	2.050000000000e+02	9.999070737818e-01	-8.571463655503e-03	1.060065148899e-02	1.030119857788e+02	2.226179503850e-06
206	2.060000000000e+02	9.999101357236e-01	-7.395878414633e-03	1.118129955151e-02	1.027655792236e+02	2.368119339735e-06
207	2.070000000000e+02	9.999309534967e-01	-5.631423631420e-03	1.031384056263e-02	1.028370056152e+02	2.517075699870e-06
208	2.080000000000e+02	9.999404989336e-01	-4.996349948742e-03	9.697168638194e-03	1.029496688843e+02	2.666152113306e-06
209	2.090000000000e+02	9.999495905576e-01	-4.605876367965e-03	8.922009112568e-03	1.030581283569e+02	2.813136006807e-06
210	2.100000000000e+02	9.999748497074e-01	-3.143190372403e-03	6.357696672423e-03	1.029345703125e+02	2.966082774947e-06
211	2.110000000000e+02	9.999803877684e-01	-1.974375819226e-03	5.943561113278e-03	1.029834823608e+02	3.120901510556e-06
212	2.120000000000e+02	9.999834543594e-01	-1.340077908961e-03	5.594211167940e-03	1.030847396851e+02	3.277802079538e-06
213	2.130000000000e+02	9.999868474645e-01	-9.449083567326e-04	5.041036225213e-03	1.030892105103e+02	3.433973233768e-06
214	2.140000000000e+02	9.999869718919e-01	-1.591253953025e-03	4.850150247060e-03	1.031581344604e+02	3.592677558117e-06
215	2.150000000000e+02	9.999873472594e-01	-2.018496613099e-03	4.607710112117e-03	1.031973571777e+02	3.746484708245e-06
216	2.160000000000e+02	9.999865660487e-01	1.435670647032e-03	4.980619637379e-03	1.028483581543e+02	3.911138719559e-06
217	2.170000000000e+02	9.999892344867e-01	-9.472948201225e-04	4.542416015247e-03	1.030602951050e+02	4.061576419190e-06
218	2.180000000000e+02	9.999884700321e-01	-3.118095912711e-05	4.801961116391e-03	1.029037475586e+02	4.230711510900e-06
219	2.190000000000e+02	9.999870840596e-01	6.573631406946e-04	5.039800367719e-03	1.028526840210e+02	4.395524229039e-06
220	2.200000000000e+02	9.999871094567e-01	2.537393872494e-03	4.398016910712e-03	1.029958343506e+02	4.567329597194e-06
221	2.210000000000e+02	9.999851327618e-01	2.692121435065e-03	4.742018307999e-03	1.030443954468e+02	4.726342012873e-06
222	2.220000000000e+02	9.999677919409e-01	4.445490506445e-03	6.682267211196e-03	1.026655120850e+02	4.887162958767e-06
223	2.230000000000e+02	9.999617330873e-01	5.222934860881e-03	7.018070420184e-03	1.026846771240e+02	5.064219749329e-06
224	2.240000000000e+02	9.999828244625e-01	3.015765435890e-03	5.025528709787e-03	1.029986495972e+02	5.221880201134e-06
225	2.250000000000e+02	9.999818958622e-01	4.160165988939e-03	4.347524223299e-03	1.029972381592e+02	5.473950295709e-06
226	2.260000000000e+02	9.999629085635e-01	5.595705737462e-03	6.547486120991e-03	1.030100555420e+02	5.641607913276e-06
227	2.270000000000e+02	9.999612651201e-01	5.745064565604e-03	6.668020136931e-03	1.030424499512e+02	5.807452453155e-06
228	2.280000000000e+02	9.999668212132e-01	6.791998893230e-03	4.497246247692e-03	1.029135284424e+02	5.967682227492e-06
229	2.290000000000e+02	9.999644012127e-01	7.162251480230e-03	4.460769108889e-03	1.029220428467e+02	6.122204467829e-06
230	2.300000000000e+02	9.999605609142e-01	7.741709602224e-03	4.352303824028e-03	1.029727096558e+02	6.280920842983e-06
231	2.310000000000e+02	9.999577266762e-01	8.096819652511e-03	4.357335434286e-03	1.029644393921e+02	6.426731943066e-06
232	2.320000000000e+02	9.999558327438e-01	7.391074171056e-03	5.805564936762e-03	1.027806243896e+02	6.571106041520e-06
233	2.330000000000e+02	9.999504623178e-01	8.218356490009e-03	5.615294022039e-03	1.027727890015e+02	6.718601071043e-06
234	2.340000000000e+02	9.999310262203e-01	1.090964640950e-02	4.349990484804e-03	1.026612548828e+02	7.144346000132e-06
235	2.350000000000e+02	9.999277385847e-01	1.129539222855e-02	4.114817522347e-03	1.026950454712e+02	7.274316885741e-06
236	2.360000000000e+02	9.999542897788e-01	8.896349656690e-03	3.503329232850e-03	1.029502334595e+02	7.380110218946e-06
237	2.370000000000e+02	9.999267918949e-01	1.177308135855e-02	2.793815675679e-03	1.029384155273e+02	7.524666216341e-06
238	2.380000000000e+02	9.999367937608e-01	1.105014608326e-02	2.074308287976e-03	1.030711135864e+02	7.646965968888e-06
239	2.390000000000e+02	9.999399919974e-01	1.080757591701e-02	1.791286444166e-03	1.031161575317e+02	7.762570021441e-06
240	2.400000000000e+02	9.999440637193e-01	1.046189376076e-02	1.555059965422e-03	1.031382598877e+02	7.880332304921e-06
241	2.410000000000e+02	9.999387539515e-01	1.097875744821e-02	1.398295655647e-03	1.030238189697e+02	7.989415280463e-06
242	2.420000000000e+02	9.999298111292e-01	1.178444235969e-02	1.224635985928e-03	1.029381942749e+02	8.094603799691e-06
243	2.430000000000e+02	9.999125812026e-01	1.316906962189e-02	1.185562317648e-03	1.028946304321e+02	8.209175575757e-06
244	2.440000000000e+02	9.999295284522e-01	1.148627774648e-02	3.000592101225e-03	1.029586181641e+02	8.296614396386e-06
245	2.450000000000e+02	9.999224611302e-01	1.207512623038e-02	3.043526535214e-03	1.028857269287e+02	8.380744475289e-06
246	2.460000000000e+02	9.999025101705e-01	1.364474050083e-02	2.964997707201e-03	1.027808990479e+02	8.471232831653e-06
247	2.470000000000e+02	9.998893337335e-01	1.463837794484e-02	2.652956302593e-03	1.028140640259e+02	8.557676665077e-06
248	2.480000000000e+02	9.998883438578e-01	1.478262202776e-02	2.184926360076e-03	1.029679718018e+02	8.635982339911e-06
249	2.490000000000e+02	9.999038989900e-01	1.375253475863e-02	1.749449133260e-03	1.031031799316e+02	8.702641025593e-06
250	2.500000000000e+02	9.999199046863e-01	1.256675016566e-02	1.503662967054e-03	1.031654815674e+02	8.753884685575e-06
251	2.510000000000e+02	9.999201741830e-01	1.256270023797e-02	1.350490528827e-03	1.031422500610e+02	8.820899893180e-06
252	2.520000000000e+02	9.998880805485e-01	1.462131050519e-02	3.169172776839e-03	1.030398483276e+02	8.872135367710e-06
253	2.530000000000e+02	9.998905821785e-01	1.450701395181e-02	2.893132717512e-03	1.030837707520e+02	8.920697837311e-06
254	2.540000000000e+02	9.998724692370e-01	1.595827598235e-02	6.153776215387e-04	1.029928588867e+02	8.972840078059e-06
255	2.550000000000e+02	9.998758257261e-01	1.575576724698e-02	2.982063533260e-04	1.030782623291e+02	9.005542779050e-06
256	2.560000000000e+02	9.998908869435e-01	1.477169057247e-02	1.066063512377e-04	1.031140136719e+02	9.037639756571e-06
257	2.570000000000e+02	9.998933490170e-01	1.460326571047e-02	-1.876755974196e-04	1.030349807739e+02	9.058266186912e-06
258	2.580000000000e+02	9.998535909565e-01	1.709811771639e-02	-6.715816221290e-04	1.029403915405e+02	9.109227903537e-06
259	2.590000000000e+02	9.998603015183e-01	1.668415880402e-02	-1.008113452461e-03	1.030152359009e+02	9.112452971749e-06
260	2.600000000000e+02	9.998816593188e-01	1.533297194247e-02	-1.251930245283e-03	1.030673675537e+02	9.109929123952e-06
261	2.610000000000e+02	9.998482471069e-01	1.740551233809e-02	7.286271558725e-04	1.029366607666e+02	9.130552825809e-06
262	2.620000000000e+02	9.998390531492e-01	1.792089125106e-02	-8.422911741702e-04	1.029267883301e+02	9.129755198956e-06
263	2.630000000000e+02	9.998422161141e-01	1.775390973834e-02	-5.844356093596e-04	1.030281753540e+02	9.130544640357e-06
264	2.640000000000e+02	9.998701061213e-01	1.611728356524e-02	-6.368242503002e-05	1.031144180298e+02	9.123327799898e-06
265	2.650000000000e+02	9.998282148944e-01	1.853472284722e-02	-6.892028129148e-05	1.029964218140e+02	9.132826562563e-06
266	2.660000000000e+02	9.998285925436e-01	1.849133161115e-02	9.253040705316e-04	1.028523635864e+02	9.108212907449e-06
267	2.670000000000e+02	9.998513330492e-01	1.723209000263e-02	-6.057011029430e-04	1.031057434082e+02	9.082167707675e-06
268	2.680000000000e+02	9.998222834886e-01	1.884329918489e-02	-5.757738354162e-04	1.029666290283e+02	9.069164661923e-06
269	2.690000000000e+02	9.997976632939e-01	2.010691625198e-02	-5.868482534422e-04	1.029311599731e+02	9.065222911886e-06
270	2.700000000000e+02	9.997839691762e-01	2.077577865862e-02	-6.180609378787e-04	1.029715652466e+02	9.043994396052e-06
271	2.710000000000e+02	9.997961724142e-01	2.018259983838e-02	-5.256326184414e-04	1.030307235718e+02	9.011266229209e-06
272	2.720000000000e+02	9.998130484151e-01	1.933566642150e-02	1.493416263869e-05	1.029449310303e+02	8.969874215836e-06
273	2.730000000000e+02	9.997955431391e-01	2.021799982506e-02	3.231133126459e-04	1.028013229370e+02	8.935300684243e-06
274	2.740000000000e+02	9.998076160943e-01	1.959810857816e-02	-8.030816019509e-04	1.030227661133e+02	8.870356396073e-06
275	2.750000000000e+02	9.997991867985e-01	2.002849055055e-02	-6.675652302066e-04	1.029286804199e+02	8.818017704471e-06
276	2.760000000000e+02	9.997762970989e-01	2.114584311414e-02	-4.572506016917e-04	1.028423843384e+02	8.792926564638e-06
277	2.770000000000e+02	9.997618305656e-01	2.182291583432e-02	-2.061274478141e-04	1.028619308472e+02	8.747648280405e-06
278	2.780000000000e+02	9.997714335608e-01	2.137825082154e-02	-2.258929985402e-04	1.030145034790e+02	8.679806342116e-06
279	2.790000000000e+02	9.997920355367e-01	2.038711995756e-02	5.010162292026e-04	1.030584869385e+02	8.638307008368e-06
280	2.800000000000e+02	9.997579930522e-01	2.199191229669e-02	5.577828717673e-04	1.030154571533e+02	8.582419468439e-06
281	2.810000000000e+02	9.997684325428e-01	2.151697737743e-02	3.177664448686e-04	1.031088562012e+02	8.531725143257e-06
282	2.820000000000e+02	9.997720695225e-01	2.134964762394e-02	3.935887220675e-05	1.030198593140e+02	8.476048606099e-06
283	2.830000000000e+02	9.997445818336e-01	2.260020936189e-02	-4.038858366898e-05	1.029229812622e+02	8.417648132308e-06
284	2.840000000000e+02	9.997536554635e-01	2.215076057783e-02	1.404347969363e-03	1.029247512817e+02	8.362499102077e-06
285	2.850000000000e+02	9.997349000291e-01	2.300385363399e-02	9.759004673366e-04	1.028628997803e+02	8.300287845486e-06
286	2.860000000000e+02	9.997521517264e-01	2.226245347422e-02	1.352172657076e-04	1.030713882446e+02	8.230454113800e-06
287	2.870000000000e+02	9.997376074558e-01	2.290160892092e-02	4.822316806401e-04	1.029515914917e+02	8.159135177266e-06
288	2.880000000000e+02	9.997027618873e-01	2.437998903885e-02	-6.332009273181e-05	1.030309677124e+02	8.090611117950e-06
289	2.890000000000e+02	9.997153450147e-01	2.385800299357e-02	-1.569562850244e-04	1.030292205811e+02	8.011868885660e-06
290	2.900000000000e+02	9.996602065964e-01	2.601128946432e-02	1.698283877033e-03	1.028131408691e+02	7.920732969069e-06
291	2.910000000000e+02	9.996817720933e-01	2.517412277985e-02	1.618050277809e-03	1.028962631226e+02	7.829176865926e-06
292	2.920000000000e+02	9.996914724108e-01	2.480827888928e-02	1.228530726055e-03	1.028465194702e+02	7.732622179901e-06
293	2.930000000000e+02	9.996694776552e-01	2.570684730292e-02	-3.056899266739e-04	1.030183029175e+02	7.632163942617e-06
294	2.940000000000e+02	9.996429513947e-01	2.671369699193e-02	5.900168684347e-04	1.028362121582e+02	7.534455562563e-06
295	2.950000000000e+02	9.996403936202e-01	2.681427794875e-02	2.791789263758e-04	1.029630661011e+02	7.434474355250e-06
296	2.960000000000e+02	9.996695639870e-01	2.568908162240e-02	9.131941048067e-04	1.029118728638e+02	7.329448635573e-06
297	2.970000000000e+02	9.996299199838e-01	2.717771559232e-02	1.181037027557e-03	1.028421554565e+02	7.218340670079e-06
298	2.980000000000e+02	9.996085452621e-01	2.795144471502e-02	1.213662808117e-03	1.029245605469e+02	7.115213975339e-06
299	2.990000000000e+02	9.996137131878e-01	2.776877096746e-02	1.148810589603e-03	1.029802398682e+02	7.001071935520e-06
300	3.000000000000e+02	9.996440286115e-01	2.666793220827e-02	7.984066374170e-04	1.029848861694e+02	6.880534328957e-06
301	3.010000000000e+02	9.996302069591e-01	2.718666701166e-02	5.783353720372e-04	1.029294662476e+02	6.763236342522e-06
302	3.020000000000e+02	9.996314198622e-01	2.714400706664e-02	-4.767648539342e-04	1.031211853027e+02	6.642020707659e-06
303	3.030000000000e+02	9.996304083187e-01	2.718452660183e-02	-2.197227190732e-04	1.030337600708e+02	6.506585123134e-06
304	3.040000000000e+02	9.995973660161e-01	2.835385931256e-02	-1.079127358456e-03	1.031889343262e+02	6.390573616954e-06
305	3.050000000000e+02	9.995950089657e-01	2.842164913185e-02	-1.424047539501e-03	1.032602081299e+02	6.257473614824e-06
306	3.060000000000e+02	9.995322870530e-01	3.058104971545e-02	-8.085156478349e-05	1.030140914917e+02	6.124388164608e-06
307	3.070000000000e+02	9.995543270559e-01	2.984919742926e-02	-4.155436889770e-04	1.031529464722e+02	5.981481081108e-06
308	3.080000000000e+02	9.995737442054e-01	2.918071394818e-02	-9.032323519998e-04	1.031800308228e+02	5.830757800140e-06
309	3.090000000000e+02	9.995641271490e-01	2.950696745685e-02	-9.458267866257e-04	1.031069564819e+02	5.686851181963e-06
310	3.100000000000e+02	9.994937050040e-01	3.179744405199e-02	-1.120807364744e-03	1.028988876343e+02	5.534473530133e-06
311	3.110000000000e+02	9.994625437231e-01	3.276706798643e-02	-9.710561952135e-04	1.029304351807e+02	5.379688445828e-06
312	3.120000000000e+02	9.994241306659e-01	3.391202552110e-02	-1.175401090805e-03	1.029738235474e+02	5.224795586400e-06
313	3.130000000000e+02	9.994148200932e-01	3.418437835150e-02	-1.202353874449e-03	1.030125427246e+02	5.063868229627e-06
314	3.140000000000e+02	9.994343810046e-01	3.358865303862e-02	-1.649379569435e-03	1.031366729736e+02	4.909001745546e-06
315	3.150000000000e+02	9.994135020895e-01	3.419649935563e-02	-1.803128649365e-03	1.030952682495e+02	4.746454123961e-06
316	3.160000000000e+02	9.994335343147e-01	3.359256120086e-02	-2.037233210818e-03	1.030926742554e+02	4.568473741529e-06
317	3.170000000000e+02	9.994084150231e-01	3.431906238693e-02	-2.240968078738e-03	1.029924163818e+02	4.409927441884e-06
318	3.180000000000e+02	9.993258790986e-01	3.671207492132e-02	-1.044926540626e-04	1.029313201904e+02	4.256946340320e-06
319	3.190000000000e+02	9.993135060084e-01	3.704742167686e-02	7.249966796565e-05	1.029524917603e+02	4.092781637155e-06
320	3.200000000000e+02	9.993137016214e-01	3.704086638981e-02	-3.161784311187e-04	1.028998870850e+02	3.929793820134e-06
321	3.210000000000e+02	9.992783012639e-01	3.798350595526e-02	-3.604142429926e-04	1.028458404541e+02	3.763226004594e-06
322	3.220000000000e+02	9.992080644802e-01	3.972552410929e-02	-2.264202279781e-03	1.031177520752e+02	3.245472271374e-06
323	3.230000000000e+02	9.992057890186e-01	3.978747170334e-02	-2.179056496530e-03	1.030985717773e+02	3.085988055318e-06
324	3.240000000000e+02	9.991271530597e-01	4.174067929213e-02	-1.627178874606e-03	1.029052886963e+02	2.931774588433e-06
325	3.250000000000e+02	9.990507570960e-01	4.353684901526e-02	-1.458603319121e-03	1.028485107422e+02	2.780096792776e-06
326	3.260000000000e+02	9.989202719482e-01	4.644608758440e-02	-1.025299480080e-03	1.027692337036e+02	2.632194991747e-06
327	3.270000000000e+02	9.988620826648e-01	4.768807556484e-02	-6.223050249569e-04	1.028873519897e+02	2.482365289325e-06
328	3.280000000000e+02	9.988148529935e-01	4.860012216058e-02	-2.630126537829e-03	1.028662567139e+02	2.334797272852e-06
329	3.290000000000e+02	9.987155967289e-01	5.061492960101e-02	-2.299076335494e-03	1.029056854248e+02	2.189806991737e-06
330	3.300000000000e+02	9.986889548289e-01	5.116049807058e-02	-1.724801406501e-03	1.030040664673e+02	2.042503183475e-06
331	3.310000000000e+02	9.986428113448e-01	5.205731177393e-02	-1.603633466407e-03	1.030475845337e+02	1.898481855278e-06
332	3.320000000000e+02	9.986379731322e-01	5.216413893776e-02	-1.049393792900e-03	1.030419311523e+02	1.756606707204e-06
333	3.330000000000e+02	9.965236157547e-01	8.328984756050e-02	-1.866691357615e-03	1.007462768555e+02	1.663352918513e-06
334	3.340000000000e+02	9.965132005604e-01	8.343228698356e-02	7.032763525027e-04	1.008088455200e+02	1.525177935946e-06
335	3.350000000000e+02	9.962682315861e-01	8.630649247387e-02	8.944770183973e-04	1.007229843140e+02	1.397285814164e-06
336	3.360000000000e+02	9.961716541277e-01	8.741810266195e-02	3.329254937872e-04	1.010299835205e+02	1.268433948098e-06
337	3.370000000000e+02	9.960100130507e-01	8.923027879676e-02	1.418184949982e-03	1.009412384033e+02	1.146159434029e-06
338	3.380000000000e+02	9.956490412252e-01	9.313835765064e-02	2.869327693188e-03	1.007709579468e+02	1.031458850775e-06
339	3.390000000000e+02	9.953888801766e-01	9.590610720215e-02	1.730844354464e-03	1.011142730713e+02	9.238260645361e-07
340	3.400000000000e+02	9.948998590983e-01	1.007421789392e-01	5.028294825360e-03	1.008161773682e+02	8.191900633392e-07
341	3.410000000000e+02	9.945890932390e-01	1.038470754746e-01	2.884532095466e-03	1.007777023315e+02	7.209485488602e-07
342	3.420000000000e+02	9.943309001947e-01	1.061020186099e-01	6.958632404758e-03	1.006908874512e+02	6.291476211118e-07
343	3.430000000000e+02	9.937543317007e-01	1.114019052954e-01	6.476397351830e-03	1.009227828979e+02	5.428099143501e-07
344	3.440000000000e+02	9.928764215147e-01	1.187031148963e-01	1.029476148282e-02	1.004447784424e+02	4.649785125821e-07
345	3.450000000000e+02	9.926409509044e-01	1.203797591282e-01	1.313986985613e-02	1.006124572754e+02	3.931354797260e-07
346	3.460000000000e+02	9.915086965915e-01	1.289402550407e-01	1.687943167126e-02	1.006366653442e+02	3.313428749152e-07
347	3.470000000000e+02	9.908368567462e-01	1.331009221408e-01	2.294488697989e-02	1.007400970459e+02	2.718326186368e-07
348	3.480000000000e+02	9.891797032145e-01	1.425155412058e-01	3.482578445983e-02	1.001993484497e+02	2.223704029802e-07
349	3.490000000000e+02	9.883340246994e-01	1.450585611875e-01	4.640979904918e-02	1.001506500244e+02	1.815890584567e-07
350	3.500000000000e+02	9.875829366819e-01	1.444572039505e-01	6.174187721091e-02	1.000873947144e+02	1.482159746047e-07
351	3.510000000000e+02	9.873984806289e-01	1.390660285610e-01	7.553065703457e-02	1.001200942993e+02	1.231848614225e-07
352	3.520000000000e+02	9.877240594599e-01	1.235981423061e-01	9.552319918469e-02	9.986904907227e+01	1.059708054640e-07
353	3.530000000000e+02	9.888980433981e-01	9.621812345672e-02	1.132375047498e-01	9.994079589844e+01	9.666007372289e-08
354	3.540000000000e+02	9.901499007360e-01	6.515738267339e-02	1.239261455695e-01	9.943596649170e+01	9.603873962760e-08
355	3.550000000000e+02	9.921630916350e-01	2.909695657728e-02	1.215144712170e-01	9.989878845215e+01	1.026071245747e-07
356	3.560000000000e+02	9.937409266139e-01	3.751797032348e-03	1.116462932284e-01	1.000454635620e+02	1.181844737630e-07
357	3.570000000000e+02	9.951116901821e-01	-1.287959705299e-02	9.791241005444e-02	1.003194427490e+02	1.412091563679e-07
358	3.580000000000e+02	9.962874822118e-01	-2.064800424781e-02	8.357579020677e-02	1.005075531006e+02	1.727043468236e-07
359	3.590000000000e+02	9.972127281326e-01	-2.487489179457e-02	7.034212541985e-02	1.009757308960e+02	2.116962178889e-07
