# Filename: 095656_polarimeter_vs_wheel.dat
# Timestamp: Thu Apr 18 09:56:56 2019

# Column 1:
#	name: measurement point
#	size: 0
#	type: coordinate
# Column 2:
#	name: angle
#	type: value
# Column 3:
#	name: S1
#	type: value
# Column 4:
#	name: S2
#	type: value
# Column 5:
#	name: S3
#	type: value
# Column 6:
#	name: DOP
#	type: value
# Column 7:
#	name: power
#	type: value

0	0.000000000000e+00	5.345394259549e-01	-6.450055129348e-01	-5.461094124657e-01	1.033136138916e+02	1.356158099952e-05
1	1.000000000000e+00	5.788679019608e-01	-6.065069767219e-01	-5.450332460201e-01	1.032725753784e+02	1.357255314360e-05
2	2.000000000000e+00	6.179047148916e-01	-5.684024517807e-01	-5.432425021337e-01	1.034760665894e+02	1.353514744551e-05
3	3.000000000000e+00	6.560789898702e-01	-5.247670780246e-01	-5.423835108780e-01	1.033801269531e+02	1.353961306449e-05
4	4.000000000000e+00	6.914972745366e-01	-4.777896714964e-01	-5.418012081196e-01	1.031784057617e+02	1.355787480861e-05
5	5.000000000000e+00	7.228472591434e-01	-4.294426015124e-01	-5.413602238391e-01	1.033884811401e+02	1.355547556159e-05
6	6.000000000000e+00	7.514553396836e-01	-3.800709947960e-01	-5.393152244984e-01	1.032626113892e+02	1.356014945486e-05
7	7.000000000000e+00	7.752223295803e-01	-3.286803149513e-01	-5.394437786124e-01	1.030777664185e+02	1.357180281047e-05
8	8.000000000000e+00	7.958468728396e-01	-2.735874658155e-01	-5.401644689722e-01	1.027034606934e+02	1.361424710922e-05
9	9.000000000000e+00	8.130618578706e-01	-2.176759371382e-01	-5.399514808453e-01	1.025505142212e+02	1.365598291159e-05
10	1.000000000000e+01	8.265406811990e-01	-1.609211833685e-01	-5.393837919945e-01	1.025031585693e+02	1.366870947095e-05
11	1.100000000000e+01	8.358981513662e-01	-1.052245466228e-01	-5.387040702747e-01	1.025663452148e+02	1.366801461700e-05
12	1.200000000000e+01	8.415524833813e-01	-4.838797271348e-02	-5.380037377299e-01	1.023053283691e+02	1.367865115753e-05
13	1.300000000000e+01	8.421665913578e-01	8.875309156493e-03	-5.391443788895e-01	1.021660842896e+02	1.368123503198e-05
14	1.400000000000e+01	8.399470279596e-01	6.634966168781e-02	-5.385969853385e-01	1.020478591919e+02	1.371824873786e-05
15	1.500000000000e+01	8.336499173327e-01	1.223896714311e-01	-5.385615876185e-01	1.019158859253e+02	1.370734571537e-05
16	1.600000000000e+01	8.229779420354e-01	1.788941985417e-01	-5.391698921966e-01	1.015592117310e+02	1.374090425088e-05
17	1.700000000000e+01	8.084044412755e-01	2.356687586629e-01	-5.393908559814e-01	1.013942642212e+02	1.377335775032e-05
18	1.800000000000e+01	7.909244605781e-01	2.888737446378e-01	-5.394353133771e-01	1.014130859375e+02	1.373753457301e-05
19	1.900000000000e+01	7.687861064917e-01	3.429232409138e-01	-5.397884523650e-01	1.012097396851e+02	1.376644013362e-05
20	2.000000000000e+01	7.431051942682e-01	3.949643777158e-01	-5.401831268997e-01	1.010994796753e+02	1.382192294841e-05
21	2.100000000000e+01	7.138152498871e-01	4.453162889394e-01	-5.405193723021e-01	1.008532867432e+02	1.381727906846e-05
22	2.200000000000e+01	6.806768438018e-01	4.928871035597e-01	-5.419790931914e-01	1.007237625122e+02	1.385695941281e-05
23	2.300000000000e+01	6.450840881357e-01	5.381281568430e-01	-5.424800512894e-01	1.006084976196e+02	1.388688542647e-05
24	2.400000000000e+01	6.063862567362e-01	5.804863898240e-01	-5.434438875087e-01	1.004558410645e+02	1.389082081005e-05
25	2.500000000000e+01	5.649707473074e-01	6.200192214907e-01	-5.444118107362e-01	1.002882385254e+02	1.391285150021e-05
26	2.600000000000e+01	5.203619175237e-01	6.568165087599e-01	-5.457247920074e-01	1.000931930542e+02	1.390662328049e-05
27	2.700000000000e+01	4.732608791199e-01	6.907697428684e-01	-5.466820855234e-01	9.996502685547e+01	1.396551670041e-05
28	2.800000000000e+01	4.242959043062e-01	7.210092607558e-01	-5.478308420428e-01	9.980465698242e+01	1.396289644617e-05
29	2.900000000000e+01	3.740022671348e-01	7.474127423153e-01	-5.490869665205e-01	9.970131683350e+01	1.396703828505e-05
30	3.000000000000e+01	3.218084266113e-01	7.702088730257e-01	-5.506520030604e-01	9.957667541504e+01	1.398867334501e-05
31	3.100000000000e+01	2.677637592185e-01	7.895218418102e-01	-5.522298711170e-01	9.949666595459e+01	1.401032386639e-05
32	3.200000000000e+01	2.118607590649e-01	8.051197886640e-01	-5.539829822928e-01	9.934200286865e+01	1.407267882314e-05
33	3.300000000000e+01	1.553508546662e-01	8.168177021412e-01	-5.555852350659e-01	9.925440979004e+01	1.404563408869e-05
34	3.400000000000e+01	9.949197150153e-02	8.243198621891e-01	-5.573132982509e-01	9.918859100342e+01	1.406476076227e-05
35	3.500000000000e+01	4.288983641896e-02	8.276222354068e-01	-5.596444383644e-01	9.910213470459e+01	1.406898445566e-05
36	3.600000000000e+01	-1.488686771352e-02	8.272141405750e-01	-5.616895466381e-01	9.901640319824e+01	1.406267438142e-05
37	3.700000000000e+01	-7.184823920555e-02	8.230442380197e-01	-5.634146011470e-01	9.895415496826e+01	1.407771105733e-05
38	3.800000000000e+01	-1.277426718250e-01	8.147324850876e-01	-5.655906536868e-01	9.887834930420e+01	1.408544721926e-05
39	3.900000000000e+01	-1.843401807682e-01	8.022261069931e-01	-5.678485458404e-01	9.880207824707e+01	1.408609477949e-05
40	4.000000000000e+01	-2.395171988324e-01	7.860587085070e-01	-5.698624555485e-01	9.879755401611e+01	1.411518769601e-05
41	4.100000000000e+01	-2.936764975129e-01	7.660264535691e-01	-5.718020524980e-01	9.874577331543e+01	1.408689968230e-05
42	4.200000000000e+01	-3.455950376156e-01	7.420380332314e-01	-5.744071963456e-01	9.874968719482e+01	1.410388358636e-05
43	4.300000000000e+01	-3.947456763072e-01	7.151721191849e-01	-5.768055920129e-01	9.870809173584e+01	1.408778098266e-05
44	4.400000000000e+01	-4.445971131062e-01	6.837124749777e-01	-5.786801003815e-01	9.873844146729e+01	1.407767831552e-05
45	4.500000000000e+01	-4.898157273118e-01	6.501432255913e-01	-5.808565567296e-01	9.877016448975e+01	1.410260119883e-05
46	4.600000000000e+01	-5.320279871473e-01	6.135696877233e-01	-5.835053206262e-01	9.874581146240e+01	1.409504420735e-05
47	4.700000000000e+01	-5.734600717974e-01	5.733678353360e-01	-5.851434622861e-01	9.878973388672e+01	1.407334457326e-05
48	4.800000000000e+01	-6.113944931519e-01	5.300705623888e-01	-5.875559314928e-01	9.884909057617e+01	1.405937291565e-05
49	4.900000000000e+01	-6.442856042437e-01	4.858960979426e-01	-5.905938047156e-01	9.882213592529e+01	1.406074534316e-05
50	5.000000000000e+01	-6.761249799960e-01	4.387180314426e-01	-5.919303171088e-01	9.897568511963e+01	1.405981947755e-05
51	5.100000000000e+01	-7.045045669588e-01	3.880776276888e-01	-5.941961544992e-01	9.903900146484e+01	1.403031183145e-05
52	5.200000000000e+01	-7.274356765589e-01	3.375889572271e-01	-5.973868365035e-01	9.904084777832e+01	1.403343685524e-05
53	5.300000000000e+01	-7.485966283352e-01	2.839366523836e-01	-5.991519552487e-01	9.919393920898e+01	1.402235648129e-05
54	5.400000000000e+01	-7.661300349908e-01	2.291222644878e-01	-6.004562909996e-01	9.928471374512e+01	1.400811743224e-05
55	5.500000000000e+01	-7.794145706524e-01	1.729566936208e-01	-6.021618629460e-01	9.948708343506e+01	1.398323001922e-05
56	5.600000000000e+01	-7.868814833589e-01	1.180563809654e-01	-6.057063827138e-01	9.936049652100e+01	1.398354925186e-05
57	5.700000000000e+01	-7.927280629743e-01	5.953911237279e-02	-6.066607884731e-01	9.964089202881e+01	1.395330400555e-05
58	5.800000000000e+01	-7.944267791533e-01	3.409449706457e-03	-6.073503669356e-01	9.976909637451e+01	1.397105006617e-05
59	5.900000000000e+01	-7.913016233970e-01	-5.368504344075e-02	-6.090645753285e-01	9.987866210938e+01	1.395510662405e-05
60	6.000000000000e+01	-7.843580680971e-01	-1.116667864528e-01	-6.101745240620e-01	1.001346588135e+02	1.392347712681e-05
61	6.100000000000e+01	-7.739805937280e-01	-1.664476708024e-01	-6.109412520177e-01	1.003937911987e+02	1.390876332152e-05
62	6.200000000000e+01	-7.581157791038e-01	-2.223146799273e-01	-6.130551757898e-01	1.004803314209e+02	1.388087821397e-05
63	6.300000000000e+01	-7.406614974603e-01	-2.738108840130e-01	-6.135537026014e-01	1.005755157471e+02	1.388305736327e-05
64	6.400000000000e+01	-7.172539710108e-01	-3.253450771927e-01	-6.161958469640e-01	1.007033615112e+02	1.386188705510e-05
65	6.500000000000e+01	-6.927605000646e-01	-3.769023213484e-01	-6.148394340903e-01	1.010814056396e+02	1.383590824844e-05
66	6.600000000000e+01	-6.639508172632e-01	-4.224815989665e-01	-6.169915808098e-01	1.009581146240e+02	1.385798077536e-05
67	6.700000000000e+01	-6.313566830190e-01	-4.703251838924e-01	-6.165897827598e-01	1.012959442139e+02	1.381106903864e-05
68	6.800000000000e+01	-5.937450730402e-01	-5.141754846797e-01	-6.189429369456e-01	1.014282302856e+02	1.380195317324e-05
69	6.900000000000e+01	-5.556541426691e-01	-5.563951266781e-01	-6.177968409952e-01	1.016032791138e+02	1.378340766678e-05
70	7.000000000000e+01	-5.133785428819e-01	-5.924347738417e-01	-6.208570773146e-01	1.014076309204e+02	1.379960485792e-05
71	7.100000000000e+01	-4.716635589280e-01	-6.284429000470e-01	-6.185410322362e-01	1.019056015015e+02	1.378260731144e-05
72	7.200000000000e+01	-4.238214160730e-01	-6.619179720118e-01	-6.182556151024e-01	1.021772918701e+02	1.375102510792e-05
73	7.300000000000e+01	-3.735939331007e-01	-6.897626560377e-01	-6.202056525752e-01	1.021027450562e+02	1.377126864099e-05
74	7.400000000000e+01	-3.249782466915e-01	-7.152408525650e-01	-6.187242212807e-01	1.021423797607e+02	1.375973442919e-05
75	7.500000000000e+01	-2.717288111928e-01	-7.355983226021e-01	-6.205308702657e-01	1.021441192627e+02	1.375788451696e-05
76	7.600000000000e+01	-2.154660951106e-01	-7.549841279377e-01	-6.193329705578e-01	1.024557113647e+02	1.372690076096e-05
77	7.700000000000e+01	-1.625440955048e-01	-7.699634922201e-01	-6.170377927362e-01	1.029556198120e+02	1.368334596918e-05
78	7.800000000000e+01	-1.058342081889e-01	-7.787189683430e-01	-6.183816691330e-01	1.027046127319e+02	1.370500194753e-05
79	7.900000000000e+01	-5.098286180631e-02	-7.855216664850e-01	-6.167304591835e-01	1.030738067627e+02	1.369640904159e-05
80	8.000000000000e+01	3.595083218016e-03	-7.888741636164e-01	-6.145442452380e-01	1.030345153809e+02	1.369209894619e-05
81	8.100000000000e+01	5.779303146944e-02	-7.880334587348e-01	-6.129137242941e-01	1.033256072998e+02	1.367744698655e-05
82	8.200000000000e+01	1.165387855907e-01	-7.814790037574e-01	-6.129512852906e-01	1.033280410767e+02	1.368307130178e-05
83	8.300000000000e+01	1.695033953287e-01	-7.732935615959e-01	-6.109710848857e-01	1.035154342651e+02	1.366844026052e-05
84	8.400000000000e+01	2.247955467166e-01	-7.587746080048e-01	-6.113330159770e-01	1.032227172852e+02	1.370121299260e-05
85	8.500000000000e+01	2.766090255256e-01	-7.431176459785e-01	-6.093140497586e-01	1.031998519897e+02	1.368896755594e-05
86	8.600000000000e+01	3.286576265923e-01	-7.222184800106e-01	-6.085923361446e-01	1.034040222168e+02	1.368157063553e-05
87	8.700000000000e+01	3.788212967938e-01	-7.000965891246e-01	-6.052761278884e-01	1.035040206909e+02	1.366649212287e-05
88	8.800000000000e+01	4.293116259202e-01	-6.699621612882e-01	-6.056750203630e-01	1.032876358032e+02	1.370434893033e-05
89	8.900000000000e+01	4.761501581470e-01	-6.403507435232e-01	-6.026872755965e-01	1.035396041870e+02	1.369971141685e-05
90	9.000000000000e+01	5.200373879855e-01	-6.056517702931e-01	-6.022848563910e-01	1.031546554565e+02	1.372608767269e-05
91	9.100000000000e+01	5.626452634583e-01	-5.686129200908e-01	-6.000913718875e-01	1.033025512695e+02	1.372885526507e-05
92	9.200000000000e+01	6.010486393887e-01	-5.299323121084e-01	-5.982577017243e-01	1.031358032227e+02	1.371482903778e-05
93	9.300000000000e+01	6.385109188171e-01	-4.871033284996e-01	-5.958474250310e-01	1.031754455566e+02	1.372211409034e-05
94	9.400000000000e+01	6.716006009384e-01	-4.405095368190e-01	-5.957381814108e-01	1.030591430664e+02	1.374108796881e-05
95	9.500000000000e+01	7.023671050736e-01	-3.929474345089e-01	-5.935257057815e-01	1.030883255005e+02	1.374966996082e-05
96	9.600000000000e+01	7.288779990612e-01	-3.447666966619e-01	-5.915004542327e-01	1.031293792725e+02	1.373937902827e-05
97	9.700000000000e+01	7.516044922435e-01	-2.929729641265e-01	-5.909801430930e-01	1.026770401001e+02	1.377032094751e-05
98	9.800000000000e+01	7.714975943923e-01	-2.403597867013e-01	-5.890828759893e-01	1.026831741333e+02	1.378593151458e-05
99	9.900000000000e+01	7.873033658876e-01	-1.881814321364e-01	-5.871466244994e-01	1.027088394165e+02	1.378793876938e-05
100	1.000000000000e+02	7.998656662558e-01	-1.334563898163e-01	-5.851532345996e-01	1.024211196899e+02	1.378993783874e-05
101	1.010000000000e+02	8.079309153965e-01	-7.908463274900e-02	-5.839462790441e-01	1.023085098267e+02	1.380003413942e-05
102	1.020000000000e+02	8.123949559776e-01	-2.251657290895e-02	-5.826726692120e-01	1.020781326294e+02	1.383531980537e-05
103	1.030000000000e+02	8.133251417084e-01	3.203259355628e-02	-5.809269548016e-01	1.021150283813e+02	1.383102699037e-05
104	1.040000000000e+02	8.100107350697e-01	8.950272283442e-02	-5.795445381307e-01	1.018222961426e+02	1.387814882037e-05
105	1.050000000000e+02	8.027222099098e-01	1.454625721212e-01	-5.783404653224e-01	1.017617034912e+02	1.390071247442e-05
106	1.060000000000e+02	7.922883029739e-01	2.003405828031e-01	-5.763183979822e-01	1.015898971558e+02	1.390336092300e-05
107	1.070000000000e+02	7.769594666759e-01	2.557050712959e-01	-5.752815864047e-01	1.013604125977e+02	1.394260652887e-05
108	1.080000000000e+02	7.581785746150e-01	3.095049467593e-01	-5.739093455646e-01	1.011964797974e+02	1.396835341438e-05
109	1.090000000000e+02	7.366224973890e-01	3.602317470640e-01	-5.723813280913e-01	1.011735610962e+02	1.397044434270e-05
110	1.100000000000e+02	7.104689507322e-01	4.115295689416e-01	-5.708566229206e-01	1.010152282715e+02	1.400730616297e-05
111	1.110000000000e+02	6.807977061151e-01	4.606749940888e-01	-5.694673240579e-01	1.007772445679e+02	1.401825193170e-05
112	1.120000000000e+02	6.472926991994e-01	5.072924212948e-01	-5.689170070055e-01	1.006479721069e+02	1.403808528266e-05
113	1.130000000000e+02	6.111541927599e-01	5.515610797261e-01	-5.676891121057e-01	1.004923248291e+02	1.406342107657e-05
114	1.140000000000e+02	5.726165862931e-01	5.927279449381e-01	-5.663778141766e-01	1.003240890503e+02	1.407732543157e-05
115	1.150000000000e+02	5.308712196354e-01	6.312715262654e-01	-5.653954441710e-01	1.001712646484e+02	1.410725326423e-05
116	1.160000000000e+02	4.876618858848e-01	6.658286347543e-01	-5.646752289560e-01	1.000828628540e+02	1.409930791851e-05
117	1.170000000000e+02	4.406450981790e-01	6.986139444882e-01	-5.637113215268e-01	9.992095184326e+01	1.412847359461e-05
118	1.180000000000e+02	3.918500252715e-01	7.273335368997e-01	-5.634176814724e-01	9.981359100342e+01	1.414415328327e-05
119	1.190000000000e+02	3.415839458887e-01	7.528022710908e-01	-5.626803253640e-01	9.970334625244e+01	1.416946543031e-05
120	1.200000000000e+02	2.903379111987e-01	7.744894330355e-01	-5.620231449302e-01	9.960186004639e+01	1.418796364305e-05
121	1.210000000000e+02	2.371689615675e-01	7.926990327864e-01	-5.615862597042e-01	9.948755645752e+01	1.420418993803e-05
122	1.220000000000e+02	1.810155916148e-01	8.076428021843e-01	-5.612009084741e-01	9.936100769043e+01	1.422931563866e-05
123	1.230000000000e+02	1.251625889035e-01	8.183043893243e-01	-5.609922038242e-01	9.924301147461e+01	1.423392131983e-05
124	1.240000000000e+02	6.864083732371e-02	8.252223410553e-01	-5.606215508476e-01	9.916355133057e+01	1.424914080417e-05
125	1.250000000000e+02	1.156803988624e-02	8.279768921242e-01	-5.606428868375e-01	9.907939147949e+01	1.426456401532e-05
126	1.260000000000e+02	-4.583591161557e-02	8.266895037021e-01	-5.607883144959e-01	9.900388336182e+01	1.426547078154e-05
127	1.270000000000e+02	-1.009392175486e-01	8.216362316970e-01	-5.610037229141e-01	9.895204925537e+01	1.427661209163e-05
128	1.280000000000e+02	-1.586398878478e-01	8.126132727033e-01	-5.607968036732e-01	9.893150329590e+01	1.429959138477e-05
129	1.290000000000e+02	-2.149899707773e-01	7.993630116254e-01	-5.610687017740e-01	9.886474609375e+01	1.427942333976e-05
130	1.300000000000e+02	-2.696771403109e-01	7.825110698470e-01	-5.612046556834e-01	9.883041381836e+01	1.429435906175e-05
131	1.310000000000e+02	-3.232707655831e-01	7.615173000206e-01	-5.617716741601e-01	9.880779266357e+01	1.428118139302e-05
132	1.320000000000e+02	-3.759122003617e-01	7.367626886463e-01	-5.620238057573e-01	9.884694671631e+01	1.426813560101e-05
133	1.330000000000e+02	-4.244610953660e-01	7.090652705110e-01	-5.630801192334e-01	9.878703308105e+01	1.424117635906e-05
134	1.340000000000e+02	-4.727188303634e-01	6.779658274475e-01	-5.629380465320e-01	9.882558441162e+01	1.423097364750e-05
135	1.350000000000e+02	-5.174186035940e-01	6.432417073045e-01	-5.643740733226e-01	9.884501647949e+01	1.421561955794e-05
136	1.360000000000e+02	-5.594456905968e-01	6.066090556021e-01	-5.648415467493e-01	9.882534790039e+01	1.420959870302e-05
137	1.370000000000e+02	-6.011931417465e-01	5.653595578916e-01	-5.647436379612e-01	9.893447113037e+01	1.418043848389e-05
138	1.380000000000e+02	-6.369198766669e-01	5.232382466487e-01	-5.661755981590e-01	9.889859008789e+01	1.416540635546e-05
139	1.390000000000e+02	-6.720889589474e-01	4.773655143032e-01	-5.660552950154e-01	9.897412872314e+01	1.414486450813e-05
140	1.400000000000e+02	-7.035949664449e-01	4.284474760534e-01	-5.669099429864e-01	9.906842041016e+01	1.410974982718e-05
141	1.410000000000e+02	-7.299745854175e-01	3.791084435099e-01	-5.686949030052e-01	9.903764343262e+01	1.409561991750e-05
142	1.420000000000e+02	-7.554668761007e-01	3.253581098467e-01	-5.686931505405e-01	9.922637939453e+01	1.404939121130e-05
143	1.430000000000e+02	-7.748143438633e-01	2.727303350275e-01	-5.703340222181e-01	9.923696899414e+01	1.403076112183e-05
144	1.440000000000e+02	-7.923169475126e-01	2.177591576515e-01	-5.699252617171e-01	9.932440948486e+01	1.399169832439e-05
145	1.450000000000e+02	-8.057402865481e-01	1.603582615212e-01	-5.701471902897e-01	9.957546997070e+01	1.395517210767e-05
146	1.460000000000e+02	-8.136480172479e-01	1.037623349601e-01	-5.720229732032e-01	9.957328033447e+01	1.392926878907e-05
147	1.470000000000e+02	-8.193337179672e-01	4.754027595580e-02	-5.713424373912e-01	9.974610900879e+01	1.390732722939e-05
148	1.480000000000e+02	-8.193154080145e-01	-1.112086925954e-02	-5.732351947124e-01	9.990159606934e+01	1.387385964335e-05
149	1.490000000000e+02	-8.171023980677e-01	-7.002421291455e-02	-5.722239777199e-01	1.001138916016e+02	1.382049686072e-05
150	1.500000000000e+02	-8.088021985751e-01	-1.266851892494e-01	-5.742733377103e-01	1.001292877197e+02	1.378811884933e-05
151	1.510000000000e+02	-7.979980604383e-01	-1.851828480111e-01	-5.735036253932e-01	1.005118179321e+02	1.378587694489e-05
152	1.520000000000e+02	-7.840867777340e-01	-2.392869885690e-01	-5.726688939382e-01	1.006765747070e+02	1.375178453600e-05
153	1.530000000000e+02	-7.646388435955e-01	-2.936954006788e-01	-5.736466250969e-01	1.006553955078e+02	1.372495989926e-05
154	1.540000000000e+02	-7.414841193803e-01	-3.454693546536e-01	-5.751975536300e-01	1.008332748413e+02	1.367459844914e-05
155	1.550000000000e+02	-7.152103660612e-01	-3.963519704791e-01	-5.756554940031e-01	1.008691787720e+02	1.362622242596e-05
156	1.560000000000e+02	-6.847807667213e-01	-4.479326555636e-01	-5.748318341987e-01	1.012168426514e+02	1.357170913252e-05
157	1.570000000000e+02	-6.524994731356e-01	-4.927853719640e-01	-5.756796111867e-01	1.010989913940e+02	1.355992935714e-05
158	1.580000000000e+02	-6.147644939292e-01	-5.386099681107e-01	-5.761631012619e-01	1.012592086792e+02	1.351564696961e-05
159	1.590000000000e+02	-5.773923335293e-01	-5.803902927534e-01	-5.742518622166e-01	1.013846588135e+02	1.347654324491e-05
160	1.600000000000e+02	-5.337088380581e-01	-6.216475719524e-01	-5.733316426506e-01	1.017987899780e+02	1.342000814475e-05
161	1.610000000000e+02	-4.878787466319e-01	-6.561931898399e-01	-5.756603392563e-01	1.016844253540e+02	1.340648759651e-05
162	1.620000000000e+02	-4.394156888917e-01	-6.911799413451e-01	-5.737457111283e-01	1.021884460449e+02	1.335376600764e-05
163	1.630000000000e+02	-3.919243690250e-01	-7.185847235653e-01	-5.744834932554e-01	1.020126419067e+02	1.335205706710e-05
164	1.640000000000e+02	-3.428943683047e-01	-7.452270082598e-01	-5.718917365595e-01	1.024060287476e+02	1.329952647211e-05
165	1.650000000000e+02	-2.887890623902e-01	-7.675585722798e-01	-5.722365905493e-01	1.027894973755e+02	1.326564779447e-05
166	1.660000000000e+02	-2.353316610094e-01	-7.870714438522e-01	-5.702083405203e-01	1.027180252075e+02	1.323041396972e-05
167	1.670000000000e+02	-1.823098690757e-01	-8.022048260208e-01	-5.685336654470e-01	1.030836105347e+02	1.317793612543e-05
168	1.680000000000e+02	-1.275575997045e-01	-8.116951558020e-01	-5.699824846478e-01	1.027955398560e+02	1.316602265433e-05
169	1.690000000000e+02	-6.984515742440e-02	-8.206258126774e-01	-5.671815666538e-01	1.034733123779e+02	1.309345861955e-05
170	1.700000000000e+02	-1.038463116023e-02	-8.230060643302e-01	-5.679376528383e-01	1.035476303101e+02	1.308174432779e-05
171	1.710000000000e+02	4.517936746876e-02	-8.219725029421e-01	-5.677323569801e-01	1.035018615723e+02	1.305628757109e-05
172	1.720000000000e+02	1.043420107807e-01	-8.168049656848e-01	-5.673996764354e-01	1.033617858887e+02	1.303791850660e-05
173	1.730000000000e+02	1.615518270265e-01	-8.087937159212e-01	-5.654677110772e-01	1.036522140503e+02	1.299193263549e-05
174	1.740000000000e+02	2.145833283096e-01	-7.962781999577e-01	-5.655926303300e-01	1.033548202515e+02	1.298338793276e-05
175	1.750000000000e+02	2.708266428850e-01	-7.792672678900e-01	-5.651508247353e-01	1.034266738892e+02	1.296684149565e-05
176	1.760000000000e+02	3.218568599232e-01	-7.607026903750e-01	-5.636839349996e-01	1.034019699097e+02	1.293265631830e-05
177	1.770000000000e+02	3.761489258905e-01	-7.359700793148e-01	-5.629032136209e-01	1.032840805054e+02	1.293470722885e-05
178	1.780000000000e+02	4.260733102096e-01	-7.097833348219e-01	-5.609537877010e-01	1.035552291870e+02	1.292609067605e-05
179	1.790000000000e+02	4.744113899551e-01	-6.782752575514e-01	-5.611385818801e-01	1.032554550171e+02	1.292167144129e-05
180	1.800000000000e+02	5.221280134912e-01	-6.444295548793e-01	-5.586527421626e-01	1.036881027222e+02	1.287890609092e-05
181	1.810000000000e+02	5.675422541740e-01	-6.049581904749e-01	-5.584992188933e-01	1.034192123413e+02	1.290298587264e-05
182	1.820000000000e+02	6.071452454790e-01	-5.669661506046e-01	-5.567082134843e-01	1.037096176147e+02	1.286561382585e-05
183	1.830000000000e+02	6.459687389759e-01	-5.241764606373e-01	-5.549445254976e-01	1.033851852417e+02	1.283667097596e-05
184	1.840000000000e+02	6.811320794149e-01	-4.774085422758e-01	-5.551037508016e-01	1.033496398926e+02	1.282667562919e-05
185	1.850000000000e+02	7.120001306432e-01	-4.318678457028e-01	-5.536659442409e-01	1.031997299194e+02	1.281045297219e-05
186	1.860000000000e+02	7.404913216536e-01	-3.831819734099e-01	-5.521269580535e-01	1.033816223145e+02	1.277429601032e-05
187	1.870000000000e+02	7.650087676549e-01	-3.318318543368e-01	-5.519503653940e-01	1.030334854126e+02	1.278196123167e-05
188	1.880000000000e+02	7.869832597274e-01	-2.773460186418e-01	-5.511229761609e-01	1.028077926636e+02	1.279833122680e-05
189	1.890000000000e+02	8.041880788846e-01	-2.242039152358e-01	-5.504671999064e-01	1.027681427002e+02	1.279744355998e-05
190	1.900000000000e+02	8.178731079706e-01	-1.673162283199e-01	-5.505350660941e-01	1.026689071655e+02	1.281014283450e-05
191	1.910000000000e+02	8.272243194112e-01	-1.101073645086e-01	-5.509775799936e-01	1.022213516235e+02	1.283384426642e-05
192	1.920000000000e+02	8.329797450464e-01	-5.523410044057e-02	-5.505396793065e-01	1.020977935791e+02	1.284646896238e-05
193	1.930000000000e+02	8.349162029401e-01	1.520660492820e-03	-5.503749827706e-01	1.021228256226e+02	1.288522071263e-05
194	1.940000000000e+02	8.334401509240e-01	5.863306885578e-02	-5.494903803201e-01	1.018803558350e+02	1.290503496421e-05
195	1.950000000000e+02	8.273999477367e-01	1.165371366940e-01	-5.493891355464e-01	1.018039321899e+02	1.295924448641e-05
196	1.960000000000e+02	8.172929273472e-01	1.735479173214e-01	-5.494664605795e-01	1.014609451294e+02	1.299665382248e-05
197	1.970000000000e+02	8.038171064611e-01	2.291119445797e-01	-5.489861348080e-01	1.014125442505e+02	1.302114469581e-05
198	1.980000000000e+02	7.863994438310e-01	2.832751708425e-01	-5.489363281168e-01	1.012012176514e+02	1.303916542383e-05
199	1.990000000000e+02	7.652057127179e-01	3.371347044873e-01	-5.484527402193e-01	1.010778884888e+02	1.307314687438e-05
200	2.000000000000e+02	7.407190071913e-01	3.878849042238e-01	-5.485258913314e-01	1.009869766235e+02	1.307666752837e-05
201	2.010000000000e+02	7.118867567880e-01	4.381547300949e-01	-5.488512348581e-01	1.008988723755e+02	1.311597588938e-05
202	2.020000000000e+02	6.802834364590e-01	4.854194990843e-01	-5.491651445497e-01	1.007530364990e+02	1.312389395025e-05
203	2.030000000000e+02	6.448186236977e-01	5.314454336956e-01	-5.493402347696e-01	1.005872039795e+02	1.315056397289e-05
204	2.040000000000e+02	6.063182050799e-01	5.749795853610e-01	-5.493420706689e-01	1.003844146729e+02	1.316387169936e-05
205	2.050000000000e+02	5.657704738264e-01	6.146478587363e-01	-5.496469600545e-01	1.002628097534e+02	1.317044916505e-05
206	2.060000000000e+02	5.225103754395e-01	6.512895158143e-01	-5.502770885185e-01	1.001173706055e+02	1.317410533375e-05
207	2.070000000000e+02	4.765000505774e-01	6.851657473966e-01	-5.509043477721e-01	9.997190093994e+01	1.317295209446e-05
208	2.080000000000e+02	4.280923753999e-01	7.157825071639e-01	-5.517176094369e-01	9.982968902588e+01	1.317881651630e-05
209	2.090000000000e+02	3.785772307506e-01	7.424688368407e-01	-5.526475429038e-01	9.975257110596e+01	1.318405065831e-05
210	2.100000000000e+02	3.267751803998e-01	7.658283269393e-01	-5.538275499937e-01	9.961033630371e+01	1.318139584328e-05
211	2.110000000000e+02	2.729102562921e-01	7.859658909378e-01	-5.547770816219e-01	9.949662017822e+01	1.320635237789e-05
212	2.120000000000e+02	2.179817065387e-01	8.022018547611e-01	-5.558382497025e-01	9.936769104004e+01	1.321874788118e-05
213	2.130000000000e+02	1.623159056462e-01	8.143667114851e-01	-5.571897396751e-01	9.926278686523e+01	1.322448133578e-05
214	2.140000000000e+02	1.061267967148e-01	8.225301956742e-01	-5.587317605284e-01	9.915816497803e+01	1.321746094618e-05
215	2.150000000000e+02	4.974118586296e-02	8.268205390670e-01	-5.602620909949e-01	9.910066986084e+01	1.323915694229e-05
216	2.160000000000e+02	-6.906705105511e-03	8.271368216719e-01	-5.619581618404e-01	9.900668334961e+01	1.325001539954e-05
217	2.170000000000e+02	-6.554862886303e-02	8.236112062192e-01	-5.633542031834e-01	9.894596099854e+01	1.327418613073e-05
218	2.180000000000e+02	-1.213581729008e-01	8.157077650078e-01	-5.655908733140e-01	9.885943603516e+01	1.328495272901e-05
219	2.190000000000e+02	-1.777615461228e-01	8.040108778716e-01	-5.674216606583e-01	9.881246948242e+01	1.331196472165e-05
220	2.200000000000e+02	-2.321039834686e-01	7.886301350811e-01	-5.693770726855e-01	9.877331542969e+01	1.335347860731e-05
221	2.210000000000e+02	-2.860611940707e-01	7.694759826403e-01	-5.710303891971e-01	9.872586059570e+01	1.336267450824e-05
222	2.220000000000e+02	-3.379767860373e-01	7.465951453761e-01	-5.730334902959e-01	9.868286895752e+01	1.337486264674e-05
223	2.230000000000e+02	-3.883131308133e-01	7.200405700934e-01	-5.751125888533e-01	9.864402770996e+01	1.338676702289e-05
224	2.240000000000e+02	-4.366599122613e-01	6.898665758173e-01	-5.774185904473e-01	9.865890502930e+01	1.341018287349e-05
225	2.250000000000e+02	-4.826213778013e-01	6.565927055680e-01	-5.796228296781e-01	9.865398406982e+01	1.341950064671e-05
226	2.260000000000e+02	-5.270013942420e-01	6.196933147810e-01	-5.815924054548e-01	9.867117309570e+01	1.341606002825e-05
227	2.270000000000e+02	-5.682526244965e-01	5.799217954707e-01	-5.837633646358e-01	9.872053527832e+01	1.343446183455e-05
228	2.280000000000e+02	-6.066498604315e-01	5.375329464055e-01	-5.856912824749e-01	9.881439208984e+01	1.343817621091e-05
229	2.290000000000e+02	-6.408982778095e-01	4.934146753179e-01	-5.880402670581e-01	9.886968994141e+01	1.344635438727e-05
230	2.300000000000e+02	-6.745482868059e-01	4.448106362190e-01	-5.891757858854e-01	9.904273986816e+01	1.342384985037e-05
231	2.310000000000e+02	-7.017481537651e-01	3.969759750343e-01	-5.915738364167e-01	9.905757141113e+01	1.342626001133e-05
232	2.320000000000e+02	-7.281370266325e-01	3.446596519421e-01	-5.924746363938e-01	9.925711059570e+01	1.342402993032e-05
233	2.330000000000e+02	-7.491204476468e-01	2.918915707465e-01	-5.946577720375e-01	9.933212280273e+01	1.341252482234e-05
234	2.340000000000e+02	-7.660947229533e-01	2.378879059110e-01	-5.970830927806e-01	9.939642333984e+01	1.341910228803e-05
235	2.350000000000e+02	-7.786169672115e-01	1.833786967472e-01	-6.001065504972e-01	9.946536254883e+01	1.342596624454e-05
236	2.360000000000e+02	-7.882948235481e-01	1.266955704901e-01	-6.021125339879e-01	9.964913177490e+01	1.342411360383e-05
237	2.370000000000e+02	-7.938174858351e-01	7.038061725924e-02	-6.040698369366e-01	9.961841583252e+01	1.342706127616e-05
238	2.380000000000e+02	-7.954036881846e-01	1.291104090372e-02	-6.059424707389e-01	9.970946502686e+01	1.341500774288e-05
239	2.390000000000e+02	-7.931065325156e-01	-4.455803866845e-02	-6.074509109970e-01	9.986278533936e+01	1.339241043752e-05
240	2.400000000000e+02	-7.855783470781e-01	-1.004892910337e-01	-6.105477565183e-01	9.980537414551e+01	1.339985828963e-05
241	2.410000000000e+02	-7.763474403216e-01	-1.578949834005e-01	-6.102080187306e-01	1.001572113037e+02	1.337586945738e-05
242	2.420000000000e+02	-7.622643028612e-01	-2.117076915150e-01	-6.116641120231e-01	1.002836685181e+02	1.337724916084e-05
243	2.430000000000e+02	-7.439793670201e-01	-2.659178278424e-01	-6.130109381438e-01	1.004667510986e+02	1.336892091786e-05
244	2.440000000000e+02	-7.204345036919e-01	-3.184597989489e-01	-6.160823665254e-01	1.005029602051e+02	1.336830791843e-05
245	2.450000000000e+02	-6.957612369076e-01	-3.702104792402e-01	-6.155164516710e-01	1.009106140137e+02	1.333322325081e-05
246	2.460000000000e+02	-6.665899408384e-01	-4.188414448466e-01	-6.166276792782e-01	1.010922698975e+02	1.331790917902e-05
247	2.470000000000e+02	-6.352222100422e-01	-4.622558387747e-01	-6.187182584890e-01	1.009543075562e+02	1.334032094746e-05
248	2.480000000000e+02	-5.999228439070e-01	-5.063526966703e-01	-6.194348455917e-01	1.010470657349e+02	1.332806368737e-05
249	2.490000000000e+02	-5.623870025217e-01	-5.478117137436e-01	-6.193732200216e-01	1.012063751221e+02	1.331875864707e-05
250	2.500000000000e+02	-5.195067315793e-01	-5.896943161325e-01	-6.183634605673e-01	1.017143249512e+02	1.326981418970e-05
251	2.510000000000e+02	-4.757046937231e-01	-6.256520718358e-01	-6.182754478203e-01	1.019586410522e+02	1.326299479842e-05
252	2.520000000000e+02	-4.300308779470e-01	-6.575220179923e-01	-6.186584193781e-01	1.020435562134e+02	1.324981258222e-05
253	2.530000000000e+02	-3.813513763082e-01	-6.864165596448e-01	-6.191957965242e-01	1.021161804199e+02	1.325076846115e-05
254	2.540000000000e+02	-3.295624067306e-01	-7.116501324227e-01	-6.204375142532e-01	1.021294555664e+02	1.326412620983e-05
255	2.550000000000e+02	-2.787527439092e-01	-7.317211272546e-01	-6.219976685586e-01	1.018491744995e+02	1.327269455942e-05
256	2.560000000000e+02	-2.261304278777e-01	-7.505718897621e-01	-6.208919937371e-01	1.021558151245e+02	1.331703788310e-05
257	2.570000000000e+02	-1.724616546380e-01	-7.661028810145e-01	-6.191472792323e-01	1.025367965698e+02	1.330089708063e-05
258	2.580000000000e+02	-1.138808309188e-01	-7.761179881894e-01	-6.202193360079e-01	1.024649887085e+02	1.330753457296e-05
259	2.590000000000e+02	-5.821841152082e-02	-7.828365887098e-01	-6.194977739566e-01	1.026016464233e+02	1.326430083282e-05
260	2.600000000000e+02	-2.409764020928e-03	-7.859701904955e-01	-6.182596968021e-01	1.027794570923e+02	1.325386165263e-05
261	2.610000000000e+02	5.284085900941e-02	-7.874929201398e-01	-6.140543496702e-01	1.032860946655e+02	1.323664946540e-05
262	2.620000000000e+02	1.090156579690e-01	-7.823564259699e-01	-6.132161193748e-01	1.034077911377e+02	1.324213644693e-05
263	2.630000000000e+02	1.641718896733e-01	-7.731115993461e-01	-6.126549155909e-01	1.033833007812e+02	1.326143865299e-05
264	2.640000000000e+02	2.182838004158e-01	-7.594050583655e-01	-6.129079374628e-01	1.031427459717e+02	1.328061352979e-05
265	2.650000000000e+02	2.714264520024e-01	-7.427639074739e-01	-6.120698153867e-01	1.031451263428e+02	1.327118934569e-05
266	2.660000000000e+02	3.257357112665e-01	-7.208422210362e-01	-6.117865140531e-01	1.031869277954e+02	1.330175109615e-05
267	2.670000000000e+02	3.737064540209e-01	-6.991469786368e-01	-6.095383404562e-01	1.033718032837e+02	1.328860525973e-05
268	2.680000000000e+02	4.234731108903e-01	-6.694189770567e-01	-6.103677231876e-01	1.028890533447e+02	1.331612111244e-05
269	2.690000000000e+02	4.694661462161e-01	-6.393593386694e-01	-6.089508794749e-01	1.028715438843e+02	1.329684801021e-05
270	2.700000000000e+02	5.138553927424e-01	-6.063438324814e-01	-6.068770815918e-01	1.029603652954e+02	1.328455891780e-05
271	2.710000000000e+02	5.586204492899e-01	-5.678959010869e-01	-6.045142175035e-01	1.032273178101e+02	1.327976860921e-05
272	2.720000000000e+02	5.959124453277e-01	-5.303891672465e-01	-6.029723781162e-01	1.031671371460e+02	1.326355686615e-05
273	2.730000000000e+02	6.345523177756e-01	-4.854268357989e-01	-6.014184425937e-01	1.031967315674e+02	1.327206700807e-05
274	2.740000000000e+02	6.679174964141e-01	-4.404023022309e-01	-5.999433558043e-01	1.031300964355e+02	1.327665177087e-05
275	2.750000000000e+02	6.977411567253e-01	-3.930859362773e-01	-5.988661995076e-01	1.029890136719e+02	1.327804693574e-05
276	2.760000000000e+02	7.231034678852e-01	-3.460199010588e-01	-5.978223839934e-01	1.027471618652e+02	1.326011806668e-05
277	2.770000000000e+02	7.475093226386e-01	-2.921948008006e-01	-5.965333276134e-01	1.025974349976e+02	1.328765210928e-05
278	2.780000000000e+02	7.666306411453e-01	-2.426174667329e-01	-5.944865220450e-01	1.025213012695e+02	1.327556856268e-05
279	2.790000000000e+02	7.830326515466e-01	-1.887135441203e-01	-5.926610033378e-01	1.024156951904e+02	1.329075075773e-05
280	2.800000000000e+02	7.952955927119e-01	-1.316029199857e-01	-5.917648111068e-01	1.022226791382e+02	1.331271232630e-05
281	2.810000000000e+02	8.040823013326e-01	-7.822465436582e-02	-5.893492649805e-01	1.021753768921e+02	1.328869257122e-05
282	2.820000000000e+02	8.085733668469e-01	-2.229026691070e-02	-5.879730048453e-01	1.020082168579e+02	1.329359020019e-05
283	2.830000000000e+02	8.091193877275e-01	3.381767595949e-02	-5.866704195681e-01	1.018523178101e+02	1.328676444246e-05
284	2.840000000000e+02	8.057059263173e-01	9.147539819296e-02	-5.852095452252e-01	1.017166900635e+02	1.329791120952e-05
285	2.850000000000e+02	7.987033051020e-01	1.465503726298e-01	-5.836060475194e-01	1.015872726440e+02	1.331275052507e-05
286	2.860000000000e+02	7.881924367402e-01	2.002566590981e-01	-5.819363823927e-01	1.014261245728e+02	1.329480619461e-05
287	2.870000000000e+02	7.730320587453e-01	2.558767401993e-01	-5.804726780624e-01	1.013033142090e+02	1.331929615844e-05
288	2.880000000000e+02	7.543053076265e-01	3.094179383841e-01	-5.790371683170e-01	1.011565093994e+02	1.332280498900e-05
289	2.890000000000e+02	7.322356902682e-01	3.602893497287e-01	-5.779467781462e-01	1.009861450195e+02	1.330920713372e-05
290	2.900000000000e+02	7.062917438912e-01	4.107438610284e-01	-5.765773609314e-01	1.008428955078e+02	1.331432758889e-05
291	2.910000000000e+02	6.756449337491e-01	4.606826784605e-01	-5.755652814978e-01	1.006500244141e+02	1.335498109256e-05
292	2.920000000000e+02	6.419720645378e-01	5.077362775574e-01	-5.745221847808e-01	1.004738922119e+02	1.336719924439e-05
293	2.930000000000e+02	6.060473350999e-01	5.513015528329e-01	-5.733875002669e-01	1.003044509888e+02	1.336686727882e-05
294	2.940000000000e+02	5.663697179633e-01	5.930223563690e-01	-5.723196898768e-01	1.001476669312e+02	1.338113452221e-05
295	2.950000000000e+02	5.246433531159e-01	6.311796298621e-01	-5.712806900977e-01	1.000300445557e+02	1.339218943031e-05
296	2.960000000000e+02	4.801524231532e-01	6.664236932690e-01	-5.703797959166e-01	9.990807342529e+01	1.340532344329e-05
297	2.970000000000e+02	4.334454935444e-01	6.985312518399e-01	-5.693672754287e-01	9.979800415039e+01	1.341906772723e-05
298	2.980000000000e+02	3.843082172900e-01	7.271334935091e-01	-5.688445101613e-01	9.968675994873e+01	1.343337771686e-05
299	2.990000000000e+02	3.332062767858e-01	7.524535851190e-01	-5.681436256372e-01	9.956868743896e+01	1.343613439531e-05
300	3.000000000000e+02	2.807800322121e-01	7.738360251785e-01	-5.677502793016e-01	9.945747375488e+01	1.343439544144e-05
301	3.010000000000e+02	2.263073410991e-01	7.921403554020e-01	-5.668321133354e-01	9.932917785645e+01	1.343337316939e-05
302	3.020000000000e+02	1.710711775929e-01	8.060816189330e-01	-5.665395624449e-01	9.924552154541e+01	1.343766507489e-05
303	3.030000000000e+02	1.154322490082e-01	8.163003946565e-01	-5.659762023023e-01	9.915780639648e+01	1.344802331005e-05
304	3.040000000000e+02	5.843560307865e-02	8.226888183075e-01	-5.654806703369e-01	9.907099914551e+01	1.345821237919e-05
305	3.050000000000e+02	2.315139405652e-03	8.248970870230e-01	-5.652781934150e-01	9.896906280518e+01	1.344527117908e-05
306	3.060000000000e+02	-5.612996673054e-02	8.234019019145e-01	-5.646757784414e-01	9.891208648682e+01	1.345040982415e-05
307	3.070000000000e+02	-1.115538551652e-01	8.178125614266e-01	-5.645691735923e-01	9.884080505371e+01	1.343663552689e-05
308	3.080000000000e+02	-1.694539329570e-01	8.079407927698e-01	-5.643731389638e-01	9.880687713623e+01	1.343433723378e-05
309	3.090000000000e+02	-2.237640298829e-01	7.945294564383e-01	-5.644932256302e-01	9.873360443115e+01	1.343268195342e-05
310	3.100000000000e+02	-2.800482678447e-01	7.767333675662e-01	-5.641438144538e-01	9.872904205322e+01	1.342506493529e-05
311	3.110000000000e+02	-3.331999215910e-01	7.554589772703e-01	-5.641449688808e-01	9.869349670410e+01	1.341222196061e-05
312	3.120000000000e+02	-3.835297348031e-01	7.309254192230e-01	-5.644935553712e-01	9.862913513184e+01	1.339890422969e-05
313	3.130000000000e+02	-4.347148309246e-01	7.020924288998e-01	-5.639940044502e-01	9.867336273193e+01	1.338687252428e-05
314	3.140000000000e+02	-4.802446789200e-01	6.711335937273e-01	-5.647519346931e-01	9.860972595215e+01	1.337789308309e-05
315	3.150000000000e+02	-5.257304172945e-01	6.360469488879e-01	-5.648467111896e-01	9.862849426270e+01	1.336247805739e-05
316	3.160000000000e+02	-5.688697803552e-01	5.976963773292e-01	-5.649302731543e-01	9.867068481445e+01	1.335288834525e-05
317	3.170000000000e+02	-6.090590498014e-01	5.569291089332e-01	-5.646919881474e-01	9.876200103760e+01	1.336280365649e-05
318	3.180000000000e+02	-6.462939730319e-01	5.126764915564e-01	-5.652140439056e-01	9.876780700684e+01	1.333822547167e-05
319	3.190000000000e+02	-6.800261607823e-01	4.672709124121e-01	-5.649976239465e-01	9.886315155029e+01	1.334410353593e-05
320	3.200000000000e+02	-7.112452857219e-01	4.179169748889e-01	-5.652216783158e-01	9.894174194336e+01	1.330592567683e-05
321	3.210000000000e+02	-7.386548635155e-01	3.676732569753e-01	-5.649826269099e-01	9.905057525635e+01	1.329920360149e-05
322	3.220000000000e+02	-7.625356325787e-01	3.147458990907e-01	-5.652206896898e-01	9.915837097168e+01	1.329309543507e-05
323	3.230000000000e+02	-7.821898491228e-01	2.616901935749e-01	-5.654177946580e-01	9.921159362793e+01	1.329161386820e-05
324	3.240000000000e+02	-7.984316050161e-01	2.059091622759e-01	-5.657812200862e-01	9.932209777832e+01	1.327028803644e-05
325	3.250000000000e+02	-8.109138044580e-01	1.494359351968e-01	-5.657629388810e-01	9.944120788574e+01	1.324647928413e-05
326	3.260000000000e+02	-8.192167699890e-01	9.199517364042e-02	-5.660572160089e-01	9.956385040283e+01	1.323254400631e-05
327	3.270000000000e+02	-8.236540261852e-01	3.428480908356e-02	-5.660552950154e-01	9.970272064209e+01	1.321631589235e-05
328	3.280000000000e+02	-8.240686035275e-01	-2.356179271708e-02	-5.659998044206e-01	9.981705474854e+01	1.320583760389e-05
329	3.290000000000e+02	-8.203637110343e-01	-8.134323796182e-02	-5.660270835004e-01	9.997521209717e+01	1.319082275586e-05
330	3.300000000000e+02	-8.126736440630e-01	-1.388911985598e-01	-5.659247151415e-01	1.001358947754e+02	1.316945326835e-05
331	3.310000000000e+02	-8.001286980077e-01	-1.969503562209e-01	-5.665726994914e-01	1.004111175537e+02	1.314255223406e-05
332	3.320000000000e+02	-7.845261743434e-01	-2.524011168615e-01	-5.664029996188e-01	1.005715103149e+02	1.313098255196e-05
333	3.330000000000e+02	-7.651520326074e-01	-3.068252390331e-01	-5.660394329806e-01	1.007397994995e+02	1.311791584158e-05
334	3.340000000000e+02	-7.421117433738e-01	-3.595248483696e-01	-5.656960701220e-01	1.009317932129e+02	1.308285300183e-05
335	3.350000000000e+02	-7.168605880079e-01	-4.088626836792e-01	-5.647496819438e-01	1.009072647095e+02	1.308577338932e-05
336	3.360000000000e+02	-6.864363047127e-01	-4.579651094479e-01	-5.648656106550e-01	1.010368423462e+02	1.306792910327e-05
337	3.370000000000e+02	-6.524613932774e-01	-5.051039894475e-01	-5.649460948858e-01	1.011825332642e+02	1.303542103415e-05
338	3.380000000000e+02	-6.158860238686e-01	-5.491923529866e-01	-5.648647316167e-01	1.012935409546e+02	1.302306009165e-05
339	3.390000000000e+02	-5.759273826993e-01	-5.909738848820e-01	-5.648517657268e-01	1.014109573364e+02	1.301563679590e-05
340	3.400000000000e+02	-5.323961853653e-01	-6.305898530936e-01	-5.647218244267e-01	1.018393554688e+02	1.298648930970e-05
341	3.410000000000e+02	-4.866610680253e-01	-6.672380261781e-01	-5.638744729907e-01	1.019798507690e+02	1.297151993640e-05
342	3.420000000000e+02	-4.412519928565e-01	-6.994306133853e-01	-5.622219275870e-01	1.018919067383e+02	1.294725370826e-05
343	3.430000000000e+02	-3.908056519586e-01	-7.296395267050e-01	-5.611569330115e-01	1.020677108765e+02	1.298664665228e-05
344	3.440000000000e+02	-3.391828356433e-01	-7.559024754869e-01	-5.599700452326e-01	1.022742919922e+02	1.294225694437e-05
345	3.450000000000e+02	-2.844542391982e-01	-7.786092720621e-01	-5.593329842421e-01	1.027905426025e+02	1.291241915169e-05
346	3.460000000000e+02	-2.309188804537e-01	-7.974656226814e-01	-5.574271712891e-01	1.027419204712e+02	1.290383352170e-05
347	3.470000000000e+02	-1.753167357918e-01	-8.122623887170e-01	-5.563217180976e-01	1.029242248535e+02	1.288753446715e-05
348	3.480000000000e+02	-1.189045294926e-01	-8.231179616942e-01	-5.552823912232e-01	1.030408325195e+02	1.290216187044e-05
349	3.490000000000e+02	-6.059299069092e-02	-8.294553060860e-01	-5.552768540871e-01	1.034368591309e+02	1.287338091061e-05
350	3.500000000000e+02	-5.456215563969e-03	-8.322310485173e-01	-5.544021208433e-01	1.030558471680e+02	1.287141458306e-05
351	3.510000000000e+02	5.395235322208e-02	-8.306752920796e-01	-5.541368988890e-01	1.034817810059e+02	1.286065435124e-05
352	3.520000000000e+02	1.125871972797e-01	-8.248975854401e-01	-5.539567641466e-01	1.033734436035e+02	1.284669997403e-05
353	3.530000000000e+02	1.679562656436e-01	-8.160740386598e-01	-5.530043908113e-01	1.031369552612e+02	1.285473899770e-05
354	3.540000000000e+02	2.266607040868e-01	-8.021909545477e-01	-5.523717929662e-01	1.035005493164e+02	1.284109566768e-05
355	3.550000000000e+02	2.811862298411e-01	-7.854506802040e-01	-5.513633403799e-01	1.035180358887e+02	1.284888367081e-05
356	3.560000000000e+02	3.346889777502e-01	-7.654868155988e-01	-5.495572975740e-01	1.033703308105e+02	1.285851976718e-05
357	3.570000000000e+02	3.861555119074e-01	-7.415480534406e-01	-5.486259245259e-01	1.034235382080e+02	1.284781137656e-05
358	3.580000000000e+02	4.356350573794e-01	-7.141264462936e-01	-5.479466356189e-01	1.038038558960e+02	1.284229347220e-05
359	3.590000000000e+02	4.834548204550e-01	-6.833958982278e-01	-5.470296910262e-01	1.037354049683e+02	1.284612881136e-05
360	3.600000000000e+02	5.303904694620e-01	-6.486868172248e-01	-5.457942497522e-01	1.033223114014e+02	1.285789494432e-05
