# Filename: 161130_polarimeter_vs_wheel.dat
# Timestamp: Wed May 22 16:11:30 2019

# Column 1:
#	name: measurement point
#	size: 0
#	type: coordinate
# Column 2:
#	name: angle
#	type: value
# Column 3:
#	name: S1
#	type: value
# Column 4:
#	name: S2
#	type: value
# Column 5:
#	name: S3
#	type: value
# Column 6:
#	name: DOP
#	type: value
# Column 7:
#	name: power
#	type: value

0	0.000000000000e+00	9.993462919158e-01	-3.419707860244e-02	1.172811362857e-02	9.495993041992e+01	4.371223894850e-06
1	1.000000000000e+00	9.993574306248e-01	-3.397561548079e-02	1.141855541046e-02	9.491997528076e+01	4.627931502910e-06
2	2.000000000000e+00	9.994719689207e-01	-3.084731291717e-02	1.020914431314e-02	9.492577362061e+01	4.893735422229e-06
3	3.000000000000e+00	9.994602201755e-01	-3.157492144722e-02	9.071528112827e-03	9.505723571777e+01	5.140030680195e-06
4	4.000000000000e+00	9.995136519314e-01	-2.940722755647e-02	1.037663578892e-02	9.475099182129e+01	5.398854682426e-06
5	5.000000000000e+00	9.995254644949e-01	-2.917896316473e-02	9.870862925271e-03	9.481983947754e+01	5.655025233864e-06
6	6.000000000000e+00	9.995414531358e-01	-2.933744526850e-02	7.496517071857e-03	9.480990600586e+01	5.905269063078e-06
7	7.000000000000e+00	9.995841592920e-01	-2.792979109890e-02	7.171838095198e-03	9.476319885254e+01	6.165126706037e-06
8	8.000000000000e+00	9.996159431247e-01	-2.674733513948e-02	7.248883631319e-03	9.477264404297e+01	6.433723228838e-06
9	9.000000000000e+00	9.996149098017e-01	-2.676805580653e-02	7.314594348725e-03	9.484988403320e+01	6.673040388705e-06
10	1.000000000000e+01	9.996062439016e-01	-2.710899644320e-02	7.242890635900e-03	9.485586547852e+01	6.908795057825e-06
11	1.100000000000e+01	9.996115771168e-01	-2.685668748480e-02	7.444006409948e-03	9.483144378662e+01	7.168111096689e-06
12	1.200000000000e+01	9.996321342776e-01	-2.599376135947e-02	7.740832644012e-03	9.469121551514e+01	7.404049938486e-06
13	1.300000000000e+01	9.996536452197e-01	-2.549348165126e-02	6.532380286940e-03	9.489235687256e+01	7.638157512702e-06
14	1.400000000000e+01	9.996638978586e-01	-2.511370881379e-02	6.433735128228e-03	9.479323577881e+01	7.890723281889e-06
15	1.500000000000e+01	9.996882177227e-01	-2.354305730052e-02	8.318160820852e-03	9.474808502197e+01	8.151121619449e-06
16	1.600000000000e+01	9.997311392240e-01	-2.225258331136e-02	6.517039349201e-03	9.473297882080e+01	8.390013135795e-06
17	1.700000000000e+01	9.997465695878e-01	-2.157971824014e-02	6.411891936212e-03	9.473946380615e+01	8.629425792606e-06
18	1.800000000000e+01	9.997443360063e-01	-2.135503413412e-02	7.431361946012e-03	9.463093566895e+01	8.849259756971e-06
19	1.900000000000e+01	9.997660227459e-01	-2.042690631989e-02	7.116267351694e-03	9.462379455566e+01	9.068945473700e-06
20	2.000000000000e+01	9.997400083293e-01	-2.178752167294e-02	6.724555386611e-03	9.472839355469e+01	9.267548193748e-06
21	2.100000000000e+01	9.997725717177e-01	-2.042775598692e-02	6.124673575807e-03	9.481211090088e+01	9.509750270809e-06
22	2.200000000000e+01	9.997752780846e-01	-2.001002377156e-02	6.999448515598e-03	9.471513366699e+01	9.768144991540e-06
23	2.300000000000e+01	9.997794792189e-01	-1.984926611172e-02	6.855623062925e-03	9.481469726562e+01	9.959400813386e-06
24	2.400000000000e+01	9.997961122544e-01	-1.957369598232e-02	4.960276874954e-03	9.484897613525e+01	1.025177698466e-05
25	2.500000000000e+01	9.998314873410e-01	-1.802461833151e-02	3.479950514048e-03	9.480882263184e+01	1.102317582991e-05
26	2.600000000000e+01	9.998234915819e-01	-1.838907376906e-02	3.850668367814e-03	9.483509063721e+01	1.117983629229e-05
27	2.700000000000e+01	9.998268608519e-01	-1.815974033188e-02	4.058589662712e-03	9.483085632324e+01	1.134753256338e-05
28	2.800000000000e+01	9.998315401260e-01	-1.785936974074e-02	4.234888630635e-03	9.467947387695e+01	1.145257374446e-05
29	2.900000000000e+01	9.998323180105e-01	-1.778594011346e-02	4.358462585708e-03	9.465805816650e+01	1.159719704447e-05
30	3.000000000000e+01	9.998491288186e-01	-1.683349605665e-02	4.284041451974e-03	9.459991455078e+01	1.174586304842e-05
31	3.100000000000e+01	9.998661707134e-01	-1.575801638700e-02	4.396087177874e-03	9.448030090332e+01	1.185267137771e-05
32	3.200000000000e+01	9.998440069013e-01	-1.740736231648e-02	2.990919720400e-03	9.481069946289e+01	1.195201821247e-05
33	3.300000000000e+01	9.998540632696e-01	-1.680663486263e-02	3.064178160856e-03	9.476955413818e+01	1.206614888360e-05
34	3.400000000000e+01	9.998777237206e-01	-1.532100508727e-02	3.131199513037e-03	9.477692413330e+01	1.215752854478e-05
35	3.500000000000e+01	9.998788877360e-01	-1.521718025449e-02	3.263017771050e-03	9.485340881348e+01	1.225293635798e-05
36	3.600000000000e+01	9.998709326635e-01	-1.547386310313e-02	4.321756041168e-03	9.478076934814e+01	1.231668102264e-05
37	3.700000000000e+01	9.998819195835e-01	-1.474451182885e-02	4.329695255814e-03	9.477237701416e+01	1.238281129190e-05
38	3.800000000000e+01	9.998922633536e-01	-1.409145033441e-02	4.110074586986e-03	9.482331085205e+01	1.245268049388e-05
39	3.900000000000e+01	9.998754673117e-01	-1.524216460280e-02	4.089778297159e-03	9.481351470947e+01	1.248209810001e-05
40	4.000000000000e+01	9.998906914709e-01	-1.418573135423e-02	4.167749475698e-03	9.469722747803e+01	1.252083802683e-05
41	4.100000000000e+01	9.999011289090e-01	-1.349714393008e-02	3.944554746113e-03	9.465452575684e+01	1.255338247574e-05
42	4.200000000000e+01	9.999105096253e-01	-1.280150742199e-02	3.885118855598e-03	9.462112426758e+01	1.255356073671e-05
43	4.300000000000e+01	9.998919905128e-01	-1.448451797098e-02	2.491193988537e-03	9.479418945312e+01	1.258737484022e-05
44	4.400000000000e+01	9.999167434944e-01	-1.268010314944e-02	2.391874500553e-03	9.467582702637e+01	1.258993870579e-05
45	4.500000000000e+01	9.999268177827e-01	-1.190721722363e-02	2.139452470615e-03	9.465985107422e+01	1.257382336917e-05
46	4.600000000000e+01	9.999388930790e-01	-1.088924344291e-02	1.906432594339e-03	9.470158386230e+01	1.259506097995e-05
47	4.700000000000e+01	9.999419228310e-01	-1.062545119353e-02	1.802984178312e-03	9.475562286377e+01	1.257707117475e-05
48	4.800000000000e+01	9.999410199442e-01	-1.057477537567e-02	2.476036903611e-03	9.459748840332e+01	1.253995833395e-05
49	4.900000000000e+01	9.999510856337e-01	-9.619487574362e-03	2.300391007731e-03	9.462084197998e+01	1.252524270967e-05
50	5.000000000000e+01	9.999275236444e-01	-1.194346795351e-02	1.516915169218e-03	9.460846710205e+01	1.209322726936e-05
51	5.100000000000e+01	9.999500801540e-01	-9.905712053692e-03	1.309224442102e-03	9.455387878418e+01	1.206703745993e-05
52	5.200000000000e+01	9.999450004356e-01	-1.047324550128e-02	5.542856528569e-04	9.464286041260e+01	1.198844802275e-05
53	5.300000000000e+01	9.999386186760e-01	-1.107831737312e-02	1.725236674792e-04	9.472194671631e+01	1.192242143588e-05
54	5.400000000000e+01	9.999451483936e-01	-1.046204035517e-02	-4.958989098878e-04	9.469213104248e+01	1.186262670672e-05
55	5.500000000000e+01	9.999464592664e-01	-1.034355356678e-02	-2.991658649967e-04	9.468657684326e+01	1.177531066787e-05
56	5.600000000000e+01	9.999508716873e-01	-9.876631765383e-03	-8.404503037295e-04	9.463067626953e+01	1.169849929283e-05
57	5.700000000000e+01	9.999629210331e-01	-8.577306881224e-03	-7.657451482579e-04	9.456592559814e+01	1.163288470707e-05
58	5.800000000000e+01	9.999506767694e-01	-9.929680306730e-03	2.132542481363e-04	9.471346282959e+01	1.155026893684e-05
59	5.900000000000e+01	9.999512781529e-01	-9.853389207143e-03	5.933308649436e-04	9.457916259766e+01	1.143330518971e-05
60	6.000000000000e+01	9.999661994307e-01	-8.219574537492e-03	1.964449621562e-04	9.456182098389e+01	1.133317255153e-05
61	6.100000000000e+01	9.999651661805e-01	-8.338779291548e-03	3.621953944018e-04	9.451766204834e+01	1.126220286096e-05
62	6.200000000000e+01	9.999624948077e-01	-8.624273321056e-03	7.942843956511e-04	9.440777587891e+01	1.106529180106e-05
63	6.300000000000e+01	9.999588694260e-01	-9.034456795705e-03	7.987782184907e-04	9.437893676758e+01	1.094980962080e-05
64	6.400000000000e+01	9.999746425082e-01	-7.098324112570e-03	5.728309648747e-04	9.442239379883e+01	1.094250364986e-05
65	6.500000000000e+01	9.999726657911e-01	-7.387280724387e-03	3.094415961654e-04	9.450894165039e+01	1.081693517335e-05
66	6.600000000000e+01	9.999691264568e-01	-7.857666948230e-03	5.659896757571e-05	9.458215332031e+01	1.068374967872e-05
67	6.700000000000e+01	9.999665954108e-01	-8.171535240937e-03	-1.845924000931e-04	9.465261840820e+01	1.058220550476e-05
68	6.800000000000e+01	9.999696184459e-01	-7.773029627387e-03	-5.849748083622e-04	9.462424468994e+01	1.046409124683e-05
69	6.900000000000e+01	9.999751307873e-01	-7.026681031726e-03	-6.029597900187e-04	9.456333160400e+01	1.034695924318e-05
70	7.000000000000e+01	9.999800397886e-01	-6.240869011341e-03	-9.856867343940e-04	9.453355407715e+01	1.022290143737e-05
71	7.100000000000e+01	9.999735219794e-01	-7.266048023996e-03	3.998576649584e-04	9.454272460938e+01	1.007603259495e-05
72	7.200000000000e+01	9.999789603072e-01	-6.479166243297e-03	3.151947650512e-04	9.440982055664e+01	9.957218935597e-06
73	7.300000000000e+01	9.999852899020e-01	-5.420725922411e-03	1.889711576477e-04	9.429673767090e+01	9.823746040638e-06
74	7.400000000000e+01	9.999871202186e-01	-5.075262085895e-03	3.334218679799e-05	9.437432861328e+01	9.686430530564e-06
75	7.500000000000e+01	9.999815998946e-01	-6.059915516301e-03	2.780218232386e-04	9.445053100586e+01	9.511623829894e-06
76	7.600000000000e+01	9.999896424014e-01	-4.334857413443e-03	1.387119752583e-03	9.424639892578e+01	9.362866876472e-06
77	7.700000000000e+01	9.999915758196e-01	-3.825241791667e-03	1.488561378151e-03	9.434279632568e+01	9.288647561334e-06
78	7.800000000000e+01	9.999940050923e-01	-3.456534009942e-03	-2.053098229169e-04	9.435135650635e+01	9.131213118962e-06
79	7.900000000000e+01	9.999953238985e-01	-2.964320679530e-03	-7.516541953369e-04	9.448963928223e+01	9.034262802743e-06
80	8.000000000000e+01	9.999945345540e-01	-3.131092678964e-03	1.061659411392e-03	9.437818908691e+01	8.838545909384e-06
81	8.100000000000e+01	9.999978290071e-01	-2.025670348548e-03	4.885085737395e-04	9.439958953857e+01	8.722550774110e-06
82	8.200000000000e+01	9.999968613817e-01	-2.411907153307e-03	6.781819168881e-04	9.454933929443e+01	8.553211046092e-06
83	8.300000000000e+01	9.999968220368e-01	-2.514069750008e-03	1.880679845509e-04	9.459785461426e+01	8.422925930063e-06
84	8.400000000000e+01	9.999933837062e-01	-3.590762461603e-03	-5.822102837746e-04	9.466426086426e+01	8.287569471577e-06
85	8.500000000000e+01	9.999939486171e-01	-3.469766214952e-03	-2.518958627624e-04	9.455635070801e+01	8.109281225188e-06
86	8.600000000000e+01	9.999952939490e-01	-2.803268202858e-03	1.246501978203e-03	9.457775878906e+01	7.948967322591e-06
87	8.700000000000e+01	9.999939463369e-01	-3.028928350043e-03	1.712566097906e-03	9.453706359863e+01	7.782584361848e-06
88	8.800000000000e+01	9.999993039758e-01	-1.115270303168e-03	-3.849935081576e-04	9.448495483398e+01	7.638689567102e-06
89	8.900000000000e+01	9.999992035191e-01	-1.211114525353e-03	-3.551940964898e-04	9.448761749268e+01	7.479422947654e-06
90	9.000000000000e+01	9.999998665958e-01	6.382847682399e-05	5.125761088525e-04	9.423722076416e+01	7.321243174374e-06
91	9.100000000000e+01	9.999997458987e-01	4.598416536926e-04	5.447460630302e-04	9.423744201660e+01	7.157913387346e-06
92	9.200000000000e+01	9.999985159393e-01	-1.525587889130e-03	8.004378172478e-04	9.424966430664e+01	6.975693395361e-06
93	9.300000000000e+01	9.999994691676e-01	-7.144887371653e-04	7.424084256186e-04	9.421015930176e+01	6.808632861066e-06
94	9.400000000000e+01	9.999986946816e-01	1.210143961740e-03	1.070601086704e-03	9.414138031006e+01	6.647851023445e-06
95	9.500000000000e+01	9.999980060571e-01	1.653959346686e-03	1.119062267116e-03	9.425643157959e+01	6.477575425379e-06
96	9.600000000000e+01	9.999987431790e-01	1.448324371248e-03	-6.449781700388e-04	9.429362487793e+01	6.303403552010e-06
97	9.700000000000e+01	9.999960880686e-01	2.788591516684e-03	-2.181852734820e-04	9.424139404297e+01	6.137762738945e-06
98	9.800000000000e+01	9.999964051162e-01	2.677488998699e-03	1.442477370129e-04	9.430306243896e+01	5.971076006972e-06
99	9.900000000000e+01	9.999906736734e-01	4.292883677597e-03	4.729862669987e-04	9.429177856445e+01	5.811185474158e-06
100	1.000000000000e+02	9.999954640194e-01	2.841399607582e-03	9.991940779329e-04	9.429552459717e+01	5.634710760205e-06
101	1.010000000000e+02	9.999905467737e-01	4.218853375376e-03	1.052444528068e-03	9.427143859863e+01	5.469738425745e-06
102	1.020000000000e+02	9.999923747322e-01	3.803532392342e-03	-8.852224072362e-04	9.442900848389e+01	5.295383743942e-06
103	1.030000000000e+02	9.999880887334e-01	4.800112214622e-03	-8.839197604695e-04	9.440838623047e+01	5.128503744345e-06
104	1.040000000000e+02	9.999904186948e-01	4.333652462162e-03	6.180411722337e-04	9.444507598877e+01	4.955800704920e-06
105	1.050000000000e+02	9.999865649034e-01	5.144743165546e-03	6.337431565421e-04	9.440644836426e+01	4.783738404512e-06
106	1.060000000000e+02	9.999904032822e-01	4.377640738835e-03	-1.720612228265e-04	9.460025787354e+01	4.607201390172e-06
107	1.070000000000e+02	9.999861261164e-01	5.263474728404e-03	2.083469870763e-04	9.445080566406e+01	4.428443389770e-06
108	1.080000000000e+02	9.999724854754e-01	7.406217999616e-03	4.197941483216e-04	9.429364776611e+01	4.264476046956e-06
109	1.090000000000e+02	9.999591352298e-01	9.040284059502e-03	3.368389195182e-05	9.431485748291e+01	4.089556568942e-06
110	1.100000000000e+02	9.999466341078e-01	9.432381900148e-03	-4.214155690439e-03	9.461895751953e+01	3.608652377807e-06
111	1.110000000000e+02	9.999238701509e-01	1.159899053809e-02	-4.209194816685e-03	9.452326965332e+01	3.450098802205e-06
112	1.120000000000e+02	9.999292845572e-01	1.157234929720e-02	-2.739820551334e-03	9.448701477051e+01	3.291000211902e-06
113	1.130000000000e+02	9.999245849737e-01	1.165836902743e-02	-3.860932124761e-03	9.469651794434e+01	3.123789383608e-06
114	1.140000000000e+02	9.998853368214e-01	1.467182035734e-02	-3.748452613808e-03	9.462131500244e+01	2.968055696329e-06
115	1.150000000000e+02	9.998925661732e-01	1.404911586951e-02	-4.180724210669e-03	9.475726318359e+01	2.804670884871e-06
116	1.160000000000e+02	9.998831383935e-01	1.464317503838e-02	-4.391694564925e-03	9.468789672852e+01	2.648493818924e-06
117	1.170000000000e+02	9.998520864798e-01	1.665743450967e-02	-4.281943191563e-03	9.456728363037e+01	2.492748080840e-06
118	1.180000000000e+02	9.998227791972e-01	1.835291702495e-02	-4.192926791053e-03	9.467794036865e+01	2.342616198803e-06
119	1.190000000000e+02	9.998149757346e-01	1.880310114841e-02	-4.056807127962e-03	9.466661071777e+01	2.192446572735e-06
120	1.200000000000e+02	9.997697861807e-01	2.134196760316e-02	-2.212478047342e-03	9.452009582520e+01	2.041044808720e-06
121	1.210000000000e+02	9.997329608614e-01	2.284975106713e-02	-3.449035144400e-03	9.455124664307e+01	1.901645305225e-06
122	1.220000000000e+02	9.987334951304e-01	5.023507154420e-02	-2.800587724539e-03	9.278599548340e+01	1.797269192139e-06
123	1.230000000000e+02	9.985744030724e-01	5.328039819956e-02	-3.218803547452e-03	9.265917968750e+01	1.659420831857e-06
124	1.240000000000e+02	9.983913928801e-01	5.659638566587e-02	-3.387588002671e-03	9.262303924561e+01	1.524470008007e-06
125	1.250000000000e+02	9.983072061026e-01	5.800983894573e-02	-4.192949937465e-03	9.277145385742e+01	1.393834509145e-06
126	1.260000000000e+02	9.982623027319e-01	5.874458197641e-02	-4.631310044869e-03	9.296525573730e+01	1.265252421945e-06
127	1.270000000000e+02	9.980217467519e-01	6.276962016067e-02	-3.545108613365e-03	9.277599334717e+01	1.143767576650e-06
128	1.280000000000e+02	9.979439394315e-01	6.390194432827e-02	-4.943203724972e-03	9.288220214844e+01	1.026415475280e-06
129	1.290000000000e+02	9.976768052295e-01	6.794356648765e-02	-4.966294400571e-03	9.288340759277e+01	9.150503501587e-07
130	1.300000000000e+02	9.975130675281e-01	7.038782568533e-02	-3.637871065303e-03	9.293878936768e+01	8.113320859593e-07
131	1.310000000000e+02	9.972288600784e-01	7.435170649164e-02	-2.534633805842e-03	9.292549133301e+01	7.136952149267e-07
132	1.320000000000e+02	9.967887130624e-01	8.001444450026e-02	-3.154391006304e-03	9.298138427734e+01	6.224958610801e-07
133	1.330000000000e+02	9.965817681447e-01	8.256523306846e-02	-2.785980967123e-03	9.314939880371e+01	5.354031031857e-07
134	1.340000000000e+02	9.960251422364e-01	8.905246303486e-02	-1.890730115107e-03	9.317073059082e+01	4.575493619541e-07
135	1.350000000000e+02	9.952671065280e-01	9.717702251210e-02	1.138381729361e-04	9.301048278809e+01	3.855877537262e-07
136	1.360000000000e+02	9.946152969921e-01	1.036206394457e-01	1.781592059126e-03	9.305691528320e+01	3.207491374724e-07
137	1.370000000000e+02	9.934776334803e-01	1.138370064016e-01	6.582381621802e-03	9.302957916260e+01	2.625716888360e-07
138	1.380000000000e+02	9.924481808556e-01	1.221668817026e-01	1.103908200377e-02	9.280485534668e+01	2.118596711398e-07
139	1.390000000000e+02	9.911073201437e-01	1.318655009349e-01	1.782609381707e-02	9.280389404297e+01	1.677911427578e-07
140	1.400000000000e+02	9.897082228490e-01	1.393693263650e-01	3.246266307137e-02	9.249781799316e+01	1.310638424457e-07
141	1.410000000000e+02	9.880916868026e-01	1.456767924703e-01	4.952868469095e-02	9.220864868164e+01	1.023716649229e-07
142	1.420000000000e+02	9.873944780190e-01	1.378508539535e-01	7.777716144189e-02	9.221216583252e+01	8.074584911810e-08
143	1.430000000000e+02	9.879110310996e-01	1.106218847534e-01	1.086029154548e-01	9.107636260986e+01	6.776952687915e-08
144	1.440000000000e+02	9.879751169829e-01	6.862795761641e-02	1.385473625012e-01	9.062513732910e+01	6.231645954813e-08
145	1.450000000000e+02	9.886498953000e-01	1.330517466468e-02	1.496474418438e-01	9.030964660645e+01	6.590617829261e-08
146	1.460000000000e+02	9.893117700664e-01	-3.163975773274e-02	1.423416570745e-01	9.067839050293e+01	7.694888637388e-08
147	1.470000000000e+02	9.900920277403e-01	-6.123958750736e-02	1.263625321331e-01	9.113457489014e+01	9.603392214785e-08
148	1.480000000000e+02	9.917989870386e-01	-6.982636670579e-02	1.070469421414e-01	9.182537841797e+01	1.236031152985e-07
149	1.490000000000e+02	9.930076951046e-01	-7.342662421306e-02	9.243510328765e-02	9.185034942627e+01	1.587627735944e-07
150	1.500000000000e+02	9.945561921695e-01	-6.976050682760e-02	7.740447212148e-02	9.171595001221e+01	2.025491738777e-07
151	1.510000000000e+02	9.956696013294e-01	-6.416822254754e-02	6.726428624230e-02	9.186041259766e+01	2.548323152496e-07
152	1.520000000000e+02	9.963381756691e-01	-6.067586132843e-02	6.023852219629e-02	9.177268218994e+01	3.158996264574e-07
153	1.530000000000e+02	9.971462821107e-01	-5.405515891696e-02	5.270039722127e-02	9.207167816162e+01	3.834881567855e-07
154	1.540000000000e+02	9.974223565482e-01	-5.353815635523e-02	4.777351224220e-02	9.211490631104e+01	4.572674470182e-07
155	1.550000000000e+02	9.979708882946e-01	-4.676238104892e-02	4.321325994614e-02	9.207006835938e+01	5.416079602583e-07
156	1.560000000000e+02	9.982784458567e-01	-4.302856566412e-02	3.985833758238e-02	9.230143737793e+01	6.340079607980e-07
157	1.570000000000e+02	9.984934621900e-01	-4.099369266423e-02	3.647359490997e-02	9.244139862061e+01	7.335366376537e-07
158	1.580000000000e+02	9.987524500562e-01	-3.671308213085e-02	3.384808867799e-02	9.224092864990e+01	8.410870009357e-07
159	1.590000000000e+02	9.990231292040e-01	-3.173265814194e-02	3.075427974554e-02	9.219600677490e+01	9.586037776899e-07
160	1.600000000000e+02	9.990538835384e-01	-3.238862505785e-02	2.902265931598e-02	9.248071289062e+01	1.074506599252e-06
161	1.610000000000e+02	9.992255503306e-01	-2.860846097518e-02	2.701583845023e-02	9.223312377930e+01	1.210105097016e-06
162	1.620000000000e+02	9.993581995856e-01	-2.720885202009e-02	2.329951271577e-02	9.256773376465e+01	1.349031208520e-06
163	1.630000000000e+02	9.994781694590e-01	-2.401318105214e-02	2.160453449370e-02	9.243108367920e+01	1.496966319792e-06
164	1.640000000000e+02	9.994821921081e-01	-2.230378494983e-02	2.319243056913e-02	9.243865966797e+01	1.648650481911e-06
165	1.650000000000e+02	9.995573196031e-01	-2.023715840707e-02	2.180876538149e-02	9.240172576904e+01	1.808225988498e-06
166	1.660000000000e+02	9.996284675086e-01	-1.769660860000e-02	2.073058104329e-02	9.229375457764e+01	1.969213144548e-06
167	1.670000000000e+02	9.988346015534e-01	-4.509487158432e-02	1.720149111325e-02	9.425038146973e+01	2.093376679113e-06
168	1.680000000000e+02	9.989946416701e-01	-4.170807984260e-02	1.643599678534e-02	9.415959930420e+01	2.265952616654e-06
169	1.690000000000e+02	9.990594104750e-01	-4.041293867268e-02	1.571905624157e-02	9.428002929688e+01	2.441926653773e-06
170	1.700000000000e+02	9.990344045672e-01	-4.091557421212e-02	1.600544526031e-02	9.439753723145e+01	2.619954329930e-06
171	1.710000000000e+02	9.990502044768e-01	-4.071628255620e-02	1.552009244935e-02	9.439897155762e+01	2.812933644236e-06
172	1.720000000000e+02	9.992020941769e-01	-3.704843751051e-02	1.491939243310e-02	9.437932586670e+01	3.007294026247e-06
173	1.730000000000e+02	9.992023569874e-01	-3.648677861539e-02	1.622851740075e-02	9.407729339600e+01	3.188893288097e-06
174	1.740000000000e+02	9.992238045032e-01	-3.714144739761e-02	1.312636276068e-02	9.440213012695e+01	3.428255240578e-06
175	1.750000000000e+02	9.992678586711e-01	-3.587357475009e-02	1.329786680711e-02	9.428617095947e+01	3.592899020077e-06
176	1.760000000000e+02	9.992753177361e-01	-3.510584164288e-02	1.471119457998e-02	9.433763885498e+01	3.798336138061e-06
177	1.770000000000e+02	9.993035347598e-01	-3.463165684728e-02	1.389581809866e-02	9.429069519043e+01	4.010856173409e-06
178	1.780000000000e+02	9.993704540201e-01	-3.289346580722e-02	1.329343969315e-02	9.418070983887e+01	4.228672423778e-06
179	1.790000000000e+02	9.994283907282e-01	-3.130236200139e-02	1.276925759626e-02	9.414881896973e+01	4.440028988029e-06
180	1.800000000000e+02	9.995076183880e-01	-2.906360450362e-02	1.182487537301e-02	9.421681213379e+01	4.659259502660e-06
181	1.810000000000e+02	9.995256145320e-01	-2.874846655586e-02	1.104860014357e-02	9.435381317139e+01	4.866948074778e-06
182	1.820000000000e+02	9.995046481665e-01	-2.980813576771e-02	1.009620401617e-02	9.451978302002e+01	5.084636995889e-06
183	1.830000000000e+02	9.995075183823e-01	-2.984197161752e-02	9.704505509810e-03	9.454846954346e+01	5.304203114065e-06
184	1.840000000000e+02	9.995386623208e-01	-2.879451515504e-02	9.661181238958e-03	9.438648223877e+01	5.516748842638e-06
185	1.850000000000e+02	9.995767480546e-01	-2.761297372220e-02	9.156878880528e-03	9.432581329346e+01	5.741054337705e-06
186	1.860000000000e+02	9.995499260853e-01	-2.805571620853e-02	1.062177249620e-02	9.435008239746e+01	5.965766831650e-06
187	1.870000000000e+02	9.996045241702e-01	-2.610453451839e-02	1.045698503301e-02	9.419996643066e+01	6.172944267746e-06
188	1.880000000000e+02	9.995631362288e-01	-2.777549132492e-02	1.010241427432e-02	9.433822631836e+01	6.369362381520e-06
189	1.890000000000e+02	9.996013440574e-01	-2.619293111144e-02	1.053960713296e-02	9.416767883301e+01	6.588194537471e-06
190	1.900000000000e+02	9.995986572119e-01	-2.701482280835e-02	8.527827904187e-03	9.440354156494e+01	6.801273684687e-06
191	1.910000000000e+02	9.996283414379e-01	-2.600224779899e-02	8.189145463768e-03	9.426711273193e+01	7.013934464339e-06
192	1.920000000000e+02	9.996651923600e-01	-2.463748274466e-02	7.905544116657e-03	9.419667053223e+01	7.224372893688e-06
193	1.930000000000e+02	9.996841789489e-01	-2.396542582194e-02	7.563116057241e-03	9.424410247803e+01	7.433536666213e-06
194	1.940000000000e+02	9.996707244884e-01	-2.422802548402e-02	8.452537020214e-03	9.409381866455e+01	7.641182492080e-06
195	1.950000000000e+02	9.997174524666e-01	-2.244746624190e-02	7.818343370366e-03	9.407916259766e+01	7.837820703571e-06
196	1.960000000000e+02	9.997398898589e-01	-2.171180468934e-02	6.982131629744e-03	9.417839813232e+01	8.053735655267e-06
197	1.970000000000e+02	9.997151006214e-01	-2.287177700069e-02	6.826375788713e-03	9.424512481689e+01	8.282289854833e-06
198	1.980000000000e+02	9.997767595928e-01	-2.012988182601e-02	6.420189696836e-03	9.423297882080e+01	9.254201358999e-06
199	1.990000000000e+02	9.998089924424e-01	-1.852687105898e-02	6.223638812692e-03	9.423568725586e+01	9.478913852945e-06
200	2.000000000000e+02	9.997959522505e-01	-1.977650473670e-02	4.116275486667e-03	9.437085723877e+01	9.648910236137e-06
201	2.010000000000e+02	9.998296111386e-01	-1.808574894424e-02	3.695182738955e-03	9.432405853271e+01	9.816295460041e-06
202	2.020000000000e+02	9.998422192183e-01	-1.738932831910e-02	3.626007333058e-03	9.445493316650e+01	9.971228791983e-06
203	2.030000000000e+02	9.998390050129e-01	-1.759052629268e-02	3.540824695967e-03	9.446568298340e+01	1.011931362882e-05
204	2.040000000000e+02	9.998684261663e-01	-1.574016817982e-02	3.921410650842e-03	9.429872894287e+01	1.026071731758e-05
205	2.050000000000e+02	9.998352873141e-01	-1.769275790754e-02	4.045313237475e-03	9.435490417480e+01	1.037236052071e-05
206	2.060000000000e+02	9.998372714444e-01	-1.786102240099e-02	2.532688196060e-03	9.459380340576e+01	1.051069557434e-05
207	2.070000000000e+02	9.998540036530e-01	-1.691334046745e-02	2.431109459243e-03	9.448003387451e+01	1.063562558556e-05
208	2.080000000000e+02	9.998453780787e-01	-1.712183874592e-02	4.007813944670e-03	9.452495574951e+01	1.075280306395e-05
209	2.090000000000e+02	9.998620133061e-01	-1.614697584259e-02	3.902501571568e-03	9.444624328613e+01	1.086732027034e-05
210	2.100000000000e+02	9.998486038099e-01	-1.712034476261e-02	3.108577578107e-03	9.470642089844e+01	1.093852552003e-05
211	2.110000000000e+02	9.998504151582e-01	-1.702451750425e-02	3.051739124116e-03	9.464968109131e+01	1.102839360101e-05
212	2.120000000000e+02	9.998607808891e-01	-1.636704380199e-02	3.246339032839e-03	9.453222656250e+01	1.110308858188e-05
213	2.130000000000e+02	9.998778791199e-01	-1.532625323867e-02	3.054964550862e-03	9.448955535889e+01	1.118683303503e-05
214	2.140000000000e+02	9.998905454552e-01	-1.445433372442e-02	3.157427098857e-03	9.456747436523e+01	1.125519429479e-05
215	2.150000000000e+02	9.998855990183e-01	-1.485615693396e-02	2.843145597520e-03	9.458627319336e+01	1.130556120188e-05
216	2.160000000000e+02	9.998682275796e-01	-1.599506536787e-02	2.772248315562e-03	9.458322906494e+01	1.137313483923e-05
217	2.170000000000e+02	9.998761355851e-01	-1.545916033298e-02	2.954293354933e-03	9.452917480469e+01	1.141125358117e-05
218	2.180000000000e+02	9.998995136439e-01	-1.382402210218e-02	3.139908839225e-03	9.439192962646e+01	1.144983980339e-05
219	2.190000000000e+02	9.998963009267e-01	-1.424542167678e-02	2.110771018648e-03	9.465023803711e+01	1.147471539298e-05
220	2.200000000000e+02	9.999257393510e-01	-1.185832586158e-02	2.809962846925e-03	9.443156433105e+01	1.151617652795e-05
221	2.210000000000e+02	9.999315920827e-01	-1.140477345011e-02	2.596593449072e-03	9.449985504150e+01	1.152382174041e-05
222	2.220000000000e+02	9.999196771992e-01	-1.230472167108e-02	3.038580984715e-03	9.444068145752e+01	1.153157245426e-05
223	2.230000000000e+02	9.999254909261e-01	-1.210081110457e-02	1.607161110008e-03	9.466762542725e+01	1.154215351562e-05
224	2.240000000000e+02	9.999220150606e-01	-1.240692046752e-02	1.425525020242e-03	9.464661407471e+01	1.153295033873e-05
225	2.250000000000e+02	9.999281026398e-01	-1.194371311417e-02	1.066427741408e-03	9.467003631592e+01	1.153603079729e-05
226	2.260000000000e+02	9.999398937327e-01	-1.090308382269e-02	1.153986585393e-03	9.456073760986e+01	1.149637046183e-05
227	2.270000000000e+02	9.999462271456e-01	-1.030647509154e-02	1.148646352775e-03	9.452510070801e+01	1.143126883107e-05
228	2.280000000000e+02	9.999294518106e-01	-1.158560026069e-02	2.620165725496e-03	9.451706695557e+01	1.136339778895e-05
229	2.290000000000e+02	9.999390382453e-01	-1.089222564736e-02	1.810859866208e-03	9.465780639648e+01	1.136188257078e-05
230	2.300000000000e+02	9.999379123386e-01	-1.107485243015e-02	1.232522473814e-03	9.468328094482e+01	1.120334309235e-05
231	2.310000000000e+02	9.999352558089e-01	-1.122885132798e-02	1.843119171591e-03	9.454961395264e+01	1.115443592425e-05
232	2.320000000000e+02	9.999492017826e-01	-1.007689682852e-02	2.236174132707e-04	9.469397735596e+01	1.116496969189e-05
233	2.330000000000e+02	9.999624482801e-01	-8.564904637780e-03	1.320771862195e-03	9.439926147461e+01	1.107575099013e-05
234	2.340000000000e+02	9.999583974048e-01	-9.098947340725e-03	-6.423525902326e-04	9.456128692627e+01	1.108620654122e-05
235	2.350000000000e+02	9.999559094709e-01	-9.338545140014e-03	-9.852354406403e-04	9.463499450684e+01	1.102381429519e-05
236	2.360000000000e+02	9.999640217125e-01	-8.350810553986e-03	-1.489712595875e-03	9.464002227783e+01	1.086975225917e-05
237	2.370000000000e+02	9.999660506712e-01	-8.072464266597e-03	-1.653126065019e-03	9.467008972168e+01	1.083566985471e-05
238	2.380000000000e+02	9.999565939105e-01	-9.294680290985e-03	-6.474668207370e-04	9.471244812012e+01	1.080736637959e-05
239	2.390000000000e+02	9.999662569740e-01	-8.183691873007e-03	-7.156121947913e-04	9.466372680664e+01	1.070133293979e-05
240	2.400000000000e+02	9.999564139253e-01	-9.248900475705e-03	-1.275966165181e-03	9.489766693115e+01	1.060217527993e-05
241	2.410000000000e+02	9.999774360591e-01	-6.709354009703e-03	-3.345764780209e-04	9.470973968506e+01	1.048601188813e-05
242	2.420000000000e+02	9.999732579640e-01	-7.282616394725e-03	-6.684723692505e-04	9.484807586670e+01	1.039892595145e-05
243	2.430000000000e+02	9.999710529760e-01	-7.554881333793e-03	-9.038684285210e-04	9.488655853271e+01	1.025707933877e-05
244	2.440000000000e+02	9.999660020467e-01	-8.110731374537e-03	-1.486871677130e-03	9.491323852539e+01	1.019234878186e-05
245	2.450000000000e+02	9.999660289017e-01	-8.008089039228e-03	-1.952319762792e-03	9.497977447510e+01	1.015067664412e-05
246	2.460000000000e+02	9.999735055796e-01	-6.896609305514e-03	-2.329145528312e-03	9.487039947510e+01	1.002965655061e-05
247	2.470000000000e+02	9.999764631597e-01	-6.452565820572e-03	-2.331849253654e-03	9.485942077637e+01	9.899368706101e-06
248	2.480000000000e+02	9.999835898425e-01	-5.264192715870e-03	-2.260159434741e-03	9.487592315674e+01	9.813340511755e-06
249	2.490000000000e+02	9.999846262031e-01	-5.133781860725e-03	-2.095624323449e-03	9.492877197266e+01	9.735832463775e-06
250	2.500000000000e+02	9.999836811607e-01	-5.680120133832e-03	-6.112672126205e-04	9.473264312744e+01	9.586046871846e-06
251	2.510000000000e+02	9.999853203130e-01	-5.357186416334e-03	-8.122267225025e-04	9.467938232422e+01	9.418072295375e-06
252	2.520000000000e+02	9.999906505977e-01	-4.200034937785e-03	-1.028797217835e-03	9.468525695801e+01	9.406985554961e-06
253	2.530000000000e+02	9.999918701731e-01	-3.755266623216e-03	-1.468863630370e-03	9.472456359863e+01	9.286951353715e-06
254	2.540000000000e+02	9.999894122611e-01	-4.167723600680e-03	-1.950755158631e-03	9.475170135498e+01	9.155070074485e-06
255	2.550000000000e+02	9.999901865241e-01	-3.871370772129e-03	-2.153913610073e-03	9.475212860107e+01	9.029376087710e-06
256	2.560000000000e+02	9.999885538167e-01	-4.042907338452e-03	-2.558737156064e-03	9.476890563965e+01	8.827500096231e-06
257	2.570000000000e+02	9.999891002762e-01	-3.714009608103e-03	-2.829392402373e-03	9.476169586182e+01	8.746897037781e-06
258	2.580000000000e+02	9.999965410308e-01	-2.211753582118e-03	-1.423401775606e-03	9.458995056152e+01	8.700993930688e-06
259	2.590000000000e+02	9.999971441709e-01	-1.795952408200e-03	-1.576770423322e-03	9.463962554932e+01	8.571724720241e-06
260	2.600000000000e+02	9.999883120256e-01	-3.152411735000e-03	-3.665803121651e-03	9.473992919922e+01	8.417117896897e-06
261	2.610000000000e+02	9.999894839792e-01	-2.516792993613e-03	-3.833755859284e-03	9.474410247803e+01	8.305749361170e-06
262	2.620000000000e+02	9.999953494303e-01	-2.551497831215e-03	-1.670621630827e-03	9.476958465576e+01	8.139859346556e-06
263	2.630000000000e+02	9.999963448705e-01	-2.084795143621e-03	-1.721590793724e-03	9.483866882324e+01	8.075725418166e-06
264	2.640000000000e+02	9.999948165597e-01	-5.478316227041e-04	-3.172811718502e-03	9.484509277344e+01	7.903881851234e-06
265	2.650000000000e+02	9.999953950467e-01	-7.756399105629e-04	-2.933985019117e-03	9.488681793213e+01	7.754199941701e-06
266	2.660000000000e+02	9.999956982392e-01	-1.847448248217e-03	-2.278253279108e-03	9.488522338867e+01	7.588332209707e-06
267	2.670000000000e+02	9.999976035156e-01	9.426374118774e-04	-1.975954881764e-03	9.476892089844e+01	7.472177912859e-06
268	2.680000000000e+02	9.999967482087e-01	1.379762150416e-04	-2.546474951654e-03	9.489537048340e+01	7.299185199372e-06
269	2.690000000000e+02	9.999955682589e-01	-7.407118726578e-04	-2.883540956334e-03	9.496124267578e+01	7.113723768271e-06
270	2.700000000000e+02	9.999941863426e-01	-1.259387919550e-03	-3.168788909063e-03	9.494353485107e+01	6.980962552916e-06
271	2.710000000000e+02	9.999947832183e-01	-1.043884741269e-05	-3.230081611935e-03	9.484171295166e+01	6.844411473139e-06
272	2.720000000000e+02	9.999938053666e-01	1.500411458016e-03	-3.184021645518e-03	9.479863739014e+01	6.690648660879e-06
273	2.730000000000e+02	9.999923628181e-01	1.899996908739e-03	-3.415306303827e-03	9.483572387695e+01	6.538045454363e-06
274	2.740000000000e+02	9.999977476832e-01	1.001765238302e-03	-1.871121325897e-03	9.481645202637e+01	6.367199603119e-06
275	2.750000000000e+02	9.999941922034e-01	1.122877723196e-03	-3.217872746263e-03	9.506883239746e+01	6.203751581779e-06
276	2.760000000000e+02	9.999899330098e-01	3.577382213430e-03	-2.708544909261e-03	9.490184020996e+01	6.053935067030e-06
277	2.770000000000e+02	9.999875251851e-01	3.953122086645e-03	-3.053244167224e-03	9.495037841797e+01	5.891027740290e-06
278	2.780000000000e+02	9.999880199535e-01	3.290438799626e-03	-3.623942876628e-03	9.509829711914e+01	5.732557838201e-06
279	2.790000000000e+02	9.999863404628e-01	3.615993231567e-03	-3.774053629140e-03	9.509872436523e+01	5.562898422795e-06
280	2.800000000000e+02	9.999769283580e-01	6.497614544871e-03	-1.980847520432e-03	9.479941558838e+01	5.399968813435e-06
281	2.810000000000e+02	9.999796625176e-01	5.034199897693e-03	-3.915530935638e-03	9.491512298584e+01	5.223083007877e-06
282	2.820000000000e+02	9.999806087617e-01	5.895619954043e-03	-2.005932679555e-03	9.496804046631e+01	5.053652330389e-06
283	2.830000000000e+02	9.999599908398e-01	7.886189921066e-03	-4.221934184233e-03	9.486219024658e+01	4.892295692116e-06
284	2.840000000000e+02	9.999750107174e-01	6.638033325567e-03	-2.431965101244e-03	9.490436553955e+01	4.714127499028e-06
285	2.850000000000e+02	9.999627560899e-01	7.519754223154e-03	-4.235531788673e-03	9.498977661133e+01	4.233616436977e-06
286	2.860000000000e+02	9.999506167207e-01	9.404642437322e-03	-3.211980792875e-03	9.488296508789e+01	4.067302143085e-06
287	2.870000000000e+02	9.999377754956e-01	1.002109240804e-02	-4.901310419892e-03	9.519450378418e+01	3.887324965035e-06
288	2.880000000000e+02	9.999155735399e-01	1.234101640976e-02	-4.067567614385e-03	9.492649841309e+01	3.723394911503e-06
289	2.890000000000e+02	9.998976162301e-01	1.353821028671e-02	-4.633996063676e-03	9.500402832031e+01	3.562249958122e-06
290	2.900000000000e+02	9.999234980268e-01	1.127591162449e-02	-5.084477443452e-03	9.512741088867e+01	3.373633035153e-06
291	2.910000000000e+02	9.998745218556e-01	1.478074784698e-02	-5.698248602259e-03	9.514800262451e+01	3.219979589630e-06
292	2.920000000000e+02	9.998841327945e-01	1.379851897433e-02	-6.428208142963e-03	9.526768493652e+01	3.048297003261e-06
293	2.930000000000e+02	9.998815490573e-01	1.382900264894e-02	-6.756222357359e-03	9.525012207031e+01	2.876058488255e-06
294	2.940000000000e+02	9.998582541058e-01	1.534405840977e-02	-6.930481078202e-03	9.511164093018e+01	2.713728918025e-06
295	2.950000000000e+02	9.998224335238e-01	1.745776068663e-02	-7.094224008335e-03	9.500644683838e+01	2.554495722507e-06
296	2.960000000000e+02	9.998006899993e-01	1.944237639163e-02	-4.535887696792e-03	9.499182128906e+01	2.413423771941e-06
297	2.970000000000e+02	9.997847662524e-01	2.021372602974e-02	-4.671878599950e-03	9.494245147705e+01	2.239684363303e-06
298	2.980000000000e+02	9.997540668008e-01	2.160633441788e-02	-4.997222055536e-03	9.485771942139e+01	2.097311380567e-06
299	2.990000000000e+02	9.996984855981e-01	2.396789990585e-02	-5.336447032338e-03	9.482557678223e+01	1.948765657289e-06
300	3.000000000000e+02	9.984652555662e-01	5.515679526736e-02	-4.986117020203e-03	9.310198211670e+01	1.843472205110e-06
301	3.010000000000e+02	9.984036407706e-01	5.625666935853e-02	-5.035598140096e-03	9.325467681885e+01	1.700514985714e-06
302	3.020000000000e+02	9.983804016916e-01	5.644603565500e-02	-7.100603990985e-03	9.335027313232e+01	1.560600253470e-06
303	3.030000000000e+02	9.982577333988e-01	5.854358146205e-02	-7.358449501891e-03	9.341080474854e+01	1.424366701031e-06
304	3.040000000000e+02	9.980901986387e-01	6.156647125503e-02	-5.052227080917e-03	9.351844024658e+01	1.293793161494e-06
305	3.050000000000e+02	9.979289819018e-01	6.412281231090e-02	-5.100198212423e-03	9.352673339844e+01	1.166940023722e-06
306	3.060000000000e+02	9.976942426398e-01	6.749478317721e-02	-7.117053276402e-03	9.344371795654e+01	1.047981299962e-06
307	3.070000000000e+02	9.975065610202e-01	7.019209386902e-02	-7.330121409963e-03	9.354377746582e+01	9.336556558992e-07
308	3.080000000000e+02	9.971806061392e-01	7.475154551567e-02	-6.560882781879e-03	9.347031402588e+01	8.284649766210e-07
309	3.090000000000e+02	9.968383351119e-01	7.920138837489e-02	-6.361896787832e-03	9.354929351807e+01	7.274071549546e-07
310	3.100000000000e+02	9.964669980665e-01	8.384040136288e-02	-4.930401982393e-03	9.350723266602e+01	6.312466780400e-07
311	3.110000000000e+02	9.960395769847e-01	8.886775921381e-02	-2.771723747663e-03	9.351670837402e+01	5.430596843325e-07
312	3.120000000000e+02	9.956387400200e-01	9.327268789105e-02	1.924854535251e-03	9.343456268311e+01	4.623568372608e-07
313	3.130000000000e+02	9.950166432050e-01	9.957536741929e-02	5.160033765316e-03	9.342087554932e+01	3.900142360180e-07
314	3.140000000000e+02	9.942171300087e-01	1.068303702625e-01	1.093482450004e-02	9.326260375977e+01	3.239185275561e-07
315	3.150000000000e+02	9.932262059860e-01	1.149018548113e-01	1.729934980037e-02	9.321779632568e+01	2.659290885276e-07
316	3.160000000000e+02	9.922797815071e-01	1.211004989155e-01	2.674891352103e-02	9.311177825928e+01	2.168673205460e-07
317	3.170000000000e+02	9.912270877114e-01	1.261061907778e-01	3.957384533595e-02	9.325157928467e+01	1.751669032046e-07
318	3.180000000000e+02	9.904414860036e-01	1.257437335862e-01	5.669370570711e-02	9.290482330322e+01	1.423107818255e-07
319	3.190000000000e+02	9.896726153326e-01	1.177002685795e-01	8.182152062259e-02	9.231015777588e+01	1.182995461591e-07
320	3.200000000000e+02	9.891676095735e-01	9.898347884841e-02	1.083960842732e-01	9.190534210205e+01	1.027752105642e-07
321	3.210000000000e+02	9.896939496419e-01	6.576939651967e-02	1.272017001605e-01	9.155670166016e+01	9.662159783375e-08
322	3.220000000000e+02	9.905522180144e-01	2.126711829448e-02	1.354769835293e-01	9.200518035889e+01	9.891731878042e-08
323	3.230000000000e+02	9.909345235913e-01	-1.011742494397e-02	1.339642029328e-01	9.196487426758e+01	1.120119605957e-07
324	3.240000000000e+02	9.915211041557e-01	-3.548398258680e-02	1.250071477703e-01	9.194181060791e+01	1.342983892982e-07
325	3.250000000000e+02	9.927826654107e-01	-5.036504741084e-02	1.088390612758e-01	9.241637420654e+01	1.656776333903e-07
326	3.260000000000e+02	9.939546923874e-01	-5.659618731972e-02	9.407944016579e-02	9.246151733398e+01	2.078470942024e-07
327	3.270000000000e+02	9.949903433427e-01	-5.843243754993e-02	8.111637872071e-02	9.279503631592e+01	2.591392274098e-07
328	3.280000000000e+02	9.962015550995e-01	-5.480508084883e-02	6.766730917082e-02	9.261578369141e+01	3.203876701718e-07
329	3.290000000000e+02	9.966684054494e-01	-5.418046948904e-02	6.096364740445e-02	9.272202301025e+01	3.907584869012e-07
330	3.300000000000e+02	9.974871062627e-01	-4.907965357021e-02	5.109462246708e-02	9.294931793213e+01	4.708883807325e-07
331	3.310000000000e+02	9.979491717862e-01	-4.355703953137e-02	4.690666091783e-02	9.255384826660e+01	5.627745167658e-07
332	3.320000000000e+02	9.981753417679e-01	-4.396319765388e-02	4.139111424617e-02	9.282266235352e+01	6.635625027229e-07
333	3.330000000000e+02	9.984823667999e-01	-4.065248402230e-02	3.715291014857e-02	9.279250335693e+01	7.712429237472e-07
334	3.340000000000e+02	9.988810997640e-01	-3.416435001638e-02	3.270085200969e-02	9.294535827637e+01	8.879543997864e-07
335	3.350000000000e+02	9.989778017183e-01	-3.262673168200e-02	3.128654748976e-02	9.264208221436e+01	1.019010596792e-06
336	3.360000000000e+02	9.991599649584e-01	-3.080501647750e-02	2.702619810790e-02	9.300529479980e+01	1.154522806246e-06
337	3.370000000000e+02	9.992792900474e-01	-2.896098819258e-02	2.453898215745e-02	9.298848724365e+01	1.300789449488e-06
338	3.380000000000e+02	9.993936312333e-01	-2.349153905860e-02	2.570053390581e-02	9.278003692627e+01	1.459558347960e-06
339	3.390000000000e+02	9.994632346718e-01	-2.180330358322e-02	2.445114501082e-02	9.284180450439e+01	1.714059749247e-06
340	3.400000000000e+02	9.995156310256e-01	-2.150261311542e-02	2.249757686397e-02	9.294612884521e+01	1.910798118843e-06
341	3.410000000000e+02	9.987490319169e-01	-4.580935437766e-02	2.004680264999e-02	9.472939300537e+01	2.138477157132e-06
342	3.420000000000e+02	9.987843621713e-01	-4.583865464998e-02	1.812775832463e-02	9.475891876221e+01	2.344936092413e-06
343	3.430000000000e+02	9.988981366556e-01	-4.362900122420e-02	1.729227683688e-02	9.467322540283e+01	2.547616759330e-06
344	3.440000000000e+02	9.989275978475e-01	-4.224841666874e-02	1.894005141333e-02	9.473181915283e+01	2.763028305708e-06
345	3.450000000000e+02	9.990100125113e-01	-4.079504697897e-02	1.774144989138e-02	9.468317413330e+01	2.980274302899e-06
346	3.460000000000e+02	9.991193192503e-01	-3.908548399809e-02	1.526141675821e-02	9.488758850098e+01	3.206417659385e-06
347	3.470000000000e+02	9.991329116169e-01	-3.882430204779e-02	1.503657189864e-02	9.492926025391e+01	3.436753559072e-06
348	3.480000000000e+02	9.992601950572e-01	-3.555841996061e-02	1.465132568164e-02	9.483095550537e+01	3.679286237457e-06
349	3.490000000000e+02	9.992752187101e-01	-3.555775966664e-02	1.358981234088e-02	9.494892120361e+01	3.909960469173e-06
350	3.500000000000e+02	9.993023453880e-01	-3.441263914885e-02	1.451181480139e-02	9.465422821045e+01	4.156155227975e-06
351	3.510000000000e+02	9.993015439437e-01	-3.543297864245e-02	1.187132242738e-02	9.505552673340e+01	4.389568857732e-06
352	3.520000000000e+02	9.993634390613e-01	-3.326390661481e-02	1.289298973307e-02	9.486713409424e+01	4.616906153387e-06
353	3.530000000000e+02	9.993699956319e-01	-3.332029867488e-02	1.222168265577e-02	9.489922332764e+01	4.895062374999e-06
354	3.540000000000e+02	9.993755502474e-01	-3.335698072958e-02	1.165424404526e-02	9.486761474609e+01	5.166523351363e-06
355	3.550000000000e+02	9.995011735757e-01	-3.017617870019e-02	9.316773036136e-03	9.476783752441e+01	5.421834885055e-06
356	3.560000000000e+02	9.994607722173e-01	-3.104779971733e-02	1.068639001626e-02	9.466787719727e+01	5.667868208548e-06
357	3.570000000000e+02	9.995188522595e-01	-2.919785210724e-02	1.046658541138e-02	9.455562591553e+01	5.930174211244e-06
358	3.580000000000e+02	9.995273416867e-01	-2.938032223501e-02	9.049303073291e-03	9.482603454590e+01	6.187876806507e-06
359	3.590000000000e+02	9.995529119512e-01	-2.855546335008e-02	8.863505105797e-03	9.477080535889e+01	6.452179604821e-06
360	3.600000000000e+02	9.995685813289e-01	-2.819063633049e-02	8.242526518052e-03	9.466860198975e+01	6.582195965166e-06
