# Filename: 154439_polarimeter_vs_wheel.dat
# Timestamp: Wed May 22 15:44:39 2019

# Column 1:
#	name: measurement point
#	size: 0
#	type: coordinate
# Column 2:
#	name: angle
#	type: value
# Column 3:
#	name: S1
#	type: value
# Column 4:
#	name: S2
#	type: value
# Column 5:
#	name: S3
#	type: value
# Column 6:
#	name: DOP
#	type: value
# Column 7:
#	name: power
#	type: value

0	0.000000000000e+00	9.999465550927e-01	8.664890361717e-03	5.639736980516e-03	9.503866577148e+01	1.266997969651e-05
1	1.000000000000e+00	9.999471003368e-01	9.000000951739e-03	4.979609521227e-03	9.499322509766e+01	1.273988345929e-05
2	2.000000000000e+00	9.999552391762e-01	8.113727582922e-03	4.866936286182e-03	9.497563171387e+01	1.278566833207e-05
3	3.000000000000e+00	9.999493373369e-01	8.842182613271e-03	4.810256351262e-03	9.486734771729e+01	1.286224232899e-05
4	4.000000000000e+00	9.999112788430e-01	1.152850785461e-02	6.672926589990e-03	9.462064361572e+01	1.293739205721e-05
5	5.000000000000e+00	9.999310959309e-01	1.094493583686e-02	4.244027560295e-03	9.469093322754e+01	1.295940273849e-05
6	6.000000000000e+00	9.999368122848e-01	9.880052918839e-03	5.362461374709e-03	9.480966186523e+01	1.297567450820e-05
7	7.000000000000e+00	9.999330316746e-01	1.118839490579e-02	2.958375463702e-03	9.476154327393e+01	1.301145766774e-05
8	8.000000000000e+00	9.999245128165e-01	1.201482724968e-02	2.571496620555e-03	9.473419952393e+01	1.296303616982e-05
9	9.000000000000e+00	9.999389057708e-01	1.057759733465e-02	3.209230521061e-03	9.475250244141e+01	1.277688079426e-05
10	1.000000000000e+01	9.999312073056e-01	1.118670576172e-02	3.526793253586e-03	9.466262817383e+01	1.291743046750e-05
11	1.100000000000e+01	9.999094113228e-01	1.341163984129e-02	1.138887590254e-03	9.485819244385e+01	1.289695228479e-05
12	1.200000000000e+01	9.999212394537e-01	1.230090920257e-02	2.490486328493e-03	9.472306823730e+01	1.282376160816e-05
13	1.300000000000e+01	9.999180409950e-01	1.276260304275e-02	1.013536519519e-03	9.496882629395e+01	1.278845502384e-05
14	1.400000000000e+01	9.999099841495e-01	1.328968479130e-02	1.846043442329e-03	9.472011566162e+01	1.264547881874e-05
15	1.500000000000e+01	9.999373642666e-01	1.115589773945e-02	9.019364021652e-04	9.500891113281e+01	1.250367040484e-05
16	1.600000000000e+01	9.999380349083e-01	1.109176693055e-02	9.481825388071e-04	9.489514160156e+01	1.243365022674e-05
17	1.700000000000e+01	9.999357493631e-01	1.131276835790e-02	7.200123261472e-04	9.494033813477e+01	1.231424994330e-05
18	1.800000000000e+01	9.999167519059e-01	1.288788497481e-02	-6.258425552394e-04	9.485392761230e+01	1.183276799566e-05
19	1.900000000000e+01	9.999080581764e-01	1.346121705843e-02	-1.634267190914e-03	9.504267120361e+01	1.168427297671e-05
20	2.000000000000e+01	9.999165259867e-01	1.271883055240e-02	-2.274292877544e-03	9.507208251953e+01	1.146080012404e-05
21	2.100000000000e+01	9.998788332874e-01	1.553990023183e-02	-9.111776193651e-04	9.476629638672e+01	1.126418646891e-05
22	2.200000000000e+01	9.999104481378e-01	1.305936018418e-02	-2.923835922183e-03	9.497303009033e+01	1.104706279875e-05
23	2.300000000000e+01	9.998882925508e-01	1.486703075263e-02	-1.540719484310e-03	9.489452362061e+01	1.084324685507e-05
24	2.400000000000e+01	9.998864824364e-01	1.460769637228e-02	-3.692891499783e-03	9.487288665771e+01	1.061918646883e-05
25	2.500000000000e+01	9.999159181863e-01	1.274886583205e-02	-2.371281873884e-03	9.493572998047e+01	1.039159815264e-05
26	2.600000000000e+01	9.998910183387e-01	1.407746866964e-02	-4.447057606317e-03	9.494778442383e+01	1.017780050461e-05
27	2.700000000000e+01	9.999097158506e-01	1.298328845424e-02	-3.463288692736e-03	9.484416961670e+01	9.960868737835e-06
28	2.800000000000e+01	9.999037717251e-01	1.295257231303e-02	-4.967711788159e-03	9.504583740234e+01	9.751424840942e-06
29	2.900000000000e+01	9.998511481855e-01	1.668734377328e-02	-4.383381109066e-03	9.483649444580e+01	9.536469406157e-06
30	3.000000000000e+01	9.999120862237e-01	1.220017799166e-02	-5.193792520788e-03	9.493670654297e+01	9.305459570896e-06
31	3.100000000000e+01	9.998804614376e-01	1.426663937587e-02	-5.960355375419e-03	9.501331329346e+01	9.098953341891e-06
32	3.200000000000e+01	9.998835065480e-01	1.427526706598e-02	-5.402784794529e-03	9.478544616699e+01	8.877965228749e-06
33	3.300000000000e+01	9.998838237920e-01	1.306902586346e-02	-7.844710457280e-03	9.505220794678e+01	8.657422768010e-06
34	3.400000000000e+01	9.998750295953e-01	1.430900416184e-02	-6.721427803460e-03	9.476303100586e+01	8.440437341051e-06
35	3.500000000000e+01	9.998803655168e-01	1.247243159278e-02	-9.148393530880e-03	9.499060821533e+01	8.246776815213e-06
36	3.600000000000e+01	9.998654540222e-01	1.413814796965e-02	-8.317849782720e-03	9.481507110596e+01	8.099428669084e-06
37	3.700000000000e+01	9.998667649037e-01	1.203511432074e-02	-1.102762278626e-02	9.494494628906e+01	7.867459316913e-06
38	3.800000000000e+01	9.998699763406e-01	1.160337235051e-02	-1.119786420862e-02	9.496086120605e+01	7.721323527221e-06
39	3.900000000000e+01	9.998787180338e-01	1.213849570339e-02	-9.757363633775e-03	9.493019104004e+01	7.588510470669e-06
40	4.000000000000e+01	9.998476826507e-01	1.259671766538e-02	-1.208032293131e-02	9.482224273682e+01	7.412797913275e-06
41	4.100000000000e+01	9.998406638264e-01	1.289203089886e-02	-1.234676064540e-02	9.484918212891e+01	7.298831405933e-06
42	4.200000000000e+01	9.998524294082e-01	1.177828526220e-02	-1.250565482933e-02	9.498566436768e+01	7.176927738328e-06
43	4.300000000000e+01	9.998832748255e-01	1.043121732104e-02	-1.116362080235e-02	9.478598022461e+01	7.068059403537e-06
44	4.400000000000e+01	9.998823717847e-01	9.492451437517e-03	-1.204723868338e-02	9.497911071777e+01	6.991157079028e-06
45	4.500000000000e+01	9.998950176551e-01	8.085941053230e-03	-1.202377751746e-02	9.500453186035e+01	6.900510925334e-06
46	4.600000000000e+01	9.998827977796e-01	1.001338847328e-02	-1.158113792537e-02	9.479183197021e+01	6.872183803353e-06
47	4.700000000000e+01	9.999071600741e-01	6.554140628197e-03	-1.194631630259e-02	9.495626831055e+01	6.814907465014e-06
48	4.800000000000e+01	9.998979558903e-01	8.557183763267e-03	-1.143907393455e-02	9.477761077881e+01	6.808995749452e-06
49	4.900000000000e+01	9.998998406261e-01	8.149993077570e-03	-1.157092601105e-02	9.475240325928e+01	6.791811756557e-06
50	5.000000000000e+01	9.999016729565e-01	7.578301220456e-03	-1.179888847888e-02	9.489257049561e+01	6.801473773521e-06
51	5.100000000000e+01	9.999208950546e-01	5.528359085879e-03	-1.129782629410e-02	9.480139923096e+01	6.782080163248e-06
52	5.200000000000e+01	9.999227046651e-01	4.702767338188e-03	-1.150950366676e-02	9.487445831299e+01	6.838065019110e-06
53	5.300000000000e+01	9.999140029031e-01	6.625469339434e-03	-1.131768325964e-02	9.485225677490e+01	6.902704171807e-06
54	5.400000000000e+01	9.999209037159e-01	5.790845519449e-03	-1.116478482248e-02	9.491070556641e+01	6.961699455132e-06
55	5.500000000000e+01	9.999419670925e-01	4.956526666327e-03	-9.565317071168e-03	9.469258880615e+01	7.039873707981e-06
56	5.600000000000e+01	9.999386065248e-01	4.537863302827e-03	-1.010895532972e-02	9.493384552002e+01	7.139328772610e-06
57	5.700000000000e+01	9.999492242104e-01	5.883156487592e-03	-8.181532303025e-03	9.463784790039e+01	7.245123015309e-06
58	5.800000000000e+01	9.999498894650e-01	2.944024308926e-03	-9.568243293557e-03	9.491001892090e+01	7.351301064773e-06
59	5.900000000000e+01	9.999630208482e-01	4.491244719297e-03	-7.333870540658e-03	9.480557250977e+01	7.489573818020e-06
60	6.000000000000e+01	9.999552481013e-01	3.411920218222e-03	-8.823865087084e-03	9.481819152832e+01	7.618652489327e-06
61	6.100000000000e+01	9.999741976423e-01	3.153900874105e-03	-6.454220237342e-03	9.488797760010e+01	7.785538400640e-06
62	6.200000000000e+01	9.999760906434e-01	2.720706874102e-03	-6.357349740285e-03	9.490203857422e+01	7.926145372039e-06
63	6.300000000000e+01	9.999797287369e-01	2.709868692195e-03	-5.761833650284e-03	9.489675140381e+01	8.084392902674e-06
64	6.400000000000e+01	9.999836202412e-01	1.898311422115e-03	-5.399598410376e-03	9.488895416260e+01	8.270707439806e-06
65	6.500000000000e+01	9.999734644230e-01	3.547283049169e-03	-6.362957869601e-03	9.478138732910e+01	8.247799087258e-06
66	6.600000000000e+01	9.999786221117e-01	3.605236565034e-03	-5.455051681556e-03	9.474188995361e+01	8.433935363428e-06
67	6.700000000000e+01	9.999926703879e-01	2.511301227023e-03	-2.890075556601e-03	9.463908386230e+01	8.613162208349e-06
68	6.800000000000e+01	9.999914982104e-01	2.212679993163e-03	-3.479591093507e-03	9.482613372803e+01	8.777801667748e-06
69	6.900000000000e+01	9.999906199830e-01	4.024898658731e-03	-1.600042754843e-03	9.448324584961e+01	8.984145097202e-06
70	7.000000000000e+01	9.999932230205e-01	2.875606325234e-03	-2.298869576951e-03	9.467811584473e+01	9.170260454994e-06
71	7.100000000000e+01	9.999824842028e-01	5.592119573965e-03	-1.938939484234e-03	9.448417663574e+01	9.382743883180e-06
72	7.200000000000e+01	9.999822632575e-01	5.761636720231e-03	-1.508877971507e-03	9.456667327881e+01	9.581226549926e-06
73	7.300000000000e+01	9.999922184289e-01	3.776590261051e-03	-1.140371703427e-03	9.465168762207e+01	9.744778253662e-06
74	7.400000000000e+01	9.999912133753e-01	3.902472291219e-03	-1.530974250764e-03	9.456283569336e+01	9.917304851115e-06
75	7.500000000000e+01	9.999768236400e-01	6.578916250332e-03	-1.752154032134e-03	9.459078979492e+01	1.011643507809e-05
76	7.600000000000e+01	9.999715394723e-01	7.472254482253e-03	-1.041949299448e-03	9.468749237061e+01	1.030379007716e-05
77	7.700000000000e+01	9.999810674921e-01	6.098878368070e-03	-8.175206636715e-04	9.479178619385e+01	1.046179386321e-05
78	7.800000000000e+01	9.999837261636e-01	5.625148137581e-03	9.513760550244e-04	9.461585235596e+01	1.061237526301e-05
79	7.900000000000e+01	9.999770175016e-01	6.770490846030e-03	-3.534435688261e-04	9.474049377441e+01	1.077047454601e-05
80	8.000000000000e+01	9.999706022270e-01	7.374255195516e-03	2.101200174668e-03	9.447405242920e+01	1.090664773074e-05
81	8.100000000000e+01	9.999740489515e-01	7.125603408201e-03	1.061696602000e-03	9.475080108643e+01	1.104431612475e-05
82	8.200000000000e+01	9.999615980703e-01	8.275789337067e-03	2.883347981987e-03	9.440087890625e+01	1.116951443692e-05
83	8.300000000000e+01	9.999701413392e-01	7.569998181670e-03	1.552919036162e-03	9.462051391602e+01	1.128179064835e-05
84	8.400000000000e+01	9.999703896311e-01	7.407394687721e-03	2.085752833899e-03	9.458467864990e+01	1.139603955380e-05
85	8.500000000000e+01	9.999674182392e-01	7.685613734099e-03	2.468562650422e-03	9.453849792480e+01	1.149263516709e-05
86	8.600000000000e+01	9.999665467135e-01	7.723635568647e-03	2.692750913163e-03	9.449686431885e+01	1.157137830887e-05
87	8.700000000000e+01	9.999587125038e-01	8.510375983796e-03	3.185402373108e-03	9.442862701416e+01	1.164464629255e-05
88	8.800000000000e+01	9.999400374188e-01	9.598741124303e-03	5.271217668039e-03	9.442347717285e+01	1.173027339973e-05
89	8.900000000000e+01	9.999421179015e-01	1.019399730086e-02	3.441404608984e-03	9.430950927734e+01	1.179527589557e-05
90	9.000000000000e+01	9.999375746412e-01	1.057400757508e-02	3.610704139794e-03	9.433208465576e+01	1.181125026051e-05
91	9.100000000000e+01	9.999347394598e-01	9.688934401317e-03	6.053211677513e-03	9.444590759277e+01	1.183695803775e-05
92	9.200000000000e+01	9.999310559651e-01	1.086529874108e-02	4.452931586866e-03	9.446531677246e+01	1.184727261716e-05
93	9.300000000000e+01	9.999359738726e-01	9.810066734230e-03	5.640101598921e-03	9.440148162842e+01	1.185038945550e-05
94	9.400000000000e+01	9.999334369489e-01	9.912325974286e-03	5.904867934189e-03	9.447788238525e+01	1.183001495519e-05
95	9.500000000000e+01	9.999193106129e-01	1.165222769953e-02	5.059432087935e-03	9.451125335693e+01	1.181762036140e-05
96	9.600000000000e+01	9.999212027702e-01	1.064130832632e-02	6.659640208093e-03	9.442600250244e+01	1.176621299237e-05
97	9.700000000000e+01	9.999113949809e-01	1.198045443794e-02	5.802663076321e-03	9.455618286133e+01	1.170650648419e-05
98	9.800000000000e+01	9.999191919260e-01	1.112672562419e-02	6.148625450001e-03	9.458798980713e+01	1.163077558886e-05
99	9.900000000000e+01	9.998988618456e-01	1.284080262641e-02	6.113907740614e-03	9.460031890869e+01	1.155701920652e-05
100	1.000000000000e+02	9.998748450307e-01	1.374331287010e-02	7.836812242816e-03	9.431644439697e+01	1.144581347035e-05
101	1.010000000000e+02	9.998862100701e-01	1.299454782445e-02	7.662156252245e-03	9.445781707764e+01	1.133760451921e-05
102	1.020000000000e+02	9.998901864308e-01	1.243583618155e-02	8.060090440353e-03	9.453855895996e+01	1.113998769142e-05
103	1.030000000000e+02	9.998492362788e-01	1.533235509779e-02	8.150067479663e-03	9.436058807373e+01	1.106407671614e-05
104	1.040000000000e+02	9.998782899984e-01	1.307491473050e-02	8.511862000710e-03	9.457079315186e+01	1.089849865821e-05
105	1.050000000000e+02	9.998681491221e-01	1.369398390872e-02	8.726922474234e-03	9.458798217773e+01	1.074316605809e-05
106	1.060000000000e+02	9.998597616562e-01	1.381105801746e-02	9.471625899067e-03	9.455973815918e+01	1.055716984411e-05
107	1.070000000000e+02	9.998522903157e-01	1.368434956475e-02	1.039885221964e-02	9.461572265625e+01	1.036365665641e-05
108	1.080000000000e+02	9.998006958725e-01	1.672202967972e-02	1.090606511558e-02	9.434250640869e+01	9.801177839108e-06
109	1.090000000000e+02	9.998259951029e-01	1.498555723803e-02	1.110912196622e-02	9.452204132080e+01	9.568814675731e-06
110	1.100000000000e+02	9.998226712699e-01	1.498574669956e-02	1.140409621950e-02	9.448538970947e+01	9.364197467221e-06
111	1.110000000000e+02	9.997952665294e-01	1.557651130505e-02	1.291500371181e-02	9.449122619629e+01	9.153851351584e-06
112	1.120000000000e+02	9.997749121259e-01	1.797291427637e-02	1.127383856615e-02	9.449903106689e+01	8.963186701294e-06
113	1.130000000000e+02	9.997886844300e-01	1.594716369498e-02	1.297206443980e-02	9.444721221924e+01	8.719291145098e-06
114	1.140000000000e+02	9.997666641895e-01	1.646789086509e-02	1.397947588227e-02	9.443740081787e+01	8.513209650118e-06
115	1.150000000000e+02	9.997810111424e-01	1.714241790751e-02	1.200280247640e-02	9.462701416016e+01	8.308487849717e-06
116	1.160000000000e+02	9.997377776627e-01	1.737783879265e-02	1.491263333328e-02	9.447306823730e+01	8.082417480182e-06
117	1.170000000000e+02	9.997788691469e-01	1.588418155706e-02	1.378062348600e-02	9.461761474609e+01	7.884781553003e-06
118	1.180000000000e+02	9.997619374988e-01	1.686026618326e-02	1.384917877701e-02	9.463683319092e+01	7.682959221711e-06
119	1.190000000000e+02	9.997022118716e-01	1.807103125187e-02	1.639894534950e-02	9.444265747070e+01	7.488773007935e-06
120	1.200000000000e+02	9.996948260325e-01	1.775367488000e-02	1.717736394236e-02	9.454526519775e+01	7.301865935005e-06
121	1.210000000000e+02	9.997132090723e-01	1.770476687575e-02	1.612578172231e-02	9.445099639893e+01	7.116609140212e-06
122	1.220000000000e+02	9.996837545059e-01	1.733708503475e-02	1.821582991341e-02	9.452551269531e+01	6.936953013792e-06
123	1.230000000000e+02	9.996793776655e-01	1.875942257546e-02	1.700664384854e-02	9.449865722656e+01	6.782695436414e-06
124	1.240000000000e+02	9.996961807092e-01	1.778481460420e-02	1.706594987151e-02	9.456295013428e+01	6.627400125581e-06
125	1.250000000000e+02	9.996618092926e-01	1.802845859476e-02	1.874144398426e-02	9.441219329834e+01	6.497581125586e-06
126	1.260000000000e+02	9.996401195563e-01	1.798992107988e-02	1.989960082405e-02	9.438805389404e+01	6.337673312373e-06
127	1.270000000000e+02	9.996529448175e-01	1.636136047504e-02	2.064693200027e-02	9.451284027100e+01	6.206298166944e-06
128	1.280000000000e+02	9.996434821784e-01	1.776837936294e-02	1.992970729792e-02	9.444904327393e+01	6.099831807660e-06
129	1.290000000000e+02	9.996472956743e-01	1.610809051987e-02	2.111430015208e-02	9.444306182861e+01	5.978963599773e-06
130	1.300000000000e+02	9.996532383585e-01	1.625575449849e-02	2.071602000874e-02	9.458887481689e+01	5.896556558582e-06
131	1.310000000000e+02	9.996503648126e-01	1.563242207351e-02	2.132546623491e-02	9.457528686523e+01	5.822051207360e-06
132	1.320000000000e+02	9.996427176524e-01	1.531345459336e-02	2.190742232639e-02	9.455706787109e+01	5.757514372817e-06
133	1.330000000000e+02	9.996025813943e-01	1.665637645422e-02	2.274300756678e-02	9.432738494873e+01	5.707832769986e-06
134	1.340000000000e+02	9.996663753885e-01	1.357882356966e-02	2.197165146277e-02	9.452319335938e+01	5.665189746651e-06
135	1.350000000000e+02	9.996347511891e-01	1.434322976629e-02	2.290493342176e-02	9.441461181641e+01	5.653221705870e-06
136	1.360000000000e+02	9.996342119855e-01	1.188548180461e-02	2.429357014667e-02	9.453503417969e+01	5.636068181047e-06
137	1.370000000000e+02	9.996869620469e-01	1.187073396259e-02	2.202415920323e-02	9.462114715576e+01	5.638921720674e-06
138	1.380000000000e+02	9.996614974064e-01	1.277899406162e-02	2.266247810785e-02	9.456368255615e+01	5.658435384248e-06
139	1.390000000000e+02	9.996571887780e-01	1.071799350588e-02	2.388785339090e-02	9.443479156494e+01	5.692118520528e-06
140	1.400000000000e+02	9.996909126530e-01	9.616491727055e-03	2.292601679082e-02	9.469850158691e+01	5.737083029089e-06
141	1.410000000000e+02	9.997060241429e-01	9.738087236201e-03	2.220439031645e-02	9.453249359131e+01	5.802467512694e-06
142	1.420000000000e+02	9.996820964394e-01	9.919488358733e-03	2.317994411745e-02	9.450275421143e+01	5.879121545149e-06
143	1.430000000000e+02	9.997255712850e-01	9.661758851873e-03	2.134086537144e-02	9.442701721191e+01	5.966771368549e-06
144	1.440000000000e+02	9.996927316154e-01	8.306100547466e-03	2.335489347293e-02	9.448414611816e+01	6.057633981982e-06
145	1.450000000000e+02	9.997328622849e-01	8.010854300421e-03	2.168018175506e-02	9.452764129639e+01	6.172957455419e-06
146	1.460000000000e+02	9.997183468640e-01	9.224513336279e-03	2.186630506474e-02	9.438157653809e+01	6.298233529378e-06
147	1.470000000000e+02	9.997432882752e-01	8.145260799181e-03	2.114266480677e-02	9.454198455811e+01	6.426869276766e-06
148	1.480000000000e+02	9.997338277318e-01	7.983568594765e-03	2.164569983209e-02	9.428475952148e+01	6.561745976796e-06
149	1.490000000000e+02	9.997405889312e-01	8.066933633402e-03	2.129975176654e-02	9.427822113037e+01	6.719693828927e-06
150	1.500000000000e+02	9.998043877240e-01	6.152151380654e-03	1.879726898512e-02	9.447295379639e+01	6.871097411931e-06
151	1.510000000000e+02	9.997873030506e-01	6.261103987551e-03	1.965062939367e-02	9.451025390625e+01	7.040795026114e-06
152	1.520000000000e+02	9.998104338708e-01	7.155189129187e-03	1.810799800055e-02	9.446798706055e+01	7.212293439807e-06
153	1.530000000000e+02	9.998037257701e-01	5.492430770726e-03	1.903531298541e-02	9.438449859619e+01	7.393762643915e-06
154	1.540000000000e+02	9.998355730392e-01	5.401303852586e-03	1.731048243512e-02	9.460550689697e+01	7.568309229100e-06
155	1.550000000000e+02	9.998425165552e-01	4.772356871750e-03	1.709288444076e-02	9.454310607910e+01	7.758641913824e-06
156	1.560000000000e+02	9.998289670335e-01	7.038272272392e-03	1.710261395927e-02	9.444482421875e+01	7.970645128808e-06
157	1.570000000000e+02	9.998192389041e-01	6.791711589197e-03	1.775843943049e-02	9.432975006104e+01	8.157827323885e-06
158	1.580000000000e+02	9.998751616415e-01	6.063545222762e-03	1.459090647208e-02	9.442403411865e+01	8.355601494259e-06
159	1.590000000000e+02	9.998616143487e-01	6.833719329939e-03	1.516747942348e-02	9.444511413574e+01	8.553371117159e-06
160	1.600000000000e+02	9.998624143858e-01	7.316956784277e-03	1.488672032375e-02	9.445497131348e+01	8.752940630075e-06
161	1.610000000000e+02	9.998632959182e-01	5.975624823636e-03	1.541691874607e-02	9.443905639648e+01	8.943573448050e-06
162	1.620000000000e+02	9.998822814087e-01	6.643258609257e-03	1.383077872053e-02	9.455191802979e+01	9.139597750618e-06
163	1.630000000000e+02	9.998646185134e-01	8.275463148154e-03	1.422186185845e-02	9.435478210449e+01	9.336808034277e-06
164	1.640000000000e+02	9.998888961728e-01	6.370451336775e-03	1.347637414832e-02	9.443963623047e+01	9.508956281934e-06
165	1.650000000000e+02	9.998870253225e-01	8.108405591694e-03	1.265663266953e-02	9.448300170898e+01	9.704473995953e-06
166	1.660000000000e+02	9.999009937631e-01	6.415586790749e-03	1.252369425232e-02	9.443566131592e+01	9.866417713056e-06
167	1.670000000000e+02	9.998883830143e-01	8.970385613196e-03	1.194795777457e-02	9.436537933350e+01	1.004412933980e-05
168	1.680000000000e+02	9.999308653061e-01	5.445209277125e-03	1.042181865885e-02	9.473339080811e+01	1.018550847220e-05
169	1.690000000000e+02	9.998981834326e-01	7.518553462544e-03	1.212823655489e-02	9.454677581787e+01	1.034539582179e-05
170	1.700000000000e+02	9.998962027851e-01	8.228400522280e-03	1.182696414391e-02	9.449448394775e+01	1.048642934620e-05
171	1.710000000000e+02	9.999186323636e-01	6.598559929273e-03	1.091731005991e-02	9.461547088623e+01	1.061561761162e-05
172	1.720000000000e+02	9.999246045830e-01	7.815340129794e-03	9.471304461620e-03	9.460813903809e+01	1.074519423128e-05
173	1.730000000000e+02	9.999248563286e-01	7.897356995972e-03	9.376217188485e-03	9.455572509766e+01	1.085409712687e-05
174	1.740000000000e+02	9.999022915759e-01	8.918297754535e-03	1.076435165326e-02	9.432557678223e+01	1.096404594136e-05
175	1.750000000000e+02	9.999320694174e-01	7.751144983690e-03	8.704958471349e-03	9.458332824707e+01	1.105648880184e-05
176	1.760000000000e+02	9.999161349424e-01	1.013484107961e-02	8.062758716225e-03	9.436627960205e+01	1.114412043535e-05
177	1.770000000000e+02	9.999282974133e-01	8.268361196577e-03	8.662230390912e-03	9.440004730225e+01	1.119216267398e-05
178	1.780000000000e+02	9.999318795543e-01	9.033600203465e-03	7.391232539484e-03	9.432613372803e+01	1.124273603637e-05
179	1.790000000000e+02	9.999400965749e-01	9.085054820464e-03	6.104509870179e-03	9.455449676514e+01	1.130773853220e-05
180	1.800000000000e+02	9.999544146351e-01	7.693143433896e-03	5.655457182471e-03	9.459045410156e+01	1.132301622420e-05
181	1.810000000000e+02	9.999341590706e-01	9.268944423528e-03	6.764923725276e-03	9.434777832031e+01	1.133168098022e-05
182	1.820000000000e+02	9.999356798450e-01	1.056146904793e-02	4.134192114554e-03	9.429907226562e+01	1.136300488724e-05
183	1.830000000000e+02	9.999424987847e-01	9.040610122875e-03	5.767711232368e-03	9.448101043701e+01	1.135415914177e-05
184	1.840000000000e+02	9.999318139197e-01	1.073583986345e-02	4.594480791378e-03	9.448235321045e+01	1.133054320235e-05
185	1.850000000000e+02	9.999230675598e-01	1.107133394448e-02	5.593257230240e-03	9.432680511475e+01	1.128528037952e-05
186	1.860000000000e+02	9.999399125764e-01	1.056175303536e-02	2.936087450906e-03	9.462587738037e+01	1.123987021856e-05
187	1.870000000000e+02	9.999414379890e-01	1.018814883547e-02	3.649961060191e-03	9.455490112305e+01	1.116517341870e-05
188	1.880000000000e+02	9.999181413720e-01	1.250139553878e-02	2.725007293218e-03	9.449279022217e+01	1.109807908506e-05
189	1.890000000000e+02	9.999197411781e-01	1.231817758300e-02	2.962043795987e-03	9.434480285645e+01	1.099448945752e-05
190	1.900000000000e+02	9.999364160386e-01	1.118521493627e-02	1.433473663722e-03	9.461145782471e+01	1.089423494705e-05
191	1.910000000000e+02	9.999032533754e-01	1.369911420031e-02	2.412086118430e-03	9.443541717529e+01	1.080171750800e-05
192	1.920000000000e+02	9.999254294917e-01	1.220904353053e-02	-2.733348289465e-04	9.448249053955e+01	1.065660308086e-05
193	1.930000000000e+02	9.999088262415e-01	1.348984024215e-02	-6.028387254424e-04	9.443886566162e+01	1.041966970661e-05
194	1.940000000000e+02	9.998977231333e-01	1.411940890239e-02	-2.277183596183e-03	9.469891357422e+01	1.026329027809e-05
195	1.950000000000e+02	9.998904067857e-01	1.475558833525e-02	-1.202925907513e-03	9.456554412842e+01	1.006736874842e-05
196	1.960000000000e+02	9.998956893622e-01	1.425183535316e-02	-2.344266208298e-03	9.473858642578e+01	9.886233783618e-06
197	1.970000000000e+02	9.999131181948e-01	1.292420046880e-02	-2.592509255616e-03	9.475666809082e+01	9.660008799983e-06
198	1.980000000000e+02	9.999146177515e-01	1.274765697891e-02	-2.873055583199e-03	9.478579711914e+01	9.528144801152e-06
199	1.990000000000e+02	9.999085680873e-01	1.320502026604e-02	-2.912542762845e-03	9.465020751953e+01	9.218580999004e-06
200	2.000000000000e+02	9.998825553359e-01	1.454135224153e-02	-4.839897717350e-03	9.495545959473e+01	9.077217328013e-06
201	2.010000000000e+02	9.998754511567e-01	1.483870331451e-02	-5.375412369292e-03	9.488357543945e+01	8.943024113250e-06
202	2.020000000000e+02	9.999043802579e-01	1.307120259644e-02	-4.513757158717e-03	9.468666839600e+01	8.711162081454e-06
203	2.030000000000e+02	9.998841391938e-01	1.386027368663e-02	-6.292932699156e-03	9.490390777588e+01	8.518452887074e-06
204	2.040000000000e+02	9.998775006731e-01	1.480415921014e-02	-5.081389360807e-03	9.489440155029e+01	8.313902071677e-06
205	2.050000000000e+02	9.998917629576e-01	1.281090734735e-02	-7.234847788055e-03	9.484801483154e+01	8.113344847516e-06
206	2.060000000000e+02	9.998704704559e-01	1.494056296392e-02	-5.985138976240e-03	9.451573181152e+01	7.915280548332e-06
207	2.070000000000e+02	9.998649652734e-01	1.524127310891e-02	-6.144494507456e-03	9.452009582520e+01	7.730950528639e-06
208	2.080000000000e+02	9.998785352262e-01	1.299599715812e-02	-8.603420934995e-03	9.469860076904e+01	7.539463240391e-06
209	2.090000000000e+02	9.998534208601e-01	1.420616884947e-02	-9.556231529819e-03	9.463661193848e+01	7.368719252554e-06
210	2.100000000000e+02	9.998637206632e-01	1.417651081312e-02	-8.459707012997e-03	9.460493469238e+01	7.191505119408e-06
211	2.110000000000e+02	9.998610312359e-01	1.411042641243e-02	-8.877729571409e-03	9.452188873291e+01	7.028541403997e-06
212	2.120000000000e+02	9.998531324578e-01	1.309246786324e-02	-1.105896919353e-02	9.459853363037e+01	6.862259397167e-06
213	2.130000000000e+02	9.998455134007e-01	1.346430852163e-02	-1.129874897891e-02	9.452997589111e+01	6.694481726299e-06
214	2.140000000000e+02	9.998800405365e-01	1.182569945004e-02	-1.000286805439e-02	9.462693023682e+01	6.562530870724e-06
215	2.150000000000e+02	9.998391387346e-01	1.297700823460e-02	-1.238119185404e-02	9.454991149902e+01	6.390098405973e-06
216	2.160000000000e+02	9.998874986345e-01	1.035604094426e-02	-1.085092117858e-02	9.463709259033e+01	6.265446700127e-06
217	2.170000000000e+02	9.998358885854e-01	1.183435558117e-02	-1.371655659089e-02	9.456497192383e+01	6.167382252897e-06
218	2.180000000000e+02	9.998880883804e-01	8.624092430029e-03	-1.222439138758e-02	9.467635345459e+01	6.070261406421e-06
219	2.190000000000e+02	9.998615537593e-01	1.013035463819e-02	-1.320034957595e-02	9.470109558105e+01	6.001518158882e-06
220	2.200000000000e+02	9.998947279972e-01	8.013342941171e-03	-1.209624975949e-02	9.465261840820e+01	5.936088200542e-06
221	2.210000000000e+02	9.998879440590e-01	7.651387489121e-03	-1.286684090874e-02	9.465069580078e+01	5.882199729967e-06
222	2.220000000000e+02	9.998550110544e-01	8.992496944071e-03	-1.446000927096e-02	9.469754028320e+01	5.851938112755e-06
223	2.230000000000e+02	9.998728701978e-01	7.935210241452e-03	-1.383025238045e-02	9.463874816895e+01	5.824739673699e-06
224	2.240000000000e+02	9.998978322450e-01	6.634183399625e-03	-1.266146446330e-02	9.460820007324e+01	5.816686552862e-06
225	2.250000000000e+02	9.998988643027e-01	5.220937975133e-03	-1.322886891661e-02	9.467974090576e+01	5.824369509355e-06
226	2.260000000000e+02	9.998783332305e-01	6.754922602656e-03	-1.406021894319e-02	9.466529083252e+01	5.848010914633e-06
227	2.270000000000e+02	9.999239866245e-01	3.582629616225e-03	-1.179770054206e-02	9.470678710938e+01	5.877367129870e-06
228	2.280000000000e+02	9.998808170581e-01	5.967505114050e-03	-1.423869944579e-02	9.471405792236e+01	5.940484243183e-06
229	2.290000000000e+02	9.999213727406e-01	3.591560498147e-03	-1.201453410336e-02	9.467668914795e+01	6.000061148370e-06
230	2.300000000000e+02	9.999348409617e-01	3.816545210587e-03	-1.075861578610e-02	9.453580474854e+01	6.082302206778e-06
231	2.310000000000e+02	9.999328812804e-01	4.007977885532e-03	-1.087055875274e-02	9.475421142578e+01	6.167608262331e-06
232	2.320000000000e+02	9.999405546606e-01	2.983572411291e-03	-1.048739437642e-02	9.482080078125e+01	6.287281394179e-06
233	2.330000000000e+02	9.999446726791e-01	2.513445565714e-03	-1.021441002350e-02	9.479924011230e+01	6.401896825992e-06
234	2.340000000000e+02	9.999455637672e-01	4.636835288592e-03	-9.347152555614e-03	9.450698089600e+01	6.542773007823e-06
235	2.350000000000e+02	9.999580627604e-01	1.899454910239e-03	-8.959061981158e-03	9.464736175537e+01	6.652102001681e-06
236	2.360000000000e+02	9.999450499441e-01	4.039496774780e-03	-9.673652780468e-03	9.455238342285e+01	6.814611424488e-06
237	2.370000000000e+02	9.999570798750e-01	1.386873785689e-03	-9.160512486594e-03	9.479599761963e+01	6.955148819543e-06
238	2.380000000000e+02	9.999646792504e-01	3.735717609550e-03	-7.528921938405e-03	9.448377227783e+01	7.144487426558e-06
239	2.390000000000e+02	9.999677918236e-01	1.802201501064e-03	-7.820958077688e-03	9.471546173096e+01	7.300020115508e-06
240	2.400000000000e+02	9.999656137875e-01	4.864257584780e-03	-6.716415764200e-03	9.436209106445e+01	7.492405984522e-06
241	2.410000000000e+02	9.999677900045e-01	2.371290701910e-03	-7.667850672382e-03	9.474431610107e+01	7.654379260202e-06
242	2.420000000000e+02	9.999740516249e-01	4.625046676180e-03	-5.523134993286e-03	9.441501617432e+01	7.863307473599e-06
243	2.430000000000e+02	9.999843616916e-01	6.289899498065e-04	-5.557044523853e-03	9.480253601074e+01	8.034602615226e-06
244	2.440000000000e+02	9.999767158989e-01	5.336262482946e-03	-4.253464792152e-03	9.441932678223e+01	8.262908522738e-06
245	2.450000000000e+02	9.999835154212e-01	3.978855394629e-03	-4.139757917559e-03	9.469720458984e+01	8.455595889245e-06
246	2.460000000000e+02	9.999860784757e-01	3.937738407482e-03	-3.512416694010e-03	9.455417633057e+01	8.668496775499e-06
247	2.470000000000e+02	9.999827899696e-01	5.315552177253e-03	-2.482875276898e-03	9.454116058350e+01	8.895323844627e-06
248	2.480000000000e+02	9.999921447219e-01	2.927578587520e-03	-2.672036327758e-03	9.473981475830e+01	9.071696695173e-06
249	2.490000000000e+02	9.999782636088e-01	6.380319064074e-03	-1.662479625271e-03	9.456009674072e+01	9.305635103374e-06
250	2.500000000000e+02	9.999882215190e-01	4.585653365531e-03	-1.590159292873e-03	9.457929992676e+01	9.503477485850e-06
251	2.510000000000e+02	9.999900684965e-01	4.414237276057e-03	-6.143431761057e-04	9.459786224365e+01	9.705011507322e-06
252	2.520000000000e+02	9.999781158622e-01	6.576421222965e-03	-7.200560186225e-04	9.459006500244e+01	9.905866136251e-06
253	2.530000000000e+02	9.999894008647e-01	4.602944535265e-03	-1.051660271235e-04	9.463634490967e+01	1.008224899124e-05
254	2.540000000000e+02	9.999781809973e-01	6.605390396319e-03	-7.966795027865e-05	9.464385986328e+01	1.029815666698e-05
255	2.550000000000e+02	9.999890799936e-01	4.520449267243e-03	1.185509132486e-03	9.471144104004e+01	1.045855060511e-05
256	2.560000000000e+02	9.999864406432e-01	4.893207675415e-03	1.781866567141e-03	9.478676605225e+01	1.063493436959e-05
257	2.570000000000e+02	9.999717845502e-01	7.378674370477e-03	1.408995362920e-03	9.473249053955e+01	1.082157177734e-05
258	2.580000000000e+02	9.999662185996e-01	8.035732102708e-03	1.728776766672e-03	9.471884155273e+01	1.095858442568e-05
259	2.590000000000e+02	9.999768522288e-01	6.433358888691e-03	2.215152385074e-03	9.472337341309e+01	1.110241282731e-05
260	2.600000000000e+02	9.999591039662e-01	8.659753223894e-03	2.607502489786e-03	9.470095062256e+01	1.123754555010e-05
261	2.610000000000e+02	9.999743536428e-01	6.978616872565e-03	1.609646897193e-03	9.476464080811e+01	1.132637771661e-05
262	2.620000000000e+02	9.999479219649e-01	9.860135018513e-03	2.632697363633e-03	9.456916809082e+01	1.145725855167e-05
263	2.630000000000e+02	9.999456416923e-01	1.011928525575e-02	2.512712991000e-03	9.461840820312e+01	1.155612972070e-05
264	2.640000000000e+02	9.999654990811e-01	7.863821620396e-03	2.675996465350e-03	9.471056365967e+01	1.161431464425e-05
265	2.650000000000e+02	9.999476344299e-01	9.438710333577e-03	3.954635928550e-03	9.451942443848e+01	1.169642564491e-05
266	2.660000000000e+02	9.999284452240e-01	1.150772377654e-02	3.267525875370e-03	9.464707946777e+01	1.180106391985e-05
267	2.670000000000e+02	9.999400402763e-01	1.030639571812e-02	3.700548555745e-03	9.474375915527e+01	1.180037361337e-05
268	2.680000000000e+02	9.999172648841e-01	1.176581674507e-02	5.198936721487e-03	9.450148010254e+01	1.183002586913e-05
269	2.690000000000e+02	9.999261295393e-01	1.137727489293e-02	4.277041095497e-03	9.478008270264e+01	1.183359199786e-05
270	2.700000000000e+02	9.999083700189e-01	1.259140233870e-02	4.970729653368e-03	9.461753845215e+01	1.182314281323e-05
271	2.710000000000e+02	9.999206123690e-01	1.215354864676e-02	3.325690141840e-03	9.504936981201e+01	1.178267848445e-05
272	2.720000000000e+02	9.999162953501e-01	1.243759141378e-02	3.564914188372e-03	9.501918029785e+01	1.181432253361e-05
273	2.730000000000e+02	9.998988614428e-01	1.324375733072e-02	5.183606586886e-03	9.481405639648e+01	1.180896106234e-05
274	2.740000000000e+02	9.998977278431e-01	1.339050079401e-02	5.022782359575e-03	9.470989990234e+01	1.168461130874e-05
275	2.750000000000e+02	9.999258750414e-01	1.154131337805e-02	3.878467244771e-03	9.494111633301e+01	1.155521840701e-05
276	2.760000000000e+02	9.998965907554e-01	1.309852070371e-02	5.936038336057e-03	9.481767272949e+01	1.147806506197e-05
277	2.770000000000e+02	9.999150640080e-01	1.215062021204e-02	4.714572971261e-03	9.489240264893e+01	1.135348065873e-05
278	2.780000000000e+02	9.998793234773e-01	1.405810904980e-02	6.611206592491e-03	9.473693084717e+01	1.113426696975e-05
279	2.790000000000e+02	9.998719962801e-01	1.438406774173e-02	7.006400651983e-03	9.484947204590e+01	1.126343249780e-05
280	2.800000000000e+02	9.998641321320e-01	1.441614370936e-02	7.993251931564e-03	9.476888275146e+01	1.081481877918e-05
281	2.810000000000e+02	9.998685560727e-01	1.441465733280e-02	7.422144645986e-03	9.474207305908e+01	1.067113407771e-05
282	2.820000000000e+02	9.998432993497e-01	1.636602623071e-02	6.747587046306e-03	9.492943572998e+01	1.013715427689e-05
283	2.830000000000e+02	9.998438751867e-01	1.616931905124e-02	7.125894538959e-03	9.495742034912e+01	9.927504834195e-06
284	2.840000000000e+02	9.998435731585e-01	1.524607399640e-02	8.965848608162e-03	9.477851104736e+01	9.753865015227e-06
285	2.850000000000e+02	9.998461410467e-01	1.504975987131e-02	9.011046659646e-03	9.484006500244e+01	9.573158422427e-06
286	2.860000000000e+02	9.998377929186e-01	1.613631491769e-02	8.000449518436e-03	9.503543090820e+01	9.376686648466e-06
287	2.870000000000e+02	9.998270641636e-01	1.578110815414e-02	9.838617355435e-03	9.480268859863e+01	9.185750059260e-06
288	2.880000000000e+02	9.998147146434e-01	1.705334169212e-02	8.928601213981e-03	9.496006011963e+01	8.964261724032e-06
289	2.890000000000e+02	9.998103758209e-01	1.605659314913e-02	1.101808592004e-02	9.484199523926e+01	8.738067663216e-06
290	2.900000000000e+02	9.997949635485e-01	1.751093041087e-02	1.016848952443e-02	9.495840454102e+01	8.546829121769e-06
291	2.910000000000e+02	9.997883387253e-01	1.638956561010e-02	1.243623286712e-02	9.487178802490e+01	8.328024705406e-06
292	2.920000000000e+02	9.997790592726e-01	1.810735103427e-02	1.067503997986e-02	9.499004364014e+01	8.162512131094e-06
293	2.930000000000e+02	9.997659171967e-01	1.728176216634e-02	1.301735411963e-02	9.475856018066e+01	7.902391189418e-06
294	2.940000000000e+02	9.997537408704e-01	1.895288416928e-02	1.154321434181e-02	9.487821960449e+01	7.684750016779e-06
295	2.950000000000e+02	9.997608306578e-01	1.857663183701e-02	1.154080725421e-02	9.480070495605e+01	7.512720912928e-06
296	2.960000000000e+02	9.997503644003e-01	1.875932307706e-02	1.213658432629e-02	9.492873382568e+01	7.350758096436e-06
297	2.970000000000e+02	9.997287535765e-01	1.892022085860e-02	1.358103512234e-02	9.496578216553e+01	7.271025424416e-06
298	2.980000000000e+02	9.997384287751e-01	1.711665326971e-02	1.516885661865e-02	9.481233215332e+01	7.096181434463e-06
299	2.990000000000e+02	9.997349483099e-01	1.828418630946e-02	1.399005571140e-02	9.485128784180e+01	6.884190497658e-06
300	3.000000000000e+02	9.997248129137e-01	1.656888721191e-02	1.660633678049e-02	9.474483489990e+01	6.745395694452e-06
301	3.010000000000e+02	9.997109315372e-01	1.864091630957e-02	1.518451857107e-02	9.472016143799e+01	6.647137979598e-06
302	3.020000000000e+02	9.997170799890e-01	1.623974562164e-02	1.737902875444e-02	9.472742462158e+01	6.507769739983e-06
303	3.030000000000e+02	9.997140190344e-01	1.597505854792e-02	1.779543903839e-02	9.477096557617e+01	6.396434400813e-06
304	3.040000000000e+02	9.996991957844e-01	1.819591162807e-02	1.644465713005e-02	9.468974304199e+01	6.299863343884e-06
305	3.050000000000e+02	9.997115856115e-01	1.718497750148e-02	1.677564134351e-02	9.463129425049e+01	6.169132575451e-06
306	3.060000000000e+02	9.997034226517e-01	1.492078254504e-02	1.924673963676e-02	9.483834838867e+01	6.150999524834e-06
307	3.070000000000e+02	9.996937662945e-01	1.497368191258e-02	1.970183955557e-02	9.481274414062e+01	6.146914984129e-06
308	3.080000000000e+02	9.997197042180e-01	1.508337995507e-02	1.824841493010e-02	9.475547027588e+01	6.042865607014e-06
309	3.090000000000e+02	9.996990528439e-01	1.307376296046e-02	2.075766039555e-02	9.478611755371e+01	5.960541329841e-06
310	3.100000000000e+02	9.997029030902e-01	1.469501038091e-02	1.944639357041e-02	9.474205017090e+01	5.990299086989e-06
311	3.110000000000e+02	9.996965679655e-01	1.241352290731e-02	2.127619437234e-02	9.472898864746e+01	5.984722974972e-06
312	3.120000000000e+02	9.997128217798e-01	1.327419207636e-02	1.995168648937e-02	9.486172485352e+01	6.004697752360e-06
313	3.130000000000e+02	9.996986015402e-01	1.206634433701e-02	2.138011723377e-02	9.472916412354e+01	6.031942120899e-06
314	3.140000000000e+02	9.997342308139e-01	1.158868581383e-02	1.992912692732e-02	9.498362731934e+01	6.079019840399e-06
315	3.150000000000e+02	9.997066824471e-01	1.130481392483e-02	2.141845589166e-02	9.476568603516e+01	6.156759354781e-06
316	3.160000000000e+02	9.997345073354e-01	9.360417734043e-03	2.105462948321e-02	9.498980712891e+01	6.246569682844e-06
317	3.170000000000e+02	9.997328479269e-01	1.030783511022e-02	2.068770918471e-02	9.492938232422e+01	6.292918897088e-06
318	3.180000000000e+02	9.997503454830e-01	8.212658996988e-03	2.077977234575e-02	9.489873504639e+01	6.394815500244e-06
319	3.190000000000e+02	9.997415699279e-01	7.431443361487e-03	2.148411058809e-02	9.488993835449e+01	6.527908681164e-06
320	3.200000000000e+02	9.997574863924e-01	8.837507224485e-03	2.017094118759e-02	9.495921325684e+01	6.622802629863e-06
321	3.210000000000e+02	9.997806709916e-01	5.960471243855e-03	2.007691943613e-02	9.497855377197e+01	6.766524165869e-06
322	3.220000000000e+02	9.998021779104e-01	5.661552129822e-03	1.906703629457e-02	9.508118438721e+01	6.934000339243e-06
323	3.230000000000e+02	9.998218149661e-01	5.426498229002e-03	1.808013923918e-02	9.505171203613e+01	7.059227300488e-06
324	3.240000000000e+02	9.997973895757e-01	8.286707313323e-03	1.834421651419e-02	9.489806365967e+01	7.263813131431e-06
325	3.250000000000e+02	9.998310156503e-01	5.453366412090e-03	1.755565260742e-02	9.500953674316e+01	7.482392902602e-06
326	3.260000000000e+02	9.998175511494e-01	8.140144354182e-03	1.728011757851e-02	9.479785919189e+01	7.654626642761e-06
327	3.270000000000e+02	9.998386872163e-01	7.958182119355e-03	1.610176645666e-02	9.482438659668e+01	7.835680662538e-06
328	3.280000000000e+02	9.998468816581e-01	6.172318738182e-03	1.637423952569e-02	9.471162414551e+01	8.005564268387e-06
329	3.290000000000e+02	9.998451614388e-01	7.339001182122e-03	1.599350521612e-02	9.462438201904e+01	8.209322004404e-06
330	3.300000000000e+02	9.998882123079e-01	6.071491544601e-03	1.366381638017e-02	9.489460754395e+01	8.409824658884e-06
331	3.310000000000e+02	9.998772430255e-01	7.295728201681e-03	1.386619016544e-02	9.461985015869e+01	8.620262633485e-06
332	3.320000000000e+02	9.998838201032e-01	6.751145169576e-03	1.366632118217e-02	9.469032287598e+01	8.819610229693e-06
333	3.330000000000e+02	9.999031587924e-01	6.677489193809e-03	1.221000306923e-02	9.484029388428e+01	9.018190212373e-06
334	3.340000000000e+02	9.998825334389e-01	7.493164867496e-03	1.337055735967e-02	9.463068389893e+01	9.246786248696e-06
335	3.350000000000e+02	9.998781655129e-01	8.548312212640e-03	1.306064657232e-02	9.460109710693e+01	9.480247172178e-06
336	3.360000000000e+02	9.999134780484e-01	7.308151706356e-03	1.093742820847e-02	9.495832061768e+01	9.667688573245e-06
337	3.370000000000e+02	9.998833815096e-01	8.633945683581e-03	1.259676001092e-02	9.459612274170e+01	9.845105523709e-06
338	3.380000000000e+02	9.999179218376e-01	6.767230016338e-03	1.087907100217e-02	9.493376159668e+01	1.004588284559e-05
339	3.390000000000e+02	9.998827070090e-01	9.646708019415e-03	1.189593412349e-02	9.469302368164e+01	1.026803056448e-05
340	3.400000000000e+02	9.999305200077e-01	6.442239615894e-03	9.871813710677e-03	9.497060394287e+01	1.044787222781e-05
341	3.410000000000e+02	9.999314029254e-01	6.423053381681e-03	9.794581612020e-03	9.486727905273e+01	1.061323837348e-05
342	3.420000000000e+02	9.998937288781e-01	9.218502227223e-03	1.129381100271e-02	9.477188873291e+01	1.079785670299e-05
343	3.430000000000e+02	9.998963991115e-01	9.108380247959e-03	1.114578185387e-02	9.483171081543e+01	1.096538289858e-05
344	3.440000000000e+02	9.999316162860e-01	7.617270501746e-03	8.873552942267e-03	9.478504943848e+01	1.111653364205e-05
345	3.450000000000e+02	9.999087425361e-01	8.609130863973e-03	1.041102615990e-02	9.478693389893e+01	1.124626578530e-05
346	3.460000000000e+02	9.999184270782e-01	8.219761813428e-03	9.776231646240e-03	9.474403381348e+01	1.137938761531e-05
347	3.470000000000e+02	9.999287164273e-01	9.418861474670e-03	7.338059185026e-03	9.469289398193e+01	1.151351352746e-05
348	3.480000000000e+02	9.999303653123e-01	7.865333582318e-03	8.797786886344e-03	9.471286010742e+01	1.161724685517e-05
349	3.490000000000e+02	9.999310177771e-01	9.800361809625e-03	6.473993795306e-03	9.466940307617e+01	1.176423938887e-05
350	3.500000000000e+02	9.999281716308e-01	9.548677395598e-03	7.243917382400e-03	9.468403625488e+01	1.185703513329e-05
351	3.510000000000e+02	9.999327351349e-01	9.235789865127e-03	7.016080900579e-03	9.474735260010e+01	1.193556272483e-05
352	3.520000000000e+02	9.999317459992e-01	1.071640651147e-02	4.654242631552e-03	9.474808502197e+01	1.198965765070e-05
353	3.530000000000e+02	9.999387791152e-01	9.665726306321e-03	5.386256271368e-03	9.476027679443e+01	1.203310966957e-05
354	3.540000000000e+02	9.999298992568e-01	1.141868560138e-02	3.132122512291e-03	9.484997558594e+01	1.207913282997e-05
355	3.550000000000e+02	9.999381398017e-01	1.045002904873e-02	3.809653907282e-03	9.477193450928e+01	1.212162169395e-05
356	3.560000000000e+02	9.999302459856e-01	1.162004761782e-02	2.116047394775e-03	9.489572906494e+01	1.210973641719e-05
357	3.570000000000e+02	9.999142905930e-01	1.284100076395e-02	2.553461825685e-03	9.466340637207e+01	1.211670405610e-05
358	3.580000000000e+02	9.999395325496e-01	1.076429632679e-02	2.249704213374e-03	9.481880187988e+01	1.207250534208e-05
359	3.590000000000e+02	9.999391057925e-01	1.093763176320e-02	1.467282640251e-03	9.500762176514e+01	1.201621125801e-05
360	3.600000000000e+02	9.999239097926e-01	1.229069019321e-02	1.055253329221e-03	9.477259063721e+01	1.198658901558e-05
