# Filename: 144824_polarimeter_vs_wheel.dat
# Timestamp: Thu Apr 18 14:48:24 2019

# Column 1:
#	name: measurement point
#	size: 0
#	type: coordinate
# Column 2:
#	name: angle
#	type: value
# Column 3:
#	name: S1
#	type: value
# Column 4:
#	name: S2
#	type: value
# Column 5:
#	name: S3
#	type: value
# Column 6:
#	name: DOP
#	type: value
# Column 7:
#	name: power
#	type: value

0	0.000000000000e+00	-2.728889953097e-02	9.974637877289e-01	6.573665744362e-02	9.962303161621e+01	3.494380507618e-06
1	1.000000000000e+00	-2.754474807825e-02	9.974484868581e-01	6.586199904129e-02	9.962761688232e+01	3.398210310479e-06
2	2.000000000000e+00	-2.749510298027e-02	9.974509087123e-01	6.584606306513e-02	9.961996459961e+01	3.301171545900e-06
3	3.000000000000e+00	-2.753578007208e-02	9.974414118520e-01	6.597280302157e-02	9.962728118896e+01	3.216588083887e-06
4	4.000000000000e+00	-2.729930494183e-02	9.974700206948e-01	6.563768555346e-02	9.963114166260e+01	3.147143843307e-06
5	5.000000000000e+00	-2.709611206678e-02	9.975009142505e-01	6.525125884038e-02	9.962447357178e+01	3.087253844569e-06
6	6.000000000000e+00	-2.725228493907e-02	9.975101817017e-01	6.504421855250e-02	9.964176940918e+01	3.042727257707e-06
7	7.000000000000e+00	-2.738429827985e-02	9.975350367193e-01	6.460611987337e-02	9.963297271729e+01	3.006551878570e-06
8	8.000000000000e+00	-2.735580435643e-02	9.975527145450e-01	6.434470974266e-02	9.962078094482e+01	2.984803359141e-06
9	9.000000000000e+00	-2.717819290180e-02	9.975619196236e-01	6.427723039642e-02	9.962162017822e+01	2.978730890391e-06
10	1.000000000000e+01	-2.716346545697e-02	9.975873578301e-01	6.388747640884e-02	9.962629699707e+01	2.990419034177e-06
11	1.100000000000e+01	-2.706431673971e-02	9.976077223089e-01	6.361096720662e-02	9.961458587646e+01	3.010145974258e-06
12	1.200000000000e+01	-2.683678143652e-02	9.976244769315e-01	6.344438658536e-02	9.962090301514e+01	3.041543777726e-06
13	1.300000000000e+01	-2.699609209875e-02	9.976312527230e-01	6.327001344795e-02	9.961283874512e+01	3.087624918408e-06
14	1.400000000000e+01	-2.738551202107e-02	9.976131485573e-01	6.338800799031e-02	9.961795806885e+01	3.146973540424e-06
15	1.500000000000e+01	-2.734462571237e-02	9.976250110125e-01	6.321873810040e-02	9.960971832275e+01	3.219766540496e-06
16	1.600000000000e+01	-2.728765326671e-02	9.976369038969e-01	6.305546734582e-02	9.960630798340e+01	3.310891315778e-06
17	1.700000000000e+01	-2.714850458869e-02	9.976433281194e-01	6.301387591208e-02	9.960599517822e+01	3.408360953472e-06
18	1.800000000000e+01	-2.731351408306e-02	9.976443128581e-01	6.292691769226e-02	9.960256195068e+01	3.516320020935e-06
19	1.900000000000e+01	-2.756119942971e-02	9.976398292775e-01	6.288999383922e-02	9.959681701660e+01	3.642543561000e-06
20	2.000000000000e+01	-2.784949443034e-02	9.976422498373e-01	6.272437324891e-02	9.959169769287e+01	3.778327027248e-06
21	2.100000000000e+01	-2.819394263175e-02	9.976414565787e-01	6.258295066884e-02	9.959232330322e+01	3.928535534214e-06
22	2.200000000000e+01	-2.827215586089e-02	9.976615778166e-01	6.222588971959e-02	9.958728790283e+01	4.084618467459e-06
23	2.300000000000e+01	-2.830792976626e-02	9.976619096442e-01	6.220430176025e-02	9.959632873535e+01	4.250856818544e-06
24	2.400000000000e+01	-2.832402311072e-02	9.976761683270e-01	6.196783736145e-02	9.959009552002e+01	4.428983174876e-06
25	2.500000000000e+01	-2.805067090119e-02	9.976762599643e-01	6.209058032916e-02	9.957310485840e+01	4.609495135810e-06
26	2.600000000000e+01	-2.820613409436e-02	9.976588534708e-01	6.229948708201e-02	9.958135223389e+01	4.801292107004e-06
27	2.700000000000e+01	-2.822904151054e-02	9.976367586932e-01	6.264199006646e-02	9.958802795410e+01	4.994520168111e-06
28	2.800000000000e+01	-2.824278486713e-02	9.976244195845e-01	6.283201852345e-02	9.958343505859e+01	5.188989234739e-06
29	2.900000000000e+01	-2.819715338578e-02	9.976186435107e-01	6.294412332285e-02	9.958123779297e+01	5.386100383475e-06
30	3.000000000000e+01	-2.824412260807e-02	9.976153195291e-01	6.297573960661e-02	9.958231353760e+01	5.581163804891e-06
31	3.100000000000e+01	-2.849679638655e-02	9.975992469567e-01	6.311636132628e-02	9.957743835449e+01	5.785085249954e-06
32	3.200000000000e+01	-2.883439503084e-02	9.976099524195e-01	6.279299719582e-02	9.957293701172e+01	5.983957180433e-06
33	3.300000000000e+01	-2.895453187590e-02	9.975990312359e-01	6.291111158598e-02	9.957902526855e+01	6.178549938340e-06
34	3.400000000000e+01	-2.935952793689e-02	9.976089095241e-01	6.256581940139e-02	9.958185577393e+01	6.372426014423e-06
35	3.500000000000e+01	-2.935483889015e-02	9.975941436105e-01	6.280301002117e-02	9.957844543457e+01	6.571471203642e-06
36	3.600000000000e+01	-2.930968116249e-02	9.975821383988e-01	6.301444070912e-02	9.957823181152e+01	6.767209015379e-06
37	3.700000000000e+01	-2.929633169671e-02	9.975667049431e-01	6.326447769522e-02	9.957470703125e+01	6.950125680305e-06
38	3.800000000000e+01	-2.933018429212e-02	9.975605052783e-01	6.334649633800e-02	9.957627868652e+01	7.125936917873e-06
39	3.900000000000e+01	-2.932033070184e-02	9.975554568051e-01	6.343050374887e-02	9.957449340820e+01	7.313763489947e-06
40	4.000000000000e+01	-2.930699816072e-02	9.975632202099e-01	6.331446551335e-02	9.957725524902e+01	7.483585250156e-06
41	4.100000000000e+01	-2.952491640091e-02	9.975592247728e-01	6.327615966777e-02	9.957682037354e+01	7.641609954590e-06
42	4.200000000000e+01	-2.982185860639e-02	9.975480090642e-01	6.331371384924e-02	9.957683563232e+01	7.789652954671e-06
43	4.300000000000e+01	-2.925729091428e-02	9.975909413682e-01	6.289932136663e-02	9.956543731689e+01	7.931599611766e-06
44	4.400000000000e+01	-2.924099485904e-02	9.976019568323e-01	6.273196907560e-02	9.956710815430e+01	8.055583748501e-06
45	4.500000000000e+01	-2.931688960596e-02	9.976102733667e-01	6.256406681978e-02	9.956629943848e+01	8.170122782758e-06
46	4.600000000000e+01	-2.929499985857e-02	9.976028439657e-01	6.269265263871e-02	9.956456756592e+01	8.282714588859e-06
47	4.700000000000e+01	-2.942603655563e-02	9.976144724188e-01	6.244575880907e-02	9.956175231934e+01	8.369135684916e-06
48	4.800000000000e+01	-2.944427613536e-02	9.976243155188e-01	6.227968921300e-02	9.955855560303e+01	8.443199476460e-06
49	4.900000000000e+01	-2.987459446648e-02	9.976130854106e-01	6.225464177952e-02	9.956228637695e+01	8.506673111697e-06
50	5.000000000000e+01	-3.003108012688e-02	9.976260629893e-01	6.197074044240e-02	9.956298828125e+01	8.551091013942e-06
51	5.100000000000e+01	-3.007045966100e-02	9.976224029094e-01	6.201055288449e-02	9.955901336670e+01	8.586924195697e-06
52	5.200000000000e+01	-3.052599838328e-02	9.975790840209e-01	6.248307408190e-02	9.956717681885e+01	8.622835593997e-06
53	5.300000000000e+01	-3.030233009986e-02	9.975649333541e-01	6.281697646919e-02	9.956584930420e+01	8.642042303109e-06
54	5.400000000000e+01	-2.980404707337e-02	9.975659358245e-01	6.303905504276e-02	9.956098175049e+01	8.655043529870e-06
55	5.500000000000e+01	-2.982485953291e-02	9.975594453798e-01	6.313185160778e-02	9.955972290039e+01	8.628225259599e-06
56	5.600000000000e+01	-2.999403547372e-02	9.975570316424e-01	6.308982847367e-02	9.956582641602e+01	8.621120286989e-06
57	5.700000000000e+01	-3.004579199551e-02	9.975671147011e-01	6.290550095434e-02	9.957096099854e+01	8.574193998356e-06
58	5.800000000000e+01	-3.004128287110e-02	9.975630760294e-01	6.297166558226e-02	9.957163238525e+01	8.488907951687e-06
59	5.900000000000e+01	-3.036616803774e-02	9.975655494560e-01	6.277635205368e-02	9.957213592529e+01	8.403181709582e-06
60	6.000000000000e+01	-3.049064833107e-02	9.975752995651e-01	6.256070701231e-02	9.956366729736e+01	8.296749001602e-06
61	6.100000000000e+01	-3.044930384496e-02	9.975929137513e-01	6.229942478541e-02	9.956144714355e+01	8.188189895009e-06
62	6.200000000000e+01	-3.064530229873e-02	9.975457060491e-01	6.295577646198e-02	9.957167053223e+01	7.908099178167e-06
63	6.300000000000e+01	-3.042729907138e-02	9.975515123200e-01	6.296951436409e-02	9.957151031494e+01	7.761692359054e-06
64	6.400000000000e+01	-3.066852713813e-02	9.975529702940e-01	6.282923603520e-02	9.957191467285e+01	7.607623956574e-06
65	6.500000000000e+01	-3.089985911960e-02	9.975352787535e-01	6.299655822842e-02	9.957343292236e+01	7.449214990629e-06
66	6.600000000000e+01	-3.095254710288e-02	9.975621752214e-01	6.254315626362e-02	9.957367706299e+01	7.246829227370e-06
67	6.700000000000e+01	-3.110430103722e-02	9.975635975198e-01	6.244510677737e-02	9.956833648682e+01	7.061512405926e-06
68	6.800000000000e+01	-3.129271806967e-02	9.975426491909e-01	6.268515646536e-02	9.956819152832e+01	6.844411473139e-06
69	6.900000000000e+01	-3.121638737750e-02	9.975550462186e-01	6.252573008701e-02	9.957132720947e+01	6.648806447629e-06
70	7.000000000000e+01	-3.096054852078e-02	9.975800766349e-01	6.225299299170e-02	9.956610870361e+01	6.448432941397e-06
71	7.100000000000e+01	-3.098596254513e-02	9.975849344335e-01	6.216243814708e-02	9.956801605225e+01	6.228701749933e-06
72	7.200000000000e+01	-3.108817077465e-02	9.975793233966e-01	6.220144025287e-02	9.956832885742e+01	6.021542048984e-06
73	7.300000000000e+01	-3.065855963508e-02	9.976093536808e-01	6.193246458620e-02	9.956481170654e+01	5.813370080432e-06
74	7.400000000000e+01	-3.082859495082e-02	9.975955380274e-01	6.207044579556e-02	9.956893157959e+01	5.598009011010e-06
75	7.500000000000e+01	-3.070218711019e-02	9.975882339053e-01	6.225023116788e-02	9.956486511230e+01	5.383829829952e-06
76	7.600000000000e+01	-3.120291632162e-02	9.975749629162e-01	6.221391625516e-02	9.957029724121e+01	5.157757186680e-06
77	7.700000000000e+01	-3.127702798896e-02	9.975511106062e-01	6.255820688318e-02	9.957233428955e+01	4.958974841429e-06
78	7.800000000000e+01	-3.148537522762e-02	9.975551193284e-01	6.238954278083e-02	9.957750701904e+01	4.730437012768e-06
79	7.900000000000e+01	-3.126483930942e-02	9.975567527427e-01	6.247427374885e-02	9.957231903076e+01	4.535020707408e-06
80	8.000000000000e+01	-3.113486971404e-02	9.975418874888e-01	6.277581216604e-02	9.958126831055e+01	4.352049018053e-06
81	8.100000000000e+01	-3.096149513918e-02	9.975420326159e-01	6.285919967033e-02	9.958409118652e+01	4.167439783487e-06
82	8.200000000000e+01	-3.100182216601e-02	9.975433352919e-01	6.281863765755e-02	9.959123992920e+01	3.992719484813e-06
83	8.300000000000e+01	-3.118966395025e-02	9.975381008901e-01	6.280877434911e-02	9.957915496826e+01	3.812692284555e-06
84	8.400000000000e+01	-3.155261348935e-02	9.975327704279e-01	6.271207622490e-02	9.959281921387e+01	3.652908389995e-06
85	8.500000000000e+01	-3.137194557681e-02	9.975589955901e-01	6.238470443876e-02	9.960002899170e+01	3.509476755426e-06
86	8.600000000000e+01	-3.135161628965e-02	9.975679105521e-01	6.225222881794e-02	9.959318542480e+01	3.370597823960e-06
87	8.700000000000e+01	-3.132318165095e-02	9.975812493969e-01	6.205247088531e-02	9.959503936768e+01	3.229381945857e-06
88	8.800000000000e+01	-3.114913680903e-02	9.976027957119e-01	6.179314900413e-02	9.959028625488e+01	3.111447767878e-06
89	8.900000000000e+01	-3.119055721605e-02	9.976134507591e-01	6.159993510548e-02	9.959077453613e+01	2.999411435667e-06
90	9.000000000000e+01	-3.082337928256e-02	9.976419050794e-01	6.132331138416e-02	9.959559631348e+01	2.902526148318e-06
91	9.100000000000e+01	-3.108669672681e-02	9.976386961068e-01	6.124254499049e-02	9.960810089111e+01	2.822464693963e-06
92	9.200000000000e+01	-3.108070891953e-02	9.976556394788e-01	6.096896381873e-02	9.959205627441e+01	2.754945626293e-06
93	9.300000000000e+01	-3.080036527015e-02	9.976889581323e-01	6.056467881557e-02	9.959822082520e+01	2.697544687180e-06
94	9.400000000000e+01	-3.066377857904e-02	9.977056153883e-01	6.035923877772e-02	9.959940338135e+01	2.659498022695e-06
95	9.500000000000e+01	-3.026454523974e-02	9.977306595697e-01	6.014639021667e-02	9.960286712646e+01	2.628634547364e-06
96	9.600000000000e+01	-3.008167814325e-02	9.977387111175e-01	6.010455039049e-02	9.959082794189e+01	2.619470024001e-06
97	9.700000000000e+01	-2.987977253276e-02	9.977637952912e-01	5.978802555348e-02	9.959587097168e+01	2.628093398016e-06
98	9.800000000000e+01	-2.954021777408e-02	9.977572197784e-01	6.006584648426e-02	9.959620666504e+01	2.650857368280e-06
99	9.900000000000e+01	-2.930462417734e-02	9.977449313502e-01	6.038452588846e-02	9.960551452637e+01	2.687154392333e-06
100	1.000000000000e+02	-2.941819862879e-02	9.977093843383e-01	6.091431681223e-02	9.960502624512e+01	2.737392378549e-06
101	1.010000000000e+02	-2.911677159491e-02	9.977097263762e-01	6.105338243089e-02	9.960134887695e+01	2.799640924422e-06
102	1.020000000000e+02	-2.915441793895e-02	9.976875521700e-01	6.139680903493e-02	9.960661315918e+01	2.874382289519e-06
103	1.030000000000e+02	-2.902278689897e-02	9.976876345145e-01	6.145780485467e-02	9.959677886963e+01	2.959389348689e-06
104	1.040000000000e+02	-2.902826604624e-02	9.976977257281e-01	6.129117267083e-02	9.959164428711e+01	3.057848971366e-06
105	1.050000000000e+02	-2.877232120869e-02	9.977026437099e-01	6.133178838493e-02	9.959157562256e+01	3.167239356117e-06
106	1.060000000000e+02	-2.880348827236e-02	9.976952954045e-01	6.143660627902e-02	9.958768463135e+01	3.288962261649e-06
107	1.070000000000e+02	-2.870659062026e-02	9.976778992026e-01	6.176359038876e-02	9.958869171143e+01	3.422326017244e-06
108	1.080000000000e+02	-2.874085024835e-02	9.976763792935e-01	6.177220836919e-02	9.959095764160e+01	3.564727649064e-06
109	1.090000000000e+02	-2.899969122719e-02	9.976615582822e-01	6.189049228068e-02	9.958576965332e+01	3.720786480699e-06
110	1.100000000000e+02	-2.932417887366e-02	9.976366223530e-01	6.213905594252e-02	9.959200286865e+01	3.886791546392e-06
111	1.110000000000e+02	-2.921203825230e-02	9.976392065147e-01	6.215038572547e-02	9.959375762939e+01	4.060070295964e-06
112	1.120000000000e+02	-2.904043841888e-02	9.976408403133e-01	6.220455510123e-02	9.958371734619e+01	4.242293016432e-06
113	1.130000000000e+02	-2.874912876605e-02	9.976314576100e-01	6.248969820857e-02	9.958457946777e+01	4.427871772350e-06
114	1.140000000000e+02	-2.839808822017e-02	9.976437757041e-01	6.245354580977e-02	9.957984924316e+01	4.618557341018e-06
115	1.150000000000e+02	-2.806500198585e-02	9.976516365121e-01	6.247853894155e-02	9.957126617432e+01	4.811067356059e-06
116	1.160000000000e+02	-2.793728729087e-02	9.976296932599e-01	6.288484002497e-02	9.957524871826e+01	5.006643277738e-06
117	1.170000000000e+02	-2.817960428075e-02	9.976139334209e-01	6.302657968763e-02	9.957417297363e+01	5.206239166000e-06
118	1.180000000000e+02	-2.862093193176e-02	9.975794155995e-01	6.337311596759e-02	9.956721496582e+01	5.406111540651e-06
119	1.190000000000e+02	-2.885697998655e-02	9.975772028909e-01	6.330086080264e-02	9.957089233398e+01	5.606011654891e-06
120	1.200000000000e+02	-2.928554726892e-02	9.975571164778e-01	6.342047055757e-02	9.957752990723e+01	5.803965450468e-06
121	1.210000000000e+02	-2.929058189269e-02	9.975565248231e-01	6.342745143348e-02	9.957398223877e+01	6.000727353239e-06
122	1.220000000000e+02	-2.918208463042e-02	9.975560911400e-01	6.348425762484e-02	9.957469940186e+01	6.194749403221e-06
123	1.230000000000e+02	-2.861409073299e-02	9.975819237994e-01	6.333671226313e-02	9.957244873047e+01	6.397631295840e-06
124	1.240000000000e+02	-2.811539994760e-02	9.976142394340e-01	6.305040494950e-02	9.956581878662e+01	6.590631073777e-06
125	1.250000000000e+02	-2.792218871843e-02	9.976269917169e-01	6.293438468075e-02	9.955450439453e+01	6.778151146136e-06
126	1.260000000000e+02	-2.801017637400e-02	9.976072359819e-01	6.320785343602e-02	9.956018829346e+01	6.957163350307e-06
127	1.270000000000e+02	-2.840823051676e-02	9.975890829848e-01	6.331661668448e-02	9.955344390869e+01	7.122314400476e-06
128	1.280000000000e+02	-2.868939541737e-02	9.975515629443e-01	6.377929019688e-02	9.955609893799e+01	7.292366717593e-06
129	1.290000000000e+02	-2.911944788156e-02	9.975098933177e-01	6.423449609350e-02	9.956501007080e+01	7.451942565240e-06
130	1.300000000000e+02	-2.947429721537e-02	9.974839025005e-01	6.447580985150e-02	9.957036590576e+01	7.603321591887e-06
131	1.310000000000e+02	-2.928387422323e-02	9.974820142926e-01	6.459168579113e-02	9.957070922852e+01	7.753822501400e-06
132	1.320000000000e+02	-2.922494281441e-02	9.975033252803e-01	6.428855864197e-02	9.956526184082e+01	7.880385965109e-06
133	1.330000000000e+02	-2.907277841977e-02	9.975233130060e-01	6.404696374088e-02	9.956458282471e+01	7.994150109880e-06
134	1.340000000000e+02	-2.911377405597e-02	9.975250169373e-01	6.400178704155e-02	9.956437683105e+01	8.098154467007e-06
135	1.350000000000e+02	-2.923285594784e-02	9.975283853524e-01	6.389491802458e-02	9.956597900391e+01	8.192934728868e-06
136	1.360000000000e+02	-2.907291754141e-02	9.975372093197e-01	6.383009860842e-02	9.956079864502e+01	8.274108949990e-06
137	1.370000000000e+02	-2.916442452821e-02	9.975340986469e-01	6.383696717870e-02	9.955873870850e+01	8.337655344803e-06
138	1.380000000000e+02	-2.933747851032e-02	9.975101713914e-01	6.413088433341e-02	9.956224822998e+01	8.390376024181e-06
139	1.390000000000e+02	-2.957438748283e-02	9.975013965826e-01	6.415854908571e-02	9.955953979492e+01	8.431477908744e-06
140	1.400000000000e+02	-2.949835982483e-02	9.975064011257e-01	6.411572725068e-02	9.955880737305e+01	8.459880518785e-06
141	1.410000000000e+02	-2.950813587582e-02	9.974773529290e-01	6.456160090138e-02	9.955745697021e+01	8.471082765027e-06
142	1.420000000000e+02	-2.919639715105e-02	9.974954827505e-01	6.442307261915e-02	9.955851745605e+01	8.543378498871e-06
143	1.430000000000e+02	-2.946167663192e-02	9.974661908652e-01	6.475498197674e-02	9.955744171143e+01	8.507381608069e-06
144	1.440000000000e+02	-2.969198415492e-02	9.974369419637e-01	6.509940770098e-02	9.956289672852e+01	8.453823284071e-06
145	1.450000000000e+02	-2.930346481073e-02	9.974429506422e-01	6.518333501988e-02	9.956918334961e+01	8.388349669985e-06
146	1.460000000000e+02	-2.942604173356e-02	9.974343791943e-01	6.525923129490e-02	9.957019042969e+01	8.308283213410e-06
147	1.470000000000e+02	-2.927149812743e-02	9.974498638776e-01	6.509184624714e-02	9.956855010986e+01	8.205193807953e-06
148	1.480000000000e+02	-2.885576097110e-02	9.974845114197e-01	6.474561403389e-02	9.956330108643e+01	8.091341442196e-06
149	1.490000000000e+02	-2.879055177851e-02	9.974912444492e-01	6.467086960469e-02	9.956114196777e+01	7.962769814185e-06
150	1.500000000000e+02	-2.879194177912e-02	9.974841348589e-01	6.477981779406e-02	9.956106567383e+01	7.823631676729e-06
151	1.510000000000e+02	-2.887567523468e-02	9.974652491924e-01	6.503285349135e-02	9.956167602539e+01	7.679112968617e-06
152	1.520000000000e+02	-2.904949073395e-02	9.974449235789e-01	6.526677190431e-02	9.956075286865e+01	7.515207016695e-06
153	1.530000000000e+02	-2.917905714956e-02	9.974298799694e-01	6.543865194219e-02	9.956124877930e+01	7.346679012699e-06
154	1.540000000000e+02	-2.945826406497e-02	9.974136608513e-01	6.556065760471e-02	9.956610107422e+01	7.168060164986e-06
155	1.550000000000e+02	-2.971283362299e-02	9.974183787470e-01	6.537373521322e-02	9.956648254395e+01	6.984249921516e-06
156	1.560000000000e+02	-2.969433072381e-02	9.974130624958e-01	6.546319183861e-02	9.956750488281e+01	6.802834377595e-06
157	1.570000000000e+02	-2.931502144595e-02	9.974381394581e-01	6.525172390034e-02	9.957050323486e+01	6.618762199651e-06
158	1.580000000000e+02	-2.910949073940e-02	9.974374672119e-01	6.535393293987e-02	9.956985473633e+01	6.424612820410e-06
159	1.590000000000e+02	-2.855695208115e-02	9.974575162870e-01	6.529168163323e-02	9.956510162354e+01	6.226974619494e-06
160	1.600000000000e+02	-2.862159012999e-02	9.974540944860e-01	6.531564874856e-02	9.956297302246e+01	6.022653451510e-06
161	1.610000000000e+02	-2.887304154729e-02	9.974385577674e-01	6.544211908732e-02	9.956350708008e+01	5.820709702675e-06
162	1.620000000000e+02	-2.899966737498e-02	9.974320843816e-01	6.548477944065e-02	9.956879425049e+01	5.623223387374e-06
163	1.630000000000e+02	-2.911235215163e-02	9.974216441620e-01	6.559370937336e-02	9.957197570801e+01	5.428999884316e-06
164	1.640000000000e+02	-2.933831573106e-02	9.974075664443e-01	6.570699833156e-02	9.956778717041e+01	5.223771950114e-06
165	1.650000000000e+02	-2.928554170657e-02	9.974075056653e-01	6.573145890262e-02	9.957268524170e+01	5.023452104069e-06
166	1.660000000000e+02	-2.917578270252e-02	9.974088261486e-01	6.576022524765e-02	9.957566070557e+01	4.829790668737e-06
167	1.670000000000e+02	-2.899118324780e-02	9.974191656830e-01	6.568499997744e-02	9.957710266113e+01	4.650288701669e-06
168	1.680000000000e+02	-2.858668319037e-02	9.974327602676e-01	6.565584733401e-02	9.957627105713e+01	4.471988631849e-06
169	1.690000000000e+02	-2.832256842090e-02	9.974329648741e-01	6.576710956403e-02	9.957688140869e+01	4.301970875531e-06
170	1.700000000000e+02	-2.823270910286e-02	9.974375414686e-01	6.573632942071e-02	9.958332824707e+01	4.137513769820e-06
171	1.710000000000e+02	-2.779342332676e-02	9.974573450682e-01	6.562294102838e-02	9.957778930664e+01	3.970402303821e-06
172	1.720000000000e+02	-2.749339215367e-02	9.974659971424e-01	6.561781718837e-02	9.958339691162e+01	3.821475274890e-06
173	1.730000000000e+02	-2.726528168688e-02	9.974799072927e-01	6.550144244085e-02	9.958148193359e+01	3.675227617350e-06
174	1.740000000000e+02	-2.764600803238e-02	9.974619700733e-01	6.561491063331e-02	9.958478546143e+01	3.539421186360e-06
175	1.750000000000e+02	-2.750252228648e-02	9.974596728360e-01	6.571006265242e-02	9.958873748779e+01	3.406842097320e-06
176	1.760000000000e+02	-2.762661453433e-02	9.974288508056e-01	6.612456238014e-02	9.958791351318e+01	3.291849679954e-06
177	1.770000000000e+02	-2.758627068273e-02	9.974359362679e-01	6.603446608501e-02	9.958377838135e+01	3.187821221218e-06
178	1.780000000000e+02	-2.768585654239e-02	9.974322225137e-01	6.604888219277e-02	9.959121704102e+01	3.094846306340e-06
179	1.790000000000e+02	-2.774343217554e-02	9.974377866635e-01	6.594060741986e-02	9.960584259033e+01	3.012424940607e-06
180	1.800000000000e+02	-2.779678863352e-02	9.974397820307e-01	6.588793337408e-02	9.959574127197e+01	2.943311756098e-06
181	1.810000000000e+02	-2.795402755516e-02	9.974537797006e-01	6.560891482367e-02	9.960478973389e+01	2.883630941142e-06
182	1.820000000000e+02	-2.779920194535e-02	9.974834511423e-01	6.522245831370e-02	9.960111999512e+01	2.835710347426e-06
183	1.830000000000e+02	-2.751508980254e-02	9.975297825356e-01	6.463167015899e-02	9.959225463867e+01	2.800994707286e-06
184	1.840000000000e+02	-2.727859743197e-02	9.975682653944e-01	6.413605850128e-02	9.959984588623e+01	2.782889396258e-06
185	1.850000000000e+02	-2.732711913000e-02	9.975731501816e-01	6.403935193926e-02	9.958602905273e+01	2.777930831144e-06
186	1.860000000000e+02	-2.717253184525e-02	9.975981023102e-01	6.371561645519e-02	9.958587646484e+01	2.779918304441e-06
187	1.870000000000e+02	-2.680475979244e-02	9.976151902793e-01	6.360374970487e-02	9.958589935303e+01	2.797298748192e-06
188	1.880000000000e+02	-2.667632493315e-02	9.976244323277e-01	6.351272085881e-02	9.959075164795e+01	2.829183131325e-06
189	1.890000000000e+02	-2.672973836807e-02	9.976283787223e-01	6.342821970340e-02	9.958689117432e+01	2.883079787352e-06
190	1.900000000000e+02	-2.683591204985e-02	9.976316932502e-01	6.333118068669e-02	9.959298706055e+01	2.950931047963e-06
191	1.910000000000e+02	-2.684231810964e-02	9.976573271752e-01	6.292334616148e-02	9.959370422363e+01	3.023322278750e-06
192	1.920000000000e+02	-2.689111730989e-02	9.976724696756e-01	6.266187885188e-02	9.958525085449e+01	3.107162683591e-06
193	1.930000000000e+02	-2.712584095706e-02	9.976654438663e-01	6.267256870038e-02	9.958581542969e+01	3.207730742361e-06
194	1.940000000000e+02	-2.722611970628e-02	9.976570801200e-01	6.276216130867e-02	9.957892608643e+01	3.319746156194e-06
195	1.950000000000e+02	-2.756702825244e-02	9.976438890301e-01	6.282300242914e-02	9.957666778564e+01	3.444993353696e-06
196	1.960000000000e+02	-2.773862145987e-02	9.976519929441e-01	6.261844659630e-02	9.957710266113e+01	3.578180894692e-06
197	1.970000000000e+02	-2.768136986059e-02	9.976537567189e-01	6.261568068272e-02	9.958005523682e+01	3.729318677870e-06
198	1.980000000000e+02	-2.795293753296e-02	9.976520807691e-01	6.252166840631e-02	9.957004547119e+01	3.883022145601e-06
199	1.990000000000e+02	-2.807128543784e-02	9.976528725346e-01	6.245597535321e-02	9.957943725586e+01	4.053054453834e-06
200	2.000000000000e+02	-2.811657257393e-02	9.976464126472e-01	6.253873742560e-02	9.957978820801e+01	4.231190359860e-06
201	2.010000000000e+02	-2.815280114853e-02	9.976346208190e-01	6.271031120041e-02	9.958074951172e+01	4.406941570778e-06
202	2.020000000000e+02	-2.800924413710e-02	9.976403246707e-01	6.268384826854e-02	9.957873535156e+01	4.592957793648e-06
203	2.030000000000e+02	-2.800877976487e-02	9.976427261696e-01	6.264582330058e-02	9.957605743408e+01	4.773905402544e-06
204	2.040000000000e+02	-2.803830462748e-02	9.976430886863e-01	6.262683985364e-02	9.957511138916e+01	4.963220362697e-06
205	2.050000000000e+02	-2.800689660842e-02	9.976419470490e-01	6.265907141573e-02	9.957442474365e+01	5.155247890798e-06
206	2.060000000000e+02	-2.812649240121e-02	9.976445881332e-01	6.256337741558e-02	9.957038879395e+01	5.353084816306e-06
207	2.070000000000e+02	-2.848426188997e-02	9.976258711488e-01	6.269982487440e-02	9.957416534424e+01	5.555898042076e-06
208	2.080000000000e+02	-2.870965530048e-02	9.976180678610e-01	6.272117959516e-02	9.957411193848e+01	5.753658570029e-06
209	2.090000000000e+02	-2.883355249725e-02	9.976130013488e-01	6.274492640962e-02	9.957524871826e+01	5.961265287624e-06
210	2.100000000000e+02	-2.876841835157e-02	9.976180212069e-01	6.269499077960e-02	9.957762145996e+01	6.164861588331e-06
211	2.110000000000e+02	-2.878103666751e-02	9.976176029641e-01	6.269585460420e-02	9.957549285889e+01	6.358401606121e-06
212	2.120000000000e+02	-2.869805529351e-02	9.976307761645e-01	6.252404394975e-02	9.957034301758e+01	6.544899861183e-06
213	2.130000000000e+02	-2.882722012066e-02	9.976239088177e-01	6.257417946221e-02	9.956593322754e+01	6.723665592290e-06
214	2.140000000000e+02	-2.898033405633e-02	9.976130990004e-01	6.267571252780e-02	9.956796264648e+01	6.902699169586e-06
215	2.150000000000e+02	-2.902921043746e-02	9.976113758070e-01	6.268052171043e-02	9.956820678711e+01	7.078598173393e-06
216	2.160000000000e+02	-2.925859749056e-02	9.976082918252e-01	6.262292355450e-02	9.956977081299e+01	7.242164429044e-06
217	2.170000000000e+02	-2.913843679942e-02	9.976274981182e-01	6.237248190804e-02	9.956136322021e+01	7.396386990877e-06
218	2.180000000000e+02	-2.909798653840e-02	9.976309646012e-01	6.233590978096e-02	9.956165313721e+01	7.556039690826e-06
219	2.190000000000e+02	-2.916364234938e-02	9.976528717075e-01	6.195344654470e-02	9.956580352783e+01	7.683521289437e-06
220	2.200000000000e+02	-2.908224161275e-02	9.976700871496e-01	6.171402133724e-02	9.956290435791e+01	7.813692718628e-06
221	2.210000000000e+02	-2.855740298065e-02	9.976729584266e-01	6.191237969293e-02	9.955414581299e+01	7.931514119264e-06
222	2.220000000000e+02	-2.890881716220e-02	9.976547831348e-01	6.204203396538e-02	9.955878448486e+01	8.059342690103e-06
223	2.230000000000e+02	-2.924686078381e-02	9.976342484515e-01	6.221356323925e-02	9.955890655518e+01	8.142598744598e-06
224	2.240000000000e+02	-2.913140621541e-02	9.976417075871e-01	6.214808488310e-02	9.955829620361e+01	8.222538781411e-06
225	2.250000000000e+02	-2.913623438611e-02	9.976431356702e-01	6.212289188348e-02	9.956344604492e+01	8.285070180136e-06
226	2.260000000000e+02	-2.928473343910e-02	9.976335606221e-01	6.220677702601e-02	9.956037139893e+01	8.334711310454e-06
227	2.270000000000e+02	-2.928678766725e-02	9.976401290877e-01	6.210037763123e-02	9.955452728271e+01	8.402288585785e-06
228	2.280000000000e+02	-2.935297116444e-02	9.975984450813e-01	6.273551988453e-02	9.955659484863e+01	8.404662366956e-06
229	2.290000000000e+02	-2.961033507129e-02	9.975927667542e-01	6.270486246475e-02	9.956623840332e+01	8.391406481678e-06
230	2.300000000000e+02	-2.958517683330e-02	9.975872771917e-01	6.280399427616e-02	9.956094360352e+01	8.344765774382e-06
231	2.310000000000e+02	-2.966253957233e-02	9.975777814853e-01	6.291822973459e-02	9.956449127197e+01	8.305256415042e-06
232	2.320000000000e+02	-2.981251302426e-02	9.975778430367e-01	6.284632964189e-02	9.956216430664e+01	8.253568012151e-06
233	2.330000000000e+02	-2.975484371325e-02	9.975923118538e-01	6.264366373217e-02	9.955863189697e+01	8.189113941626e-06
234	2.340000000000e+02	-2.992311144560e-02	9.975904802365e-01	6.259266045539e-02	9.956053924561e+01	8.111958777590e-06
235	2.350000000000e+02	-2.971892324758e-02	9.976138725070e-01	6.231650650172e-02	9.955740356445e+01	8.021734174690e-06
236	2.360000000000e+02	-2.980116873455e-02	9.975941998082e-01	6.259155574943e-02	9.956675720215e+01	7.927355909487e-06
237	2.370000000000e+02	-2.981743525241e-02	9.976001820508e-01	6.248837753651e-02	9.956767272949e+01	7.819537131581e-06
238	2.380000000000e+02	-2.995287751816e-02	9.975810824184e-01	6.272805695536e-02	9.956392669678e+01	7.695178283029e-06
239	2.390000000000e+02	-3.020561847453e-02	9.975719773430e-01	6.275165840495e-02	9.956541442871e+01	7.568911769340e-06
240	2.400000000000e+02	-3.016148693246e-02	9.975986923501e-01	6.234688225849e-02	9.956346130371e+01	7.419052963087e-06
241	2.410000000000e+02	-3.027121456069e-02	9.976130073490e-01	6.206400838778e-02	9.955744934082e+01	7.265632120834e-06
242	2.420000000000e+02	-3.053980882484e-02	9.976176049028e-01	6.185818025906e-02	9.956415557861e+01	7.106441444193e-06
243	2.430000000000e+02	-3.018626602668e-02	9.975871152862e-01	6.251989090154e-02	9.956378173828e+01	6.721319550707e-06
244	2.440000000000e+02	-3.000583198623e-02	9.975956072100e-01	6.247122955512e-02	9.956865692139e+01	6.546517397510e-06
245	2.450000000000e+02	-3.014018676719e-02	9.975978111860e-01	6.237127751273e-02	9.956690216064e+01	6.372865755111e-06
246	2.460000000000e+02	-3.016020832828e-02	9.976135728381e-01	6.210894559334e-02	9.957154846191e+01	6.192804448801e-06
247	2.470000000000e+02	-3.027316725949e-02	9.976247768542e-01	6.187358039262e-02	9.956129455566e+01	6.001521796861e-06
248	2.480000000000e+02	-3.043473405346e-02	9.976078223474e-01	6.206738075914e-02	9.956632232666e+01	5.817075816594e-06
249	2.490000000000e+02	-3.054279388423e-02	9.976065298802e-01	6.203506493987e-02	9.957136535645e+01	5.635006800730e-06
250	2.500000000000e+02	-3.091359298626e-02	9.975794508658e-01	6.228634664892e-02	9.958125305176e+01	5.443103873404e-06
251	2.510000000000e+02	-3.096033827958e-02	9.975904395361e-01	6.208681341235e-02	9.958392333984e+01	5.248720299278e-06
252	2.520000000000e+02	-3.091289377433e-02	9.976083774318e-01	6.182166510467e-02	9.958612823486e+01	5.058239821665e-06
253	2.530000000000e+02	-3.058042659138e-02	9.976370210087e-01	6.152407514468e-02	9.957928466797e+01	4.863478352490e-06
254	2.540000000000e+02	-3.025886157644e-02	9.976616431008e-01	6.128333526754e-02	9.958367919922e+01	4.671983333537e-06
255	2.550000000000e+02	-2.995938105818e-02	9.976648289930e-01	6.137853433368e-02	9.958188629150e+01	4.482400527195e-06
256	2.560000000000e+02	-3.001434563011e-02	9.976532034863e-01	6.154043085641e-02	9.958288574219e+01	4.298448857298e-06
257	2.570000000000e+02	-3.024474447574e-02	9.976389738460e-01	6.165819730738e-02	9.958155822754e+01	4.117254320590e-06
258	2.580000000000e+02	-3.032650234588e-02	9.976559353276e-01	6.134279061989e-02	9.958242797852e+01	3.945122443838e-06
259	2.590000000000e+02	-3.072678681144e-02	9.976444070481e-01	6.133108231448e-02	9.959053039551e+01	3.779114422287e-06
260	2.600000000000e+02	-3.105951479078e-02	9.976539966141e-01	6.100663554853e-02	9.959739685059e+01	3.621322775871e-06
261	2.610000000000e+02	-3.098597067681e-02	9.976494117966e-01	6.111890675597e-02	9.959574890137e+01	3.479749921098e-06
262	2.620000000000e+02	-3.058756789199e-02	9.976747826723e-01	6.090507951043e-02	9.959091186523e+01	3.346083303768e-06
263	2.630000000000e+02	-3.031884784911e-02	9.976840866298e-01	6.088703269846e-02	9.959359741211e+01	3.220300641260e-06
264	2.640000000000e+02	-3.051516066064e-02	9.976681494773e-01	6.104988524539e-02	9.960021972656e+01	3.104046299995e-06
265	2.650000000000e+02	-3.028842491503e-02	9.976893793725e-01	6.081540597235e-02	9.960763549805e+01	2.999091520905e-06
266	2.660000000000e+02	-3.031727061429e-02	9.977065730883e-01	6.051823790297e-02	9.960844421387e+01	2.905682777055e-06
267	2.670000000000e+02	-3.037766378796e-02	9.977160390107e-01	6.033160899286e-02	9.959767150879e+01	2.823738668667e-06
268	2.680000000000e+02	-3.030321875815e-02	9.977342753814e-01	6.006688490319e-02	9.960222625732e+01	2.755333071036e-06
269	2.690000000000e+02	-3.001067173665e-02	9.977388288358e-01	6.013808290329e-02	9.959928131104e+01	2.711664365052e-06
270	2.700000000000e+02	-2.999955018991e-02	9.977404429047e-01	6.011684939136e-02	9.960024261475e+01	2.665685997272e-06
271	2.710000000000e+02	-2.966268129091e-02	9.977748526290e-01	5.971154662082e-02	9.960030364990e+01	2.639984131747e-06
272	2.720000000000e+02	-2.951312821396e-02	9.977719742234e-01	5.983362530627e-02	9.960663604736e+01	2.624586386446e-06
273	2.730000000000e+02	-2.940338230309e-02	9.977751383880e-01	5.983489219505e-02	9.960465240479e+01	2.625572278703e-06
274	2.740000000000e+02	-2.952784357934e-02	9.977614615801e-01	6.000143530815e-02	9.960711669922e+01	2.643293100846e-06
275	2.750000000000e+02	-2.934759986019e-02	9.977638832616e-01	6.004957652806e-02	9.961690521240e+01	2.676308440641e-06
276	2.760000000000e+02	-2.936775638343e-02	9.977665078209e-01	5.999608950575e-02	9.961552429199e+01	2.714061110964e-06
277	2.770000000000e+02	-2.918456950567e-02	9.977637639376e-01	6.013095937875e-02	9.960977935791e+01	2.772205334622e-06
278	2.780000000000e+02	-2.864536241241e-02	9.978006023571e-01	5.977793194951e-02	9.959637451172e+01	2.839512035280e-06
279	2.790000000000e+02	-2.818836086368e-02	9.978203680028e-01	5.966514485551e-02	9.959892272949e+01	2.921100985986e-06
280	2.800000000000e+02	-2.793137379441e-02	9.978173871201e-01	5.983561079094e-02	9.959017181396e+01	3.016361461050e-06
281	2.810000000000e+02	-2.793359958528e-02	9.977971475730e-01	6.017114183219e-02	9.958944702148e+01	3.124178874714e-06
282	2.820000000000e+02	-2.805872090418e-02	9.977686769926e-01	6.058362314805e-02	9.959111785889e+01	3.244031404392e-06
283	2.830000000000e+02	-2.829455558370e-02	9.977482084621e-01	6.081061284768e-02	9.959387969971e+01	3.373204663148e-06
284	2.840000000000e+02	-2.823267416669e-02	9.977322466553e-01	6.110057359469e-02	9.959540557861e+01	3.516586275509e-06
285	2.850000000000e+02	-2.839453572886e-02	9.976871264543e-01	6.175878923719e-02	9.959313964844e+01	3.669036686915e-06
286	2.860000000000e+02	-2.857618140207e-02	9.976647733659e-01	6.203548856367e-02	9.960546112061e+01	3.832963557215e-06
287	2.870000000000e+02	-2.841859719807e-02	9.976636518528e-01	6.212584892736e-02	9.959338378906e+01	4.002317382401e-06
288	2.880000000000e+02	-2.825715870072e-02	9.976953756121e-01	6.168849539678e-02	9.960211944580e+01	4.183245437162e-06
289	2.890000000000e+02	-2.798979316225e-02	9.977194451092e-01	6.142052042912e-02	9.959690093994e+01	4.370654096419e-06
290	2.900000000000e+02	-2.800638881801e-02	9.977185823036e-01	6.142697055366e-02	9.958833312988e+01	4.562105004879e-06
291	2.910000000000e+02	-2.810028185891e-02	9.976958229080e-01	6.175288747365e-02	9.958849334717e+01	4.759160674439e-06
292	2.920000000000e+02	-2.818870048650e-02	9.976817853818e-01	6.193910140026e-02	9.958744049072e+01	4.963754236087e-06
293	2.930000000000e+02	-2.838531633070e-02	9.976668411694e-01	6.208983691345e-02	9.958450317383e+01	5.173104455025e-06
294	2.940000000000e+02	-2.852645216457e-02	9.976553431914e-01	6.220978804510e-02	9.958385467529e+01	5.387101737142e-06
295	2.950000000000e+02	-2.900694332137e-02	9.976183174541e-01	6.258026780975e-02	9.958403015137e+01	5.598614734481e-06
296	2.960000000000e+02	-2.885180726755e-02	9.976098029168e-01	6.278737406343e-02	9.958756256104e+01	5.807159595861e-06
297	2.970000000000e+02	-2.846317245802e-02	9.976136315679e-01	6.290381485739e-02	9.958786773682e+01	6.010584002070e-06
298	2.980000000000e+02	-2.828096181046e-02	9.976204624638e-01	6.287765956703e-02	9.957717132568e+01	6.219634087756e-06
299	2.990000000000e+02	-2.833978887822e-02	9.976367549201e-01	6.259202504182e-02	9.958204650879e+01	6.431041128963e-06
300	3.000000000000e+02	-2.833329245227e-02	9.976748457819e-01	6.198489035879e-02	9.957533264160e+01	6.635328190896e-06
301	3.010000000000e+02	-2.838610205496e-02	9.976851110648e-01	6.179521316283e-02	9.957329559326e+01	6.828508048784e-06
302	3.020000000000e+02	-2.836678335091e-02	9.976837077988e-01	6.182673204415e-02	9.956773376465e+01	7.013863523753e-06
303	3.030000000000e+02	-2.826518141122e-02	9.976828934737e-01	6.188637644709e-02	9.956896972656e+01	7.194762019935e-06
304	3.040000000000e+02	-2.825477988492e-02	9.976771059384e-01	6.198435044439e-02	9.957189941406e+01	7.370618732239e-06
305	3.050000000000e+02	-2.853476356045e-02	9.976530798108e-01	6.224226548388e-02	9.956613159180e+01	7.545052540081e-06
306	3.060000000000e+02	-2.863626242594e-02	9.976318190347e-01	6.253573477462e-02	9.957385253906e+01	7.701975846430e-06
307	3.070000000000e+02	-2.849569430365e-02	9.976211708066e-01	6.276937919578e-02	9.957205963135e+01	7.844360879972e-06
308	3.080000000000e+02	-2.826475444362e-02	9.976115109038e-01	6.302679563927e-02	9.957260894775e+01	7.980253030837e-06
309	3.090000000000e+02	-2.825672845483e-02	9.975956932688e-01	6.328025022489e-02	9.956857299805e+01	8.106084351311e-06
310	3.100000000000e+02	-2.827757478950e-02	9.975853972958e-01	6.343306603221e-02	9.957280731201e+01	8.227908438130e-06
311	3.110000000000e+02	-2.854110207418e-02	9.975679204747e-01	6.358969674601e-02	9.956932067871e+01	8.327709110745e-06
312	3.120000000000e+02	-2.924318389435e-02	9.975315008137e-01	6.384153099730e-02	9.957341003418e+01	8.418670404353e-06
313	3.130000000000e+02	-2.925254045985e-02	9.975196232341e-01	6.402257523294e-02	9.958112335205e+01	8.494022949890e-06
314	3.140000000000e+02	-2.894078648023e-02	9.975010251622e-01	6.445258472875e-02	9.957840728760e+01	8.628388968646e-06
315	3.150000000000e+02	-2.915221569495e-02	9.975121045656e-01	6.418527529915e-02	9.957773590088e+01	8.631314813101e-06
316	3.160000000000e+02	-2.939220227299e-02	9.975220715228e-01	6.392038227655e-02	9.957852935791e+01	8.627664101368e-06
317	3.170000000000e+02	-2.935538669150e-02	9.975404717731e-01	6.364957538588e-02	9.957588195801e+01	8.606687515567e-06
318	3.180000000000e+02	-2.945385800635e-02	9.975570720620e-01	6.334317822500e-02	9.957117462158e+01	8.574284947827e-06
319	3.190000000000e+02	-2.935910101435e-02	9.975401947309e-01	6.365220407743e-02	9.956983184814e+01	8.533917934983e-06
320	3.200000000000e+02	-2.915657193134e-02	9.975383409284e-01	6.377423218659e-02	9.957432556152e+01	8.486833394272e-06
321	3.210000000000e+02	-2.898387035751e-02	9.975517741932e-01	6.364269842772e-02	9.957324218750e+01	8.418161996815e-06
322	3.220000000000e+02	-2.920337593975e-02	9.975295233318e-01	6.389063245167e-02	9.957662963867e+01	8.334553967870e-06
323	3.230000000000e+02	-2.892875872644e-02	9.975217580396e-01	6.413633257433e-02	9.957646179199e+01	8.242617695942e-06
324	3.240000000000e+02	-2.898604391635e-02	9.974938977795e-01	6.454249104859e-02	9.957972717285e+01	8.137805707520e-06
325	3.250000000000e+02	-2.890984314889e-02	9.974883339607e-01	6.466254388331e-02	9.958140563965e+01	8.029625860217e-06
326	3.260000000000e+02	-2.911428866644e-02	9.974879913187e-01	6.457604331679e-02	9.957657623291e+01	7.899284355517e-06
327	3.270000000000e+02	-2.885296343356e-02	9.975026899785e-01	6.446619258696e-02	9.957101440430e+01	7.762292625557e-06
328	3.280000000000e+02	-2.895611169924e-02	9.974977355955e-01	6.449659740716e-02	9.957276916504e+01	7.620130872965e-06
329	3.290000000000e+02	-2.897209345246e-02	9.974850147372e-01	6.468588080669e-02	9.956943511963e+01	7.471244771295e-06
330	3.300000000000e+02	-2.866527087145e-02	9.974892636197e-01	6.475701667988e-02	9.957495117188e+01	7.302989615710e-06
331	3.310000000000e+02	-2.903520562541e-02	9.974519422057e-01	6.516578722256e-02	9.958691406250e+01	7.160711447796e-06
332	3.320000000000e+02	-2.893036291338e-02	9.974487301583e-01	6.526151091785e-02	9.958895111084e+01	6.984582796576e-06
333	3.330000000000e+02	-2.900393497359e-02	9.974645625319e-01	6.498629277826e-02	9.958943176270e+01	6.813951586082e-06
334	3.340000000000e+02	-2.891106481236e-02	9.974616865923e-01	6.507176124700e-02	9.958234405518e+01	6.611501248699e-06
335	3.350000000000e+02	-2.882894543592e-02	9.974857972541e-01	6.473774927604e-02	9.958815002441e+01	6.421597845474e-06
336	3.360000000000e+02	-2.869655338295e-02	9.975046253147e-01	6.450604855186e-02	9.957398223877e+01	6.228840447875e-06
337	3.370000000000e+02	-2.852697204996e-02	9.975154535755e-01	6.441375430521e-02	9.958087158203e+01	6.038919309503e-06
338	3.380000000000e+02	-2.871104157643e-02	9.974999440743e-01	6.457195725238e-02	9.957886505127e+01	5.833931481902e-06
339	3.390000000000e+02	-2.909745922245e-02	9.974579262838e-01	6.504631550294e-02	9.958955383301e+01	5.646356385114e-06
340	3.400000000000e+02	-2.907538584858e-02	9.974668213979e-01	6.491965918133e-02	9.959220123291e+01	5.457437964651e-06
341	3.410000000000e+02	-2.869874366865e-02	9.974560022911e-01	6.525262910629e-02	9.959137725830e+01	5.267948381515e-06
342	3.420000000000e+02	-2.860899520634e-02	9.974598890493e-01	6.523262321168e-02	9.959687805176e+01	5.086058536108e-06
343	3.430000000000e+02	-2.843808827024e-02	9.974519331073e-01	6.542871140436e-02	9.959918975830e+01	4.896577138425e-06
344	3.440000000000e+02	-2.852368606441e-02	9.974330873475e-01	6.567827340752e-02	9.959796142578e+01	4.717961928691e-06
345	3.450000000000e+02	-2.845300126465e-02	9.974341770706e-01	6.569238259210e-02	9.960172271729e+01	4.550149242277e-06
346	3.460000000000e+02	-2.812637073919e-02	9.974469662667e-01	6.563883571716e-02	9.960812377930e+01	4.385754436953e-06
347	3.470000000000e+02	-2.800550071118e-02	9.974643793394e-01	6.542555982898e-02	9.960574340820e+01	4.221953076922e-06
348	3.480000000000e+02	-2.759906081216e-02	9.974658426634e-01	6.557579250016e-02	9.961692047119e+01	4.069184342370e-06
349	3.490000000000e+02	-2.755326701080e-02	9.974537358696e-01	6.577888929476e-02	9.961491394043e+01	3.920808921976e-06
350	3.500000000000e+02	-2.739470227533e-02	9.974540470145e-01	6.584037045467e-02	9.962021636963e+01	3.783100964938e-06
351	3.510000000000e+02	-2.742072619978e-02	9.974481839046e-01	6.591831460358e-02	9.961805725098e+01	3.655258751678e-06
352	3.520000000000e+02	-2.732453019027e-02	9.974640845620e-01	6.571734975442e-02	9.961814117432e+01	3.533125209287e-06
353	3.530000000000e+02	-2.766681384684e-02	9.974453234554e-01	6.585874375206e-02	9.963530731201e+01	3.420793291298e-06
354	3.540000000000e+02	-2.777428197643e-02	9.974430061850e-01	6.584860418595e-02	9.962924194336e+01	3.323558075863e-06
355	3.550000000000e+02	-2.757994265732e-02	9.974570471342e-01	6.571747016804e-02	9.963713073730e+01	3.237777946197e-06
356	3.560000000000e+02	-2.748022559729e-02	9.974657311272e-01	6.562737559840e-02	9.963062286377e+01	3.162097073073e-06
357	3.570000000000e+02	-2.707993409637e-02	9.975072347730e-01	6.516129023292e-02	9.962458038330e+01	3.099943796769e-06
358	3.580000000000e+02	-2.728374110831e-02	9.975133144915e-01	6.498295840624e-02	9.963066101074e+01	3.047044174309e-06
359	3.590000000000e+02	-2.728238134008e-02	9.975316399726e-01	6.470161452385e-02	9.962554931641e+01	3.006409315276e-06
360	3.600000000000e+02	-2.718579756651e-02	9.975580523214e-01	6.433400857611e-02	9.961386108398e+01	2.983966851389e-06
