# Filename: 170744_polarimeter_vs_wheel.dat
# Timestamp: Wed May 08 17:07:44 2019

# Column 1:
#	name: measurement point
#	size: 0
#	type: coordinate
# Column 2:
#	name: angle
#	type: value
# Column 3:
#	name: S1
#	type: value
# Column 4:
#	name: S2
#	type: value
# Column 5:
#	name: S3
#	type: value
# Column 6:
#	name: DOP
#	type: value
# Column 7:
#	name: power
#	type: value

0	0.000000000000e+00	9.999636472208e-01	-2.118104498555e-03	-8.259411008777e-03	1.039426956177e+02	6.811118055339e-06
1	1.000000000000e+00	9.999705587687e-01	-2.769225050286e-03	-7.156325059811e-03	1.038409042358e+02	6.945341738174e-06
2	2.000000000000e+00	9.999809780663e-01	1.841071621573e-04	-6.165193430928e-03	1.034514770508e+02	7.119864221750e-06
3	3.000000000000e+00	9.999693527426e-01	-2.207998147236e-03	-7.511212938061e-03	1.039834518433e+02	7.231891686388e-06
4	4.000000000000e+00	9.999806382534e-01	-2.489591498949e-03	-5.703073942881e-03	1.036054153442e+02	7.340355750785e-06
5	5.000000000000e+00	9.999833980580e-01	-2.424868374628e-03	-5.227200174799e-03	1.039987487793e+02	7.441260095220e-06
6	6.000000000000e+00	9.999874512359e-01	-7.491696175813e-04	-4.953394352566e-03	1.036308517456e+02	7.597945568705e-06
7	7.000000000000e+00	9.999730073973e-01	-1.141227973834e-03	-7.258241899639e-03	1.036600723267e+02	7.706867108936e-06
8	8.000000000000e+00	9.999851808128e-01	-6.666762525418e-04	-5.403119245230e-03	1.035892715454e+02	7.817850928404e-06
9	9.000000000000e+00	9.999863671608e-01	-1.677928735510e-04	-5.218940326899e-03	1.034241561890e+02	7.927719707368e-06
10	1.000000000000e+01	9.999794491406e-01	1.952662023441e-03	-6.106423461397e-03	1.037007446289e+02	8.018060725590e-06
11	1.100000000000e+01	9.999800550159e-01	-1.563705977306e-03	-6.119182469406e-03	1.039926147461e+02	8.076801350398e-06
12	1.200000000000e+01	9.999928957492e-01	-1.093818357066e-04	-3.767822552686e-03	1.038246765137e+02	8.192861059797e-06
13	1.300000000000e+01	9.999892444957e-01	1.963529165985e-03	-4.201838419377e-03	1.036088180542e+02	8.285813237308e-06
14	1.400000000000e+01	9.999848732715e-01	3.585827952013e-03	-4.170739264155e-03	1.035454559326e+02	8.357310434803e-06
15	1.500000000000e+01	9.999912908491e-01	3.006947398768e-04	-4.162668447682e-03	1.037870864868e+02	8.343429726665e-06
16	1.600000000000e+01	9.999916822973e-01	3.143822988346e-03	-2.598405900930e-03	1.035301971436e+02	8.419013283856e-06
17	1.700000000000e+01	9.999962264258e-01	1.120972757125e-03	-2.508097726568e-03	1.038388061523e+02	8.452755537292e-06
18	1.800000000000e+01	9.999973960347e-01	-1.719062889268e-03	-1.500915284909e-03	1.038429565430e+02	8.434874871455e-06
19	1.900000000000e+01	9.999899572073e-01	1.675045970823e-03	-4.156886525309e-03	1.036278610229e+02	8.403221727349e-06
20	2.000000000000e+01	9.999970281904e-01	1.205135261786e-03	-2.119259175452e-03	1.040132293701e+02	8.547194738640e-06
21	2.100000000000e+01	9.999985046101e-01	1.676013982061e-03	-4.263270522396e-04	1.035156555176e+02	8.491845619574e-06
22	2.200000000000e+01	9.999969478059e-01	6.492633894812e-04	-2.383869955793e-03	1.040767517090e+02	8.528106263839e-06
23	2.300000000000e+01	9.999992308918e-01	-1.123614840460e-03	5.250766121202e-04	1.046386566162e+02	8.570776117267e-06
24	2.400000000000e+01	9.999979216489e-01	1.798560272407e-03	9.601451720978e-04	1.037244567871e+02	8.522524694854e-06
25	2.500000000000e+01	9.999956459390e-01	2.837227736621e-03	8.113210789819e-04	1.037353591919e+02	8.548056939617e-06
26	2.600000000000e+01	9.999841530496e-01	5.620620492881e-03	3.198044196866e-04	1.035375213623e+02	8.438467375527e-06
27	2.700000000000e+01	9.999930223606e-01	3.735465890454e-03	3.904766483126e-05	1.039509201050e+02	8.400980732404e-06
28	2.800000000000e+01	9.999958846612e-01	2.485560065609e-03	1.432707875658e-03	1.038160858154e+02	8.365572284674e-06
29	2.900000000000e+01	9.999984252562e-01	6.422310368678e-04	-1.654395486064e-03	1.044630508423e+02	8.258483831014e-06
30	3.000000000000e+01	9.999901053949e-01	4.433907050513e-03	3.599728968913e-04	1.038430862427e+02	8.173943570000e-06
31	3.100000000000e+01	9.999758604104e-01	6.882780946832e-03	9.517997809269e-04	1.037249603271e+02	8.076827725745e-06
32	3.200000000000e+01	9.999958467961e-01	2.422855674338e-03	1.560820604734e-03	1.040488815308e+02	7.963168172864e-06
33	3.300000000000e+01	9.999827644019e-01	5.835908169480e-03	6.427091520588e-04	1.036840133667e+02	7.866230589570e-06
34	3.400000000000e+01	9.999792145967e-01	5.793209740472e-03	2.830034523311e-03	1.036848068237e+02	7.727982847427e-06
35	3.500000000000e+01	9.999867663807e-01	5.141644595327e-03	1.747979849095e-04	1.039801635742e+02	7.595126135129e-06
36	3.600000000000e+01	9.999856380656e-01	4.783530453095e-03	2.416919325602e-03	1.039150466919e+02	7.446041763615e-06
37	3.700000000000e+01	9.999762407301e-01	6.077271316103e-03	3.253421079389e-03	1.035126113892e+02	7.332106633839e-06
38	3.800000000000e+01	9.999816139017e-01	4.634021995215e-03	3.911227258659e-03	1.038755874634e+02	7.186427865236e-06
39	3.900000000000e+01	9.999597323294e-01	8.276250365608e-03	3.469495589290e-03	1.036609268188e+02	7.083426680765e-06
40	4.000000000000e+01	9.999638635551e-01	7.274425198894e-03	4.399354720099e-03	1.037505493164e+02	6.955457592994e-06
41	4.100000000000e+01	9.999507183551e-01	9.259918001792e-03	3.579773700200e-03	1.033488998413e+02	6.789816779929e-06
42	4.200000000000e+01	9.999632075867e-01	8.301910271715e-03	2.159110663229e-03	1.039448852539e+02	6.588954875042e-06
43	4.300000000000e+01	9.999281367840e-01	1.087766585881e-02	5.039608435305e-03	1.031688766479e+02	6.498134098365e-06
44	4.400000000000e+01	9.999550692919e-01	7.369848861387e-03	5.961939720057e-03	1.035563430786e+02	6.070557901694e-06
45	4.500000000000e+01	9.999592433326e-01	5.466463410252e-03	7.185363692187e-03	1.038318328857e+02	5.894392870687e-06
46	4.600000000000e+01	9.999036390218e-01	1.036562498832e-02	9.233985577215e-03	1.033991241455e+02	5.736360435549e-06
47	4.700000000000e+01	9.999272377388e-01	7.341510982568e-03	9.571909133363e-03	1.035174026489e+02	5.622167918773e-06
48	4.800000000000e+01	9.999108265140e-01	9.332146576012e-03	9.552489751225e-03	1.033988418579e+02	5.459822205012e-06
49	4.900000000000e+01	9.999483535367e-01	5.747612925501e-03	8.381837799393e-03	1.040107192993e+02	5.292070454743e-06
50	5.000000000000e+01	9.999383735469e-01	6.404740407035e-03	9.067988126722e-03	1.037963256836e+02	5.201378826314e-06
51	5.100000000000e+01	9.999174950923e-01	5.571253453920e-03	1.157428802678e-02	1.037502212524e+02	5.067583970231e-06
52	5.200000000000e+01	9.998971184314e-01	7.310535489104e-03	1.234133798876e-02	1.036226272583e+02	4.923891538056e-06
53	5.300000000000e+01	9.999086773176e-01	7.029416493742e-03	1.154228437798e-02	1.036223144531e+02	4.819182322535e-06
54	5.400000000000e+01	9.998954752459e-01	8.727388065803e-03	1.152698054227e-02	1.033487701416e+02	4.730962245958e-06
55	5.500000000000e+01	9.998877099380e-01	7.637797025633e-03	1.289308231183e-02	1.034324874878e+02	4.628674560081e-06
56	5.600000000000e+01	9.998421295914e-01	9.879355603431e-03	1.476869076627e-02	1.032297897339e+02	4.517327852227e-06
57	5.700000000000e+01	9.999008088729e-01	8.053563963527e-03	1.155476191197e-02	1.033256454468e+02	4.418359367264e-06
58	5.800000000000e+01	9.998653867460e-01	8.934776794701e-03	1.376147342877e-02	1.034869003296e+02	4.345367415226e-06
59	5.900000000000e+01	9.998659850475e-01	9.586944289286e-03	1.327035961267e-02	1.031427078247e+02	4.280273515178e-06
60	6.000000000000e+01	9.998832276755e-01	2.667054321340e-03	1.504718693152e-02	1.037875595093e+02	4.205604000163e-06
61	6.100000000000e+01	9.998703397466e-01	3.892822568567e-03	1.562528807848e-02	1.036975097656e+02	4.162159257248e-06
62	6.200000000000e+01	9.998914180063e-01	7.148497435291e-03	1.288608481325e-02	1.037555694580e+02	4.127610282012e-06
63	6.300000000000e+01	9.998513430068e-01	3.801923306890e-03	1.681776640028e-02	1.039684371948e+02	4.086616172572e-06
64	6.400000000000e+01	9.998653699545e-01	8.215511146681e-03	1.420377915685e-02	1.037637252808e+02	4.059560069436e-06
65	6.500000000000e+01	9.998592056107e-01	4.421645524401e-03	1.618697026378e-02	1.039709548950e+02	4.062697826157e-06
66	6.600000000000e+01	9.998626679463e-01	1.993913294623e-03	1.645203808105e-02	1.037764968872e+02	4.053923476022e-06
67	6.700000000000e+01	9.998295697961e-01	4.324135269355e-03	1.794806996378e-02	1.037666244507e+02	4.065191660629e-06
68	6.800000000000e+01	9.998951841654e-01	3.133387819249e-03	1.413515347289e-02	1.037167434692e+02	4.111472208024e-06
69	6.900000000000e+01	9.998899645579e-01	1.651635137108e-03	1.474214630959e-02	1.042638931274e+02	4.087016350240e-06
70	7.000000000000e+01	9.998870911936e-01	4.029965098877e-03	1.447633398792e-02	1.036167678833e+02	4.141888894083e-06
71	7.100000000000e+01	9.999182449950e-01	8.325279447921e-05	1.278657089095e-02	1.041114044189e+02	4.213223292027e-06
72	7.200000000000e+01	9.998717435974e-01	1.156710593693e-03	1.597367760219e-02	1.037987594604e+02	4.237756456860e-06
73	7.300000000000e+01	9.998717462910e-01	-1.499886883484e-03	1.594494616979e-02	1.039816665649e+02	4.294011887396e-06
74	7.400000000000e+01	9.998874693746e-01	-6.565986554066e-04	1.498724343895e-02	1.037610092163e+02	4.373018327897e-06
75	7.500000000000e+01	9.999069683222e-01	-4.508753036118e-04	1.363273311165e-02	1.037010116577e+02	4.460103355086e-06
76	7.600000000000e+01	9.999234341270e-01	-2.365599257670e-03	1.214618556262e-02	1.037802047729e+02	4.516691205936e-06
77	7.700000000000e+01	9.998381571380e-01	-4.009878987168e-03	1.753797027605e-02	1.038078842163e+02	4.661298589781e-06
78	7.800000000000e+01	9.999139731902e-01	-3.428960438551e-03	1.266050746649e-02	1.038790359497e+02	4.710032044386e-06
79	7.900000000000e+01	9.999150860020e-01	-1.418657962389e-03	1.295408025100e-02	1.034498062134e+02	4.855349743593e-06
80	8.000000000000e+01	9.999070399903e-01	-6.559519989891e-03	1.195341270404e-02	1.038863220215e+02	4.956433713232e-06
81	8.100000000000e+01	9.999225117812e-01	-4.134187434140e-03	1.174218580138e-02	1.036990737915e+02	5.088460056868e-06
82	8.200000000000e+01	9.999289354665e-01	-1.937440950757e-03	1.176309225254e-02	1.039489746094e+02	5.229540420260e-06
83	8.300000000000e+01	9.999090483455e-01	-5.004417889555e-03	1.252401047789e-02	1.038687667847e+02	5.327183316695e-06
84	8.400000000000e+01	9.999385319639e-01	-6.389022332316e-03	9.061605124748e-03	1.041804275513e+02	5.397635504778e-06
85	8.500000000000e+01	9.999504090492e-01	-3.237881158029e-03	9.417832444481e-03	1.038745269775e+02	5.630553459923e-06
86	8.600000000000e+01	9.999436963624e-01	-1.615144839957e-03	1.048786976614e-02	1.034343490601e+02	5.765123660240e-06
87	8.700000000000e+01	9.999220609468e-01	-6.559737639198e-03	1.062270559023e-02	1.041068038940e+02	5.844432962476e-06
88	8.800000000000e+01	9.999540500886e-01	-1.456620143939e-03	9.475018156338e-03	1.033972778320e+02	5.992034402880e-06
89	8.900000000000e+01	9.999424458926e-01	-3.973701624316e-03	9.965670957659e-03	1.040456466675e+02	6.161787041492e-06
90	9.000000000000e+01	9.999503280916e-01	-3.739018054596e-03	9.239106742360e-03	1.035890197754e+02	6.273481176322e-06
91	9.100000000000e+01	9.999584681956e-01	-2.812701574525e-03	8.668944217599e-03	1.036473693848e+02	6.383977961377e-06
92	9.200000000000e+01	9.999709677967e-01	-2.986182705842e-03	7.010440547332e-03	1.037206878662e+02	6.544428288180e-06
93	9.300000000000e+01	9.999664694705e-01	-5.135238678457e-03	6.378813239131e-03	1.036942596436e+02	6.661555289611e-06
94	9.400000000000e+01	9.999620576059e-01	-2.956593009387e-03	8.194016492443e-03	1.035976409912e+02	6.826551725680e-06
95	9.500000000000e+01	9.999784989933e-01	-2.972734556325e-03	5.845032106397e-03	1.041717758179e+02	6.914329333085e-06
96	9.600000000000e+01	9.999795790492e-01	-1.462617606013e-03	6.221111979467e-03	1.039598083496e+02	7.026507773844e-06
97	9.700000000000e+01	9.999764492485e-01	-8.705136332454e-04	6.807580653963e-03	1.033787307739e+02	7.192108114396e-06
98	9.800000000000e+01	9.999836434022e-01	-3.672027763048e-03	4.385104344983e-03	1.037813186646e+02	7.303124675673e-06
99	9.900000000000e+01	9.999807156055e-01	-2.122193720870e-03	5.836498173059e-03	1.037011871338e+02	7.422319413308e-06
100	1.000000000000e+02	9.999751831893e-01	3.728842850020e-03	5.977351970089e-03	1.030357971191e+02	7.531878964073e-06
101	1.010000000000e+02	9.999889603009e-01	7.968377780374e-04	4.630801865087e-03	1.033397216797e+02	7.613537036377e-06
102	1.020000000000e+02	9.999962192945e-01	-1.474098150973e-04	2.745845410488e-03	1.035798416138e+02	7.720159374003e-06
103	1.030000000000e+02	9.999976944698e-01	-1.816219057503e-03	1.145601794691e-03	1.042122955322e+02	7.772203389322e-06
104	1.040000000000e+02	9.999931260743e-01	9.137846852053e-04	3.593438697577e-03	1.037506027222e+02	7.878144060669e-06
105	1.050000000000e+02	9.999917956399e-01	2.275742233614e-03	3.351067012784e-03	1.037831115723e+02	7.912720320746e-06
106	1.060000000000e+02	9.999935282156e-01	2.256791724966e-03	2.801859743073e-03	1.033250503540e+02	7.955336513987e-06
107	1.070000000000e+02	9.999964990509e-01	5.226632498187e-04	2.593975549731e-03	1.037646636963e+02	8.026290743146e-06
108	1.080000000000e+02	9.999968905941e-01	8.447661209539e-04	2.346310386872e-03	1.036779556274e+02	8.036187864491e-06
109	1.090000000000e+02	9.999966073930e-01	1.920747466691e-03	1.759525957555e-03	1.036429290771e+02	8.049425559875e-06
110	1.100000000000e+02	9.999974824016e-01	1.167108043650e-03	1.916520078762e-03	1.037012176514e+02	8.112336217891e-06
111	1.110000000000e+02	9.999925281247e-01	3.728549923666e-03	1.020593047516e-03	1.037235260010e+02	8.126237844408e-06
112	1.120000000000e+02	9.999936498360e-01	2.746384482026e-03	2.271048198642e-03	1.035134048462e+02	8.113547664834e-06
113	1.130000000000e+02	9.999865123949e-01	4.397651104690e-03	2.763275785710e-03	1.030756759644e+02	8.082245585683e-06
114	1.140000000000e+02	9.999927940230e-01	3.795427671888e-03	-8.143001884477e-05	1.036781311035e+02	8.146982509061e-06
115	1.150000000000e+02	9.999938738188e-01	3.267212250877e-03	1.256045007984e-03	1.035564651489e+02	8.060702384682e-06
116	1.160000000000e+02	9.999933553329e-01	3.621859904669e-03	4.140299915160e-04	1.036745300293e+02	8.038799933274e-06
117	1.170000000000e+02	9.999958480387e-01	2.876090852081e-03	-1.789041033102e-04	1.037307434082e+02	7.971326340339e-06
118	1.180000000000e+02	9.999909916037e-01	3.936088586510e-03	-1.588684413238e-03	1.037515716553e+02	7.928265404189e-06
119	1.190000000000e+02	9.999987625195e-01	1.006773074658e-03	1.208870292005e-03	1.036554260254e+02	7.790214112902e-06
120	1.200000000000e+02	9.999983980642e-01	1.545121906623e-03	-9.035857928635e-04	1.041125183105e+02	7.773769539199e-06
121	1.210000000000e+02	9.999969084541e-01	2.039122922854e-03	1.423045994289e-03	1.039083404541e+02	7.686749086133e-06
122	1.220000000000e+02	9.999985831445e-01	1.655510086118e-03	-3.049513806434e-04	1.037557907104e+02	7.592524070787e-06
123	1.230000000000e+02	9.999982017071e-01	-1.183230971114e-04	-1.892771044722e-03	1.042971038818e+02	7.528884452768e-06
124	1.240000000000e+02	9.999881528195e-01	4.698783879064e-03	-1.271082493463e-03	1.039881744385e+02	7.378150712611e-06
125	1.250000000000e+02	9.999963166901e-01	2.001093893291e-03	-1.833638308124e-03	1.041377487183e+02	7.184569767560e-06
126	1.260000000000e+02	9.999915261205e-01	3.633654987515e-03	-1.935003526780e-03	1.042074127197e+02	7.083951004461e-06
127	1.270000000000e+02	9.999901058066e-01	3.720673092076e-03	-2.438212588161e-03	1.037999801636e+02	6.865622708574e-06
128	1.280000000000e+02	9.999742759238e-01	5.911676163484e-03	-4.061966960060e-03	1.037204284668e+02	6.718129043293e-06
129	1.290000000000e+02	9.999854169059e-01	3.781571523685e-03	-3.855605322080e-03	1.036996231079e+02	6.521616796817e-06
130	1.300000000000e+02	9.999815120125e-01	4.179357075883e-03	-4.416854951412e-03	1.039238204956e+02	6.456075880124e-06
131	1.310000000000e+02	9.999849544014e-01	3.669989956607e-03	-4.077026439161e-03	1.036215209961e+02	6.282815775194e-06
132	1.320000000000e+02	9.999630878707e-01	7.572448311890e-03	-4.059670262631e-03	1.034454956055e+02	6.187938652147e-06
133	1.330000000000e+02	9.999684153516e-01	4.938299769428e-03	-6.227478995758e-03	1.035508422852e+02	6.066613877920e-06
134	1.340000000000e+02	9.999487711849e-01	6.652164169365e-03	-7.629136100478e-03	1.037934036255e+02	5.900549695070e-06
135	1.350000000000e+02	9.999689023530e-01	6.184873740466e-03	-4.893021950537e-03	1.038013076782e+02	5.771331416327e-06
136	1.360000000000e+02	9.999570105612e-01	4.662637256952e-03	-8.014789036818e-03	1.040774841309e+02	5.675948614225e-06
137	1.370000000000e+02	9.999556665113e-01	5.444629140322e-03	-7.682514271211e-03	1.037551727295e+02	5.547907221626e-06
138	1.380000000000e+02	9.999527255777e-01	5.526269860866e-03	-8.000434434608e-03	1.039161376953e+02	5.426700226963e-06
139	1.390000000000e+02	9.999499140770e-01	5.271509571609e-03	-8.507674435557e-03	1.037273788452e+02	5.308645086188e-06
140	1.400000000000e+02	9.999602577440e-01	4.684586153886e-03	-7.585353334598e-03	1.035915298462e+02	5.215479177423e-06
141	1.410000000000e+02	9.999513254278e-01	6.478494090934e-03	-7.441497802491e-03	1.035937957764e+02	5.103545390739e-06
142	1.420000000000e+02	9.999491511775e-01	3.617408477898e-03	-9.413257419759e-03	1.040879440308e+02	5.017599960411e-06
143	1.430000000000e+02	9.999594842700e-01	2.837959688700e-03	-8.542587624788e-03	1.040249786377e+02	4.910037660011e-06
144	1.440000000000e+02	9.999261176207e-01	5.757617718014e-03	-1.070556575972e-02	1.037883300781e+02	4.841544068768e-06
145	1.450000000000e+02	9.999208310684e-01	-1.053211618508e-04	-1.258254755537e-02	1.040491943359e+02	4.754345354741e-06
146	1.460000000000e+02	9.999537941210e-01	1.137375323740e-03	-9.545470145096e-03	1.039290771484e+02	4.691039976024e-06
147	1.470000000000e+02	9.999442418142e-01	1.462907379375e-03	-1.045816258516e-02	1.042460861206e+02	4.655337306758e-06
148	1.480000000000e+02	9.999603625075e-01	-1.893157644842e-03	-8.699963673005e-03	1.038174591064e+02	4.585230726661e-06
149	1.490000000000e+02	9.999446706337e-01	4.405811541514e-03	-9.552198481271e-03	1.032557601929e+02	4.540832833300e-06
150	1.500000000000e+02	9.999224675432e-01	2.136579989093e-04	-1.245043182589e-02	1.034776916504e+02	4.517431079876e-06
151	1.510000000000e+02	9.999478512071e-01	-1.184363448273e-04	-1.021179901346e-02	1.036926040649e+02	4.493332653510e-06
152	1.520000000000e+02	9.999256632268e-01	-3.337096972792e-04	-1.218838209883e-02	1.037919998169e+02	4.484906639846e-06
153	1.530000000000e+02	9.999315854111e-01	2.078207062167e-03	-1.151110561847e-02	1.036410446167e+02	4.499314400164e-06
154	1.540000000000e+02	9.999428682344e-01	2.406021146096e-04	-1.068655125313e-02	1.034737014771e+02	4.491665094974e-06
155	1.550000000000e+02	9.999483893986e-01	-1.126418647771e-03	-1.009701540670e-02	1.034940490723e+02	4.509539849096e-06
156	1.560000000000e+02	9.999435421184e-01	-3.386982918925e-03	-1.007178843969e-02	1.038713684082e+02	4.493062533584e-06
157	1.570000000000e+02	9.999570889543e-01	-3.058260295063e-03	-8.744557961426e-03	1.036271057129e+02	4.590830030793e-06
158	1.580000000000e+02	9.999280064140e-01	-3.399208183220e-03	-1.150770927276e-02	1.038049316406e+02	4.626067038771e-06
159	1.590000000000e+02	9.999669835310e-01	-4.214478667878e-03	-6.947662734902e-03	1.036612091064e+02	4.654149506678e-06
160	1.600000000000e+02	9.999502999235e-01	-4.489773341988e-03	-8.901663785929e-03	1.035994415283e+02	4.774192348123e-06
161	1.610000000000e+02	9.999858395248e-01	-2.367773376934e-03	-4.765962560391e-03	1.030203933716e+02	4.851767243963e-06
162	1.620000000000e+02	9.999568156488e-01	-6.038545998754e-03	-7.064191377836e-03	1.036266098022e+02	4.909371000394e-06
163	1.630000000000e+02	9.999776495404e-01	-2.574221297454e-03	-6.170397419188e-03	1.035525665283e+02	5.020335720474e-06
164	1.640000000000e+02	9.999608502281e-01	-6.479048902615e-03	-6.026602398229e-03	1.040839004517e+02	5.117448836245e-06
165	1.650000000000e+02	9.999631737831e-01	-5.094571529877e-03	-6.906259375544e-03	1.039877090454e+02	5.231058821664e-06
166	1.660000000000e+02	9.999642951852e-01	-6.013199574275e-03	-5.937152994972e-03	1.039371185303e+02	5.329452051228e-06
167	1.670000000000e+02	9.999696925373e-01	-5.281166865727e-03	-5.720426859087e-03	1.038008041382e+02	5.461842192744e-06
168	1.680000000000e+02	9.999469848084e-01	-6.554536906631e-03	-7.941386434988e-03	1.042327346802e+02	5.574700026045e-06
169	1.690000000000e+02	9.999738073433e-01	-5.377152074148e-03	-4.844673666264e-03	1.038587188721e+02	5.742970188294e-06
170	1.700000000000e+02	9.999679557477e-01	-6.832196982075e-03	-4.172356912382e-03	1.039352569580e+02	5.864353170182e-06
171	1.710000000000e+02	9.999875842486e-01	-3.703513605469e-03	-3.333966961353e-03	1.036251525879e+02	6.045994268788e-06
172	1.720000000000e+02	9.999718627184e-01	-6.600476873121e-03	-3.564754763824e-03	1.040198135376e+02	6.215358098416e-06
173	1.730000000000e+02	9.999690743010e-01	-6.758890114225e-03	-4.020926006271e-03	1.036903381348e+02	6.342821507133e-06
174	1.740000000000e+02	9.999746027143e-01	-3.970133792677e-03	-5.918780627161e-03	1.039278411865e+02	6.477270289906e-06
175	1.750000000000e+02	9.999813861884e-01	-4.815951408520e-03	-3.746183221180e-03	1.035848770142e+02	6.643987035204e-06
176	1.760000000000e+02	9.999852789635e-01	-3.937989872132e-03	-3.732839681076e-03	1.037567138672e+02	6.803642008890e-06
177	1.770000000000e+02	9.999867139555e-01	-4.848283304914e-03	-1.751017249002e-03	1.036493759155e+02	6.992820544838e-06
178	1.780000000000e+02	9.999898576262e-01	-3.543542807302e-03	-2.779918918152e-03	1.038166961670e+02	7.160486347857e-06
179	1.790000000000e+02	9.999898519810e-01	-4.093219085630e-03	-1.881885393154e-03	1.035979995728e+02	7.309733064176e-06
180	1.800000000000e+02	9.999897428524e-01	-4.491499978786e-03	-5.836247627705e-04	1.038238220215e+02	7.485058176826e-06
181	1.810000000000e+02	9.999993437507e-01	-1.074500749092e-03	-3.974245723116e-04	1.036017532349e+02	7.627429567947e-06
182	1.820000000000e+02	9.999976672609e-01	-1.908487111694e-03	-1.011508591008e-03	1.037718124390e+02	7.789283699822e-06
183	1.830000000000e+02	9.999932862283e-01	-3.639399700466e-03	-4.269286366084e-04	1.039061813354e+02	7.875151823100e-06
184	1.840000000000e+02	9.999967385996e-01	-2.314035719822e-03	1.080753862337e-03	1.036699295044e+02	8.057145350904e-06
185	1.850000000000e+02	9.999959995164e-01	-1.879396838200e-03	2.113958092356e-03	1.037592773438e+02	8.212650755013e-06
186	1.860000000000e+02	9.999965333499e-01	-2.620284750830e-03	-2.596072287989e-04	1.037297592163e+02	8.313062608067e-06
187	1.870000000000e+02	9.999940627141e-01	-3.288805902789e-03	1.028733304603e-03	1.038509979248e+02	8.414676813118e-06
188	1.880000000000e+02	9.999959410114e-01	-2.797309610824e-03	5.413129524066e-04	1.037061309814e+02	8.563292794861e-06
189	1.890000000000e+02	9.999892878319e-01	-4.189777013580e-03	1.967229015001e-03	1.036951751709e+02	8.603290552855e-06
190	1.900000000000e+02	9.999925186803e-01	-3.332670054491e-03	1.963642987095e-03	1.038233718872e+02	8.748420441407e-06
191	1.910000000000e+02	9.999959349633e-01	-1.624527511527e-03	2.343281309533e-03	1.036113739014e+02	8.813317435852e-06
192	1.920000000000e+02	9.999942892753e-01	1.743717599116e-03	2.894972475584e-03	1.036077117920e+02	8.949798939284e-06
193	1.930000000000e+02	9.999971868591e-01	8.272426652646e-04	2.223048222146e-03	1.036584320068e+02	9.019067874760e-06
194	1.940000000000e+02	9.999964434663e-01	3.423001703794e-04	2.644973609263e-03	1.037228317261e+02	9.023867278302e-06
195	1.950000000000e+02	9.999928176743e-01	-1.428543349600e-03	3.510536108158e-03	1.038099746704e+02	9.101768227993e-06
196	1.960000000000e+02	9.999953130484e-01	3.359817292116e-04	3.043188700231e-03	1.037447662354e+02	9.132771992881e-06
197	1.970000000000e+02	9.999903754806e-01	2.059732733212e-03	3.873815590335e-03	1.036908493042e+02	9.206277354679e-06
198	1.980000000000e+02	9.999923803402e-01	1.797715861197e-03	3.465180982172e-03	1.035379409790e+02	9.190496712108e-06
199	1.990000000000e+02	9.999862338123e-01	2.379321516663e-03	4.676645710252e-03	1.035896377563e+02	9.254715223506e-06
200	2.000000000000e+02	9.999899303500e-01	-2.723389703774e-04	4.479400647399e-03	1.038757705688e+02	9.158630746242e-06
201	2.010000000000e+02	9.999904111466e-01	1.495876423931e-03	4.115819320165e-03	1.039686584473e+02	9.169342774840e-06
202	2.020000000000e+02	9.999906589243e-01	6.475904242710e-04	4.273486952250e-03	1.039559326172e+02	9.127727025771e-06
203	2.030000000000e+02	9.999848767695e-01	1.869942367577e-03	5.171996504495e-03	1.038047332764e+02	9.094213965000e-06
204	2.040000000000e+02	9.999859547487e-01	2.245211572361e-03	4.800971805062e-03	1.039616622925e+02	9.026365660247e-06
205	2.050000000000e+02	9.999747981783e-01	1.816638054268e-03	6.863150477101e-03	1.037927627563e+02	8.957325007941e-06
206	2.060000000000e+02	9.999752190890e-01	2.267121444809e-03	6.664935723975e-03	1.039181442261e+02	8.840436748869e-06
207	2.070000000000e+02	9.999800439181e-01	3.763789010511e-03	5.074017909165e-03	1.039829635620e+02	8.838184839988e-06
208	2.080000000000e+02	9.999781479185e-01	1.426956516582e-03	6.455035293298e-03	1.037708206177e+02	8.699099453224e-06
209	2.090000000000e+02	9.999683736378e-01	1.990667149197e-03	7.699933014139e-03	1.039515075684e+02	8.632247954665e-06
210	2.100000000000e+02	9.999721159212e-01	5.126191095501e-03	5.430427689029e-03	1.037549667358e+02	8.506385711371e-06
211	2.110000000000e+02	9.999531812938e-01	5.303712466994e-03	8.093568716201e-03	1.035241622925e+02	8.404547770624e-06
212	2.120000000000e+02	9.999635261889e-01	3.264371205277e-03	7.892412333371e-03	1.036628799438e+02	8.262387382274e-06
213	2.130000000000e+02	9.999543031933e-01	4.649869333909e-03	8.352858211708e-03	1.037156753540e+02	8.087226888165e-06
214	2.140000000000e+02	9.999373994694e-01	8.022625768612e-03	7.799654999196e-03	1.036223907471e+02	7.921714313852e-06
215	2.150000000000e+02	9.999475482823e-01	6.365341156724e-03	8.023909029986e-03	1.039565429688e+02	7.751986231597e-06
216	2.160000000000e+02	9.999468987870e-01	6.007356780030e-03	8.373247325752e-03	1.039253463745e+02	7.608908617840e-06
217	2.170000000000e+02	9.999464855481e-01	5.769417299023e-03	8.587191856335e-03	1.039285888672e+02	7.471098797396e-06
218	2.180000000000e+02	9.999230249991e-01	6.705277796490e-03	1.043950795208e-02	1.037007064819e+02	7.301597179321e-06
219	2.190000000000e+02	9.999155984845e-01	7.820276052981e-03	1.037493083342e-02	1.033896331787e+02	7.152668331400e-06
220	2.200000000000e+02	9.999562777536e-01	6.775119157607e-03	6.445179721691e-03	1.039400177002e+02	6.960455266380e-06
221	2.210000000000e+02	9.999115573932e-01	7.807489711901e-03	1.076663809422e-02	1.036848373413e+02	6.828233381384e-06
222	2.220000000000e+02	9.998930930440e-01	7.915582551428e-03	1.229414640164e-02	1.036030807495e+02	6.693759132759e-06
223	2.230000000000e+02	9.999119992688e-01	7.418048236374e-03	1.099846710178e-02	1.037905883789e+02	6.494381068478e-06
224	2.240000000000e+02	9.999116146519e-01	6.940868177146e-03	1.133963108388e-02	1.038442077637e+02	6.364386990754e-06
225	2.250000000000e+02	9.999136823289e-01	3.909083310405e-03	1.254380161957e-02	1.041611862183e+02	6.208421837073e-06
226	2.260000000000e+02	9.998995860815e-01	6.463854590747e-03	1.261096102157e-02	1.038883514404e+02	6.041835604265e-06
227	2.270000000000e+02	9.998806131433e-01	8.942898904609e-03	1.260095311652e-02	1.038133544922e+02	5.919339855609e-06
228	2.280000000000e+02	9.998809061397e-01	8.404456839292e-03	1.294367190892e-02	1.035739517212e+02	5.780304945802e-06
229	2.290000000000e+02	9.999050610220e-01	6.628986449843e-03	1.207996197449e-02	1.042256469727e+02	5.671887265635e-06
230	2.300000000000e+02	9.998888928348e-01	4.660531523817e-03	1.415914656906e-02	1.041583633423e+02	5.549448815145e-06
231	2.310000000000e+02	9.998445174817e-01	7.545327094799e-03	1.593765669270e-02	1.035099182129e+02	5.442481324280e-06
232	2.320000000000e+02	9.998421271046e-01	9.219338204899e-03	1.518962376137e-02	1.036617507935e+02	5.309447715263e-06
233	2.330000000000e+02	9.998729989343e-01	7.421096458298e-03	1.410366369204e-02	1.036938629150e+02	5.219094418862e-06
234	2.340000000000e+02	9.998550839924e-01	6.570725276194e-03	1.570466758535e-02	1.036693649292e+02	5.155592589290e-06
235	2.350000000000e+02	9.998680915456e-01	6.801937381995e-03	1.474900528419e-02	1.035767364502e+02	5.065808636573e-06
236	2.360000000000e+02	9.998636087421e-01	5.543299308686e-03	1.555749806390e-02	1.037805633545e+02	5.009045253246e-06
237	2.370000000000e+02	9.998246223098e-01	5.428182379225e-03	1.792371220044e-02	1.036007766724e+02	4.947030447511e-06
238	2.380000000000e+02	9.998257065075e-01	5.120315765951e-03	1.795380107830e-02	1.036692504883e+02	4.891284788755e-06
239	2.390000000000e+02	9.998875664068e-01	2.434036416865e-03	1.479628371744e-02	1.040675735474e+02	4.847875970881e-06
240	2.400000000000e+02	9.998579365275e-01	1.537038076610e-03	1.678523985532e-02	1.038911590576e+02	4.829584668187e-06
241	2.410000000000e+02	9.998505841423e-01	4.260338162857e-03	1.675287763651e-02	1.038335723877e+02	4.819946298085e-06
242	2.420000000000e+02	9.998913892303e-01	5.012721763803e-04	1.472951015014e-02	1.038156738281e+02	4.809157871932e-06
243	2.430000000000e+02	9.998603496108e-01	8.789648669264e-05	1.671147960018e-02	1.036802520752e+02	4.811148301087e-06
244	2.440000000000e+02	9.998299644365e-01	1.717924502091e-03	1.836003677133e-02	1.035281448364e+02	4.842469024879e-06
245	2.450000000000e+02	9.998275518982e-01	1.250341985387e-03	1.852844057456e-02	1.037551422119e+02	4.861296019953e-06
246	2.460000000000e+02	9.998565738159e-01	1.301154231047e-03	1.688605326001e-02	1.035363922119e+02	4.919980710838e-06
247	2.470000000000e+02	9.998594021342e-01	-2.305860330479e-04	1.676671684804e-02	1.040352249146e+02	4.977986009180e-06
248	2.480000000000e+02	9.998729119240e-01	-2.186687689171e-03	1.579171926977e-02	1.039978408813e+02	5.029730345996e-06
249	2.490000000000e+02	9.998653115036e-01	-2.180711328277e-03	1.626663302310e-02	1.039961471558e+02	5.095484084450e-06
250	2.500000000000e+02	9.998537249554e-01	1.106152282466e-03	1.706766299161e-02	1.037173843384e+02	5.222318122833e-06
251	2.510000000000e+02	9.998358921742e-01	-1.444886603510e-03	1.805826743894e-02	1.037666473389e+02	5.290413810144e-06
252	2.520000000000e+02	9.998505442349e-01	-1.651467047631e-03	1.720935355654e-02	1.037778778076e+02	5.368855454435e-06
253	2.530000000000e+02	9.998338983032e-01	-1.652988953012e-03	1.815057661195e-02	1.035281372070e+02	5.510927621799e-06
254	2.540000000000e+02	9.998743257286e-01	-1.689052674925e-03	1.576324363573e-02	1.035695343018e+02	5.624980985885e-06
255	2.550000000000e+02	9.998599944776e-01	-1.572219384194e-03	1.665891861489e-02	1.034888610840e+02	5.765397872892e-06
256	2.560000000000e+02	9.998962697332e-01	-3.868617314105e-04	1.439792038939e-02	1.035648956299e+02	5.900709766138e-06
257	2.570000000000e+02	9.998952096205e-01	-4.467116760929e-03	1.377006338988e-02	1.039492797852e+02	6.031614248059e-06
258	2.580000000000e+02	9.999111143587e-01	-4.182535898114e-03	1.265976995482e-02	1.037430572510e+02	6.168686013552e-06
259	2.590000000000e+02	9.999169898531e-01	-2.348776970232e-03	1.266872723649e-02	1.037028274536e+02	6.320074135147e-06
260	2.600000000000e+02	9.998986058906e-01	-3.219595167200e-03	1.387127048881e-02	1.036823043823e+02	6.485621725005e-06
261	2.610000000000e+02	9.999150320790e-01	-2.753575169567e-03	1.274152448629e-02	1.036851806641e+02	6.655817742285e-06
262	2.620000000000e+02	9.999435928481e-01	-3.381738147549e-03	1.006851374984e-02	1.037065353394e+02	6.794462024118e-06
263	2.630000000000e+02	9.999410400165e-01	-1.024373049857e-03	1.081051111968e-02	1.036459960938e+02	6.990446308919e-06
264	2.640000000000e+02	9.999448119921e-01	-2.432880664040e-03	1.022027699402e-02	1.040083007812e+02	7.140131856431e-06
265	2.650000000000e+02	9.999406735361e-01	-4.080739939810e-03	1.009935491604e-02	1.041779556274e+02	7.286541858775e-06
266	2.660000000000e+02	9.999404813857e-01	-2.579608993442e-03	1.060091050847e-02	1.037712402344e+02	7.501108484576e-06
267	2.670000000000e+02	9.999455342197e-01	-2.217243270735e-03	1.019864825984e-02	1.038435974121e+02	7.648884093214e-06
268	2.680000000000e+02	9.999641925077e-01	-1.744754144107e-03	8.280672398050e-03	1.036954956055e+02	7.797297257639e-06
269	2.690000000000e+02	9.999722301691e-01	-1.708052565514e-03	7.254064175665e-03	1.039895629883e+02	7.940474461066e-06
270	2.700000000000e+02	9.999605170542e-01	-7.926591568504e-04	8.850764044247e-03	1.037142944336e+02	8.153216185747e-06
271	2.710000000000e+02	9.999718793940e-01	1.068256345070e-03	7.422886877663e-03	1.034574203491e+02	8.260180948128e-06
272	2.720000000000e+02	9.999717419970e-01	-3.331290342879e-04	7.510275136496e-03	1.038682632446e+02	8.377664016734e-06
273	2.730000000000e+02	9.999601425036e-01	-3.129793108872e-03	8.361686386438e-03	1.038810806274e+02	8.448610060441e-06
274	2.740000000000e+02	9.999806604581e-01	-4.687896008601e-04	6.201527720278e-03	1.036477355957e+02	8.585754585511e-06
275	2.750000000000e+02	9.999728552279e-01	-1.910823803456e-03	7.116007283954e-03	1.038980026245e+02	8.704972060514e-06
276	2.760000000000e+02	9.999718968712e-01	-1.935140148580e-03	7.242975938041e-03	1.038084030151e+02	8.836303095450e-06
277	2.770000000000e+02	9.999778946160e-01	1.682520983775e-04	6.646951982755e-03	1.038009719849e+02	8.980092388811e-06
278	2.780000000000e+02	9.999806616502e-01	1.102716627108e-03	6.120485417375e-03	1.037180938721e+02	9.036572919285e-06
279	2.790000000000e+02	9.999867935034e-01	7.580935275171e-04	5.083120393160e-03	1.038899688721e+02	9.114424756262e-06
280	2.800000000000e+02	9.999904076080e-01	-5.195768486288e-04	4.349107020679e-03	1.039897308350e+02	9.175570994557e-06
281	2.810000000000e+02	9.999876171769e-01	1.361763184447e-03	4.786553450144e-03	1.037073287964e+02	9.273904652218e-06
282	2.820000000000e+02	9.999962118613e-01	1.666711841313e-03	2.190510142476e-03	1.038438034058e+02	9.325394785265e-06
283	2.830000000000e+02	9.999969549268e-01	2.161773016424e-04	2.458333698175e-03	1.038731613159e+02	9.370051884616e-06
284	2.840000000000e+02	9.999978889251e-01	1.976063149061e-03	5.633114008667e-04	1.038862228394e+02	9.416008651897e-06
285	2.850000000000e+02	9.999982642854e-01	1.611044479382e-03	9.359282971713e-04	1.037433853149e+02	9.424406925973e-06
286	2.860000000000e+02	9.999999135541e-01	3.406324286909e-04	2.384562785919e-04	1.038670578003e+02	9.418467925570e-06
287	2.870000000000e+02	9.999975254182e-01	2.122332384879e-03	6.669803231795e-04	1.036221694946e+02	9.442611371924e-06
288	2.880000000000e+02	9.999970329493e-01	1.380730332919e-03	2.006907176090e-03	1.037271728516e+02	9.423181836610e-06
289	2.890000000000e+02	9.999948818736e-01	2.860829205102e-03	1.432439479230e-03	1.037476043701e+02	9.459089596930e-06
290	2.900000000000e+02	9.999986992833e-01	1.148274360361e-03	1.132650751884e-03	1.039997253418e+02	9.411738574272e-06
291	2.910000000000e+02	9.999976745792e-01	1.985837894714e-03	8.410017911412e-04	1.038744049072e+02	9.364975085191e-06
292	2.920000000000e+02	9.999967626352e-01	2.275634162961e-03	1.138511392987e-03	1.038932876587e+02	9.297436918132e-06
293	2.930000000000e+02	9.999941062020e-01	3.413483481989e-03	-3.683636092704e-04	1.039545593262e+02	9.256376870326e-06
294	2.940000000000e+02	9.999971609056e-01	2.115417523912e-03	-1.096899917061e-03	1.040605087280e+02	9.145691365120e-06
295	2.950000000000e+02	9.999976011887e-01	2.188851645316e-03	8.090357964836e-05	1.039200668335e+02	9.085119927477e-06
296	2.960000000000e+02	9.999941270616e-01	3.192349302165e-03	-1.246895470351e-03	1.039294738770e+02	9.000969839690e-06
297	2.970000000000e+02	9.999912455460e-01	3.906048722017e-03	-1.500538177562e-03	1.038029479980e+02	8.851116035657e-06
298	2.980000000000e+02	9.999799256026e-01	5.510207501112e-03	-3.128259127117e-03	1.038359909058e+02	8.773976333032e-06
299	2.990000000000e+02	9.999883194056e-01	4.181769642095e-03	-2.423603736330e-03	1.039765167236e+02	8.650663403387e-06
300	3.000000000000e+02	9.999815534848e-01	5.228164495859e-03	-3.091760992978e-03	1.039172058105e+02	8.560587048123e-06
301	3.010000000000e+02	9.999792605429e-01	5.110611213033e-03	-3.919201076354e-03	1.039328308105e+02	8.410288501182e-06
302	3.020000000000e+02	9.999826055825e-01	5.137689281963e-03	-2.897012490036e-03	1.040147094727e+02	8.169686225301e-06
303	3.030000000000e+02	9.999725228763e-01	6.515586970920e-03	-3.535621421513e-03	1.037044067383e+02	8.057711966103e-06
304	3.040000000000e+02	9.999748274775e-01	4.809585463962e-03	-5.216540913837e-03	1.039669265747e+02	7.876256859163e-06
305	3.050000000000e+02	9.999735571362e-01	5.196651592040e-03	-5.087223272665e-03	1.040202484131e+02	7.744302820356e-06
306	3.060000000000e+02	9.999685960485e-01	5.271369831513e-03	-5.917734106405e-03	1.040770797729e+02	7.553794148407e-06
307	3.070000000000e+02	9.999702269371e-01	4.579372290561e-03	-6.210844443474e-03	1.036710205078e+02	7.301552614081e-06
308	3.080000000000e+02	9.999579470208e-01	6.900300667996e-03	-6.040698690210e-03	1.032960586548e+02	7.159652341215e-06
309	3.090000000000e+02	9.999538618295e-01	7.107458693548e-03	-6.462061834863e-03	1.036486206055e+02	7.000276582403e-06
310	3.100000000000e+02	9.999546559151e-01	5.675767082212e-03	-7.646684363760e-03	1.036526870728e+02	6.684695108561e-06
311	3.110000000000e+02	9.999394406633e-01	6.069537938361e-03	-9.180180560612e-03	1.037358016968e+02	6.550328180310e-06
312	3.120000000000e+02	9.999446851438e-01	5.602517410966e-03	-8.901598249795e-03	1.037776565552e+02	6.345876045089e-06
313	3.130000000000e+02	9.999337338042e-01	3.838831844926e-03	-1.085317328961e-02	1.041153869629e+02	6.189319265104e-06
314	3.140000000000e+02	9.999312202198e-01	4.103691255209e-03	-1.098701724126e-02	1.038434295654e+02	6.036173544999e-06
315	3.150000000000e+02	9.999462402901e-01	4.692984075213e-03	-9.246211669429e-03	1.038076705933e+02	5.933611646469e-06
316	3.160000000000e+02	9.999069168725e-01	5.295957664199e-03	-1.257419670933e-02	1.037519073486e+02	5.771096766694e-06
317	3.170000000000e+02	9.998939469510e-01	5.463961005699e-03	-1.349962891916e-02	1.039306488037e+02	5.571831934503e-06
318	3.180000000000e+02	9.999060075121e-01	3.724412860215e-03	-1.319488120933e-02	1.038058547974e+02	5.505459284905e-06
319	3.190000000000e+02	9.999206345059e-01	4.097926274382e-03	-1.191350870090e-02	1.039170455933e+02	5.423480615718e-06
320	3.200000000000e+02	9.999010005594e-01	5.149070810001e-03	-1.309489023078e-02	1.038257293701e+02	5.256737040327e-06
321	3.210000000000e+02	9.999186123747e-01	3.339321214004e-03	-1.231330826767e-02	1.039178695679e+02	5.169195446797e-06
322	3.220000000000e+02	9.999121389103e-01	1.686239593747e-03	-1.314804380615e-02	1.039315948486e+02	5.055584097136e-06
323	3.230000000000e+02	9.999051080209e-01	4.371188306376e-03	-1.306398356134e-02	1.035355377197e+02	4.985436135030e-06
324	3.240000000000e+02	9.999073316401e-01	4.058654749499e-03	-1.299443934869e-02	1.037618331909e+02	4.928872385790e-06
325	3.250000000000e+02	9.998718886140e-01	3.636319472083e-03	-1.558792931113e-02	1.039032135010e+02	4.871421879216e-06
326	3.260000000000e+02	9.998734591130e-01	3.517010154485e-03	-1.551439334669e-02	1.035412368774e+02	4.821285074286e-06
327	3.270000000000e+02	9.999041889337e-01	1.621143963926e-03	-1.374717589498e-02	1.035477905273e+02	4.768684902956e-06
328	3.280000000000e+02	9.998950410126e-01	1.336248158420e-03	-1.442641325346e-02	1.039038085938e+02	4.704731054517e-06
329	3.290000000000e+02	9.998908805252e-01	-1.445800427644e-03	-1.470158847337e-02	1.038461303711e+02	4.718351192423e-06
330	3.300000000000e+02	9.998850788877e-01	-6.239375062806e-04	-1.514726772880e-02	1.041631698608e+02	4.711031579063e-06
331	3.310000000000e+02	9.998914352788e-01	-3.393600726292e-03	-1.433879807525e-02	1.039780731201e+02	4.710947450803e-06
332	3.320000000000e+02	9.999028666978e-01	-7.816472471793e-04	-1.391568169513e-02	1.037258300781e+02	4.713650014310e-06
333	3.330000000000e+02	9.999100694091e-01	-1.533796839826e-03	-1.332293367066e-02	1.039318771362e+02	4.746284503199e-06
334	3.340000000000e+02	9.999045508396e-01	-3.120202367065e-03	-1.345932938278e-02	1.037053680420e+02	4.761524451169e-06
335	3.350000000000e+02	9.998919206445e-01	-2.133329040900e-03	-1.454633758415e-02	1.035476150513e+02	4.816074579139e-06
336	3.360000000000e+02	9.998944838220e-01	-4.480582656269e-03	-1.381830674788e-02	1.037882232666e+02	4.873014404438e-06
337	3.370000000000e+02	9.999242726833e-01	-2.882099571023e-03	-1.196421333851e-02	1.034719085693e+02	4.955864824296e-06
338	3.380000000000e+02	9.999215437794e-01	-1.828000751966e-03	-1.239212245944e-02	1.037355728149e+02	5.044268618803e-06
339	3.390000000000e+02	9.999198286523e-01	-4.140613294532e-03	-1.196626881883e-02	1.037039260864e+02	5.127463737153e-06
340	3.400000000000e+02	9.999162742107e-01	-3.340759833911e-03	-1.250135561669e-02	1.036032028198e+02	5.224591859587e-06
341	3.410000000000e+02	9.999102063420e-01	-3.684155153336e-03	-1.288434141972e-02	1.037927093506e+02	5.281572157401e-06
342	3.420000000000e+02	9.999095145375e-01	-4.935044759189e-03	-1.251431462666e-02	1.038593521118e+02	5.403166142059e-06
343	3.430000000000e+02	9.999315238093e-01	-2.500793453192e-03	-1.143213560527e-02	1.037362518311e+02	5.530791895580e-06
344	3.440000000000e+02	9.999417345078e-01	-4.380305032236e-03	-9.866129803042e-03	1.039974136353e+02	5.637314188789e-06
345	3.450000000000e+02	9.999590361962e-01	-4.252698272404e-04	-9.041298313046e-03	1.035705642700e+02	5.754885023634e-06
346	3.460000000000e+02	9.999432467348e-01	-4.619436589307e-03	-9.600214322310e-03	1.038591918945e+02	5.878574029339e-06
347	3.470000000000e+02	9.999436497964e-01	-3.739588888125e-03	-9.935426851334e-03	1.038687591553e+02	5.995014817017e-06
348	3.480000000000e+02	9.999378176117e-01	-5.221157492559e-03	-9.853954755308e-03	1.040411758423e+02	6.121264959802e-06
349	3.490000000000e+02	9.999612764846e-01	-4.491133897121e-03	-7.568041203853e-03	1.036220703125e+02	6.264629519137e-06
350	3.500000000000e+02	9.999705864682e-01	-2.131351059228e-03	-7.367736504285e-03	1.038045654297e+02	6.419161763915e-06
351	3.510000000000e+02	9.999636811002e-01	-2.781603392225e-03	-8.056001684565e-03	1.038865432739e+02	6.543570634676e-06
352	3.520000000000e+02	9.999575539713e-01	-4.473116796245e-03	-8.054904206522e-03	1.041203079224e+02	6.653164746240e-06
353	3.530000000000e+02	9.999605592154e-01	-5.487705992085e-03	-6.983201029297e-03	1.040165634155e+02	6.809100341343e-06
354	3.540000000000e+02	9.999637491613e-01	-4.297194739000e-03	-7.350814966487e-03	1.039332351685e+02	6.936864792806e-06
355	3.550000000000e+02	9.999695347710e-01	-3.408528246866e-03	-7.022212261823e-03	1.038472290039e+02	7.088919119269e-06
356	3.560000000000e+02	9.999746266875e-01	-2.008099913516e-03	-6.834728661026e-03	1.036139831543e+02	7.203712357295e-06
357	3.570000000000e+02	9.999781354560e-01	-3.360755099636e-03	-5.695079908097e-03	1.035138168335e+02	7.292056579900e-06
358	3.580000000000e+02	9.999696665813e-01	-3.548001152885e-03	-6.933801627400e-03	1.038639297485e+02	7.455009836121e-06
359	3.590000000000e+02	9.999868947383e-01	-6.051661772540e-04	-5.083711794534e-03	1.036902236938e+02	7.569454282930e-06
360	3.600000000000e+02	9.999866870335e-01	-1.680301871476e-03	-4.878764326063e-03	1.036715927124e+02	7.722864211246e-06
