# Filename: 095902_polarimeter_vs_wheel.dat
# Timestamp: Tue May 21 09:59:02 2019

# Column 1:
#	name: measurement point
#	size: 0
#	type: coordinate
# Column 2:
#	name: angle
#	type: value
# Column 3:
#	name: S1
#	type: value
# Column 4:
#	name: S2
#	type: value
# Column 5:
#	name: S3
#	type: value
# Column 6:
#	name: DOP
#	type: value
# Column 7:
#	name: power
#	type: value

0	0.000000000000e+00	9.996391456064e-01	2.609862668235e-02	6.359265409040e-03	1.027115554810e+02	9.104655873671e-06
1	1.000000000000e+00	9.996092843442e-01	2.714865299478e-02	6.650510761159e-03	1.028733139038e+02	9.026044608618e-06
2	2.000000000000e+00	9.996321006778e-01	2.640598066853e-02	6.195763023538e-03	1.029007720947e+02	8.916071237763e-06
3	3.000000000000e+00	9.996238368046e-01	2.640814750035e-02	7.402340010042e-03	1.028930511475e+02	8.816386070976e-06
4	4.000000000000e+00	9.996614253290e-01	2.519364205261e-02	6.505006485388e-03	1.031403732300e+02	8.704982064955e-06
5	5.000000000000e+00	9.996594728651e-01	2.521899191449e-02	6.703786839290e-03	1.032651748657e+02	8.592157428211e-06
6	6.000000000000e+00	9.996296232311e-01	2.647818140322e-02	6.286673874254e-03	1.030895385742e+02	8.477330084133e-06
7	7.000000000000e+00	9.996403958201e-01	2.611141747616e-02	6.105155362626e-03	1.030288238525e+02	8.353694283869e-06
8	8.000000000000e+00	9.996376299818e-01	2.659776265707e-02	4.143397886596e-03	1.031371459961e+02	8.243744559877e-06
9	9.000000000000e+00	9.995877340172e-01	2.829765453258e-02	4.858472007268e-03	1.029858474731e+02	8.121072823997e-06
10	1.000000000000e+01	9.995545242486e-01	2.949106248053e-02	4.585879183765e-03	1.029517593384e+02	7.988085599209e-06
11	1.100000000000e+01	9.996173253049e-01	2.738057926761e-02	3.937871147939e-03	1.031455917358e+02	7.846540938772e-06
12	1.200000000000e+01	9.995408338812e-01	2.998057854523e-02	4.391618623954e-03	1.029708557129e+02	7.712835213169e-06
13	1.300000000000e+01	9.995162106587e-01	3.085033322433e-02	3.949882327161e-03	1.028722915649e+02	7.569576609967e-06
14	1.400000000000e+01	9.995637373734e-01	2.924768430686e-02	4.111920578947e-03	1.030796356201e+02	7.413193998218e-06
15	1.500000000000e+01	9.995708439813e-01	2.916095311804e-02	2.786875619329e-03	1.030798416138e+02	7.257732249855e-06
16	1.600000000000e+01	9.995688362326e-01	2.906119253953e-02	4.193890878100e-03	1.031968612671e+02	7.098748028511e-06
17	1.700000000000e+01	9.995231276158e-01	3.077671936098e-02	2.512151752378e-03	1.030480728149e+02	6.942575964786e-06
18	1.800000000000e+01	9.994999135678e-01	3.150531276244e-02	2.708882744570e-03	1.029922485352e+02	6.784365723433e-06
19	1.900000000000e+01	9.994900944457e-01	3.182392630358e-02	2.605536334567e-03	1.032651443481e+02	6.614264748350e-06
20	2.000000000000e+01	9.994310813743e-01	3.356588012849e-02	3.293216399134e-03	1.029325942993e+02	6.442736776080e-06
21	2.100000000000e+01	9.994367644904e-01	3.341327831770e-02	3.115544415394e-03	1.029143142700e+02	6.265071533562e-06
22	2.200000000000e+01	9.994493032828e-01	3.309045993282e-02	2.472170910600e-03	1.030293426514e+02	6.086796020099e-06
23	2.300000000000e+01	9.994591323308e-01	3.283517999471e-02	1.814870595824e-03	1.031387176514e+02	5.922011951043e-06
24	2.400000000000e+01	9.994127548835e-01	3.422975151569e-02	1.571460232329e-03	1.030998458862e+02	5.743500878452e-06
25	2.500000000000e+01	9.993997132736e-01	3.459763969316e-02	1.793442586896e-03	1.030590286255e+02	5.554458311963e-06
26	2.600000000000e+01	9.994319217280e-01	3.370212049207e-02	-3.008904710282e-05	1.033205261230e+02	5.366925961425e-06
27	2.700000000000e+01	9.994079739004e-01	3.440492859853e-02	-5.091597784872e-05	1.031581268311e+02	5.177520051802e-06
28	2.800000000000e+01	9.993287013358e-01	3.663309182777e-02	4.040664474231e-04	1.032194366455e+02	5.001124009141e-06
29	2.900000000000e+01	9.993749404583e-01	3.532892535767e-02	1.263098218088e-03	1.032293701172e+02	4.801855084224e-06
30	3.000000000000e+01	9.993128953394e-01	3.706254784265e-02	3.236601513954e-04	1.031877212524e+02	4.620470917871e-06
31	3.100000000000e+01	9.992617669858e-01	3.841031105362e-02	7.543507752132e-04	1.032283935547e+02	4.432343303051e-06
32	3.200000000000e+01	9.992307849266e-01	3.919099702920e-02	1.379930004744e-03	1.028869018555e+02	4.241287115292e-06
33	3.300000000000e+01	9.992733926346e-01	3.810631297739e-02	-7.718055284300e-04	1.031614913940e+02	4.044778052048e-06
34	3.400000000000e+01	9.992416836056e-01	3.893444842356e-02	-4.080084911732e-04	1.032975616455e+02	3.859193384415e-06
35	3.500000000000e+01	9.990662976301e-01	4.318850869441e-02	-1.133867898944e-03	1.031244049072e+02	3.024150828423e-06
36	3.600000000000e+01	9.990493236414e-01	4.353308791471e-02	-2.306336551107e-03	1.032753219604e+02	2.619883616717e-06
37	3.700000000000e+01	9.990190569883e-01	4.420784778906e-02	-2.567093316688e-03	1.031906814575e+02	2.446917733323e-06
38	3.800000000000e+01	9.988379382687e-01	4.811894890897e-02	-2.709212257531e-03	1.028303298950e+02	2.280399030496e-06
39	3.900000000000e+01	9.988799148348e-01	4.684302904520e-02	-6.681793886492e-03	1.031335601807e+02	2.110126160915e-06
40	4.000000000000e+01	9.987541172613e-01	4.936325271706e-02	-7.313175421159e-03	1.030623626709e+02	1.952363390956e-06
41	4.100000000000e+01	9.985343249083e-01	5.334558492931e-02	-9.135127173784e-03	1.028766098022e+02	1.800345444281e-06
42	4.200000000000e+01	9.968499695466e-01	7.897474417145e-02	-7.288895529306e-03	1.009068222046e+02	1.687792291705e-06
43	4.300000000000e+01	9.967361168901e-01	7.993834923261e-02	-1.126825668542e-02	1.012929534912e+02	1.541712322251e-06
44	4.400000000000e+01	9.964770429959e-01	8.291071488879e-02	-1.262204970817e-02	1.011604232788e+02	1.400185055900e-06
45	4.500000000000e+01	9.964297292531e-01	8.306263435769e-02	-1.511269116448e-02	1.010107421875e+02	1.264591674044e-06
46	4.600000000000e+01	9.963018555599e-01	8.475259353712e-02	-1.412835788929e-02	1.012629165649e+02	1.136339960794e-06
47	4.700000000000e+01	9.957940107021e-01	8.959492730997e-02	-1.915821625887e-02	1.010076599121e+02	1.018285274768e-06
48	4.800000000000e+01	9.957491475779e-01	9.012018911254e-02	-1.902594576461e-02	1.012537078857e+02	9.034679351316e-07
49	4.900000000000e+01	9.951865961030e-01	9.517052445841e-02	-2.337114056146e-02	1.008858413696e+02	7.987383128238e-07
50	5.000000000000e+01	9.947906813168e-01	9.786191946983e-02	-2.854023621156e-02	1.010153045654e+02	6.991487566665e-07
51	5.100000000000e+01	9.948229758775e-01	9.569346936840e-02	-3.420535903077e-02	1.014162826538e+02	6.041374263077e-07
52	5.200000000000e+01	9.946551322598e-01	9.545199180180e-02	-3.937112051073e-02	1.014339675903e+02	5.190796628085e-07
53	5.300000000000e+01	9.938825838480e-01	9.984458606780e-02	-4.720665373105e-02	1.008498382568e+02	4.445723789104e-07
54	5.400000000000e+01	9.932668350148e-01	1.022661540551e-01	-5.443003026402e-02	1.007866897583e+02	3.777922756854e-07
55	5.500000000000e+01	9.924086982342e-01	1.050589416523e-01	-6.393429789960e-02	1.005444259644e+02	3.195867179784e-07
56	5.600000000000e+01	9.930316367274e-01	9.474523249850e-02	-7.008216161973e-02	1.007192306519e+02	2.674353254406e-07
57	5.700000000000e+01	9.919115321718e-01	9.620708589496e-02	-8.279920874102e-02	1.001639099121e+02	2.269284635759e-07
58	5.800000000000e+01	9.921006943904e-01	8.006092926749e-02	-9.657359781472e-02	1.009984741211e+02	1.932741753308e-07
59	5.900000000000e+01	9.922503665962e-01	6.305303381947e-02	-1.070678519252e-01	1.008968811035e+02	1.699103222563e-07
60	6.000000000000e+01	9.922940969695e-01	4.899511233167e-02	-1.138064325387e-01	1.016880264282e+02	1.559055107236e-07
61	6.100000000000e+01	9.933508754601e-01	2.873997250044e-02	-1.114811742107e-01	1.005264129639e+02	1.499016804019e-07
62	6.200000000000e+01	9.943018184576e-01	1.924506976888e-03	-1.065841924714e-01	1.009543228149e+02	1.515985417200e-07
63	6.300000000000e+01	9.956512177783e-01	-1.287862712361e-02	-9.226480098040e-02	1.010007247925e+02	1.635964821389e-07
64	6.400000000000e+01	9.966673943900e-01	-2.737149093120e-02	-7.684338907167e-02	1.010274200439e+02	1.828431948070e-07
65	6.500000000000e+01	9.974264329615e-01	-3.254785407977e-02	-6.388386356956e-02	1.013091430664e+02	2.106570633487e-07
66	6.600000000000e+01	9.982850772198e-01	-3.283891783239e-02	-4.846142874337e-02	1.013162002563e+02	2.475337907981e-07
67	6.700000000000e+01	9.987173340982e-01	-3.340235261598e-02	-3.805219325458e-02	1.011668624878e+02	2.912478862527e-07
68	6.800000000000e+01	9.991128304787e-01	-3.157694146875e-02	-2.786482981065e-02	1.012444763184e+02	3.437650661908e-07
69	6.900000000000e+01	9.994152115343e-01	-2.729565346418e-02	-2.059568537116e-02	1.012253417969e+02	4.052415647493e-07
70	7.000000000000e+01	9.996934421419e-01	-1.943792293694e-02	-1.533586940380e-02	1.010681152344e+02	4.765128949202e-07
71	7.100000000000e+01	9.997749804301e-01	-1.832523233742e-02	-1.068524055337e-02	1.013439559937e+02	5.519654564523e-07
72	7.200000000000e+01	9.998733607628e-01	-1.456472084200e-02	-6.413372248834e-03	1.012270660400e+02	6.368771892085e-07
73	7.300000000000e+01	9.999507414517e-01	-9.682548813111e-03	-2.182411187274e-03	1.011586761475e+02	7.283210834430e-07
74	7.400000000000e+01	9.999826305066e-01	-5.881819607389e-03	-3.779990697646e-04	1.012338562012e+02	8.288398021250e-07
75	7.500000000000e+01	9.999986459685e-01	-1.503534414181e-03	6.689135852446e-04	1.007788848877e+02	9.335707886748e-07
76	7.600000000000e+01	9.999942442212e-01	1.926926259086e-04	3.387387486517e-03	1.010665588379e+02	1.043586166816e-06
77	7.700000000000e+01	9.999804229503e-01	4.457110086682e-03	4.391797553364e-03	1.009023971558e+02	1.162690978163e-06
78	7.800000000000e+01	9.999586922421e-01	7.593753948863e-03	4.994868412267e-03	1.011380920410e+02	1.287140207751e-06
79	7.900000000000e+01	9.999422096490e-01	8.915554677586e-03	6.007515889026e-03	1.009154815674e+02	1.414661937815e-06
80	8.000000000000e+01	9.999503905460e-01	7.596194400895e-03	6.443157425730e-03	1.012792739868e+02	1.545969212202e-06
81	8.100000000000e+01	9.999183301313e-01	1.084346427694e-02	6.764048335126e-03	1.013398666382e+02	1.687945882622e-06
82	8.200000000000e+01	9.998586506317e-01	1.509620583741e-02	7.401575932607e-03	1.009393920898e+02	1.830374912970e-06
83	8.300000000000e+01	9.998935486253e-01	-1.221606254006e-02	7.978673670081e-03	1.030271530151e+02	1.930167172759e-06
84	8.400000000000e+01	9.998969523704e-01	-1.186573289700e-02	8.080162323130e-03	1.035544967651e+02	2.076592636513e-06
85	8.500000000000e+01	9.999318724899e-01	-8.381894090820e-03	8.123683292698e-03	1.030691909790e+02	2.232371343780e-06
86	8.600000000000e+01	9.999238177552e-01	-9.128553926099e-03	8.308320468586e-03	1.032767105103e+02	2.381181047895e-06
87	8.700000000000e+01	9.999317670845e-01	-8.575847467280e-03	7.931961638294e-03	1.034273071289e+02	2.534618715799e-06
88	8.800000000000e+01	9.999436056237e-01	-5.901974769903e-03	8.829058048916e-03	1.031204757690e+02	2.695844614209e-06
89	8.900000000000e+01	9.999455274618e-01	-5.056216428903e-03	9.131088908096e-03	1.029912338257e+02	2.857720119209e-06
90	9.000000000000e+01	9.999481310625e-01	-5.401808925557e-03	8.634561077975e-03	1.032616729736e+02	3.016996970473e-06
91	9.100000000000e+01	9.999523194223e-01	-4.510524328483e-03	8.661065301643e-03	1.034376068115e+02	3.180104840794e-06
92	9.200000000000e+01	9.999581130290e-01	-2.832965399704e-03	8.703246206857e-03	1.032763061523e+02	3.346997345943e-06
93	9.300000000000e+01	9.999523047278e-01	-1.827818639868e-03	9.594130943871e-03	1.034536895752e+02	3.510803935569e-06
94	9.400000000000e+01	9.999503493743e-01	-1.334311793572e-03	9.875140419280e-03	1.034308013916e+02	3.669260422612e-06
95	9.500000000000e+01	9.999518774017e-01	1.156445711736e-03	9.741946120294e-03	1.030079727173e+02	3.835426014120e-06
96	9.600000000000e+01	9.999576827849e-01	9.842020838526e-04	9.146801942605e-03	1.032905883789e+02	3.996889063274e-06
97	9.700000000000e+01	9.999528022672e-01	9.040923109096e-04	9.673461374721e-03	1.033325881958e+02	4.154431735515e-06
98	9.800000000000e+01	9.999467174922e-01	4.170234005968e-04	1.031446886878e-02	1.033754501343e+02	4.309699306759e-06
99	9.900000000000e+01	9.999477408991e-01	3.614423301167e-03	9.563023320536e-03	1.032566757202e+02	4.479333256313e-06
100	1.000000000000e+02	9.999553327383e-01	2.435393255590e-03	9.132436036929e-03	1.034411239624e+02	4.633752269001e-06
101	1.010000000000e+02	9.999424964030e-01	3.290527482399e-03	1.020667997724e-02	1.034661865234e+02	4.788233127329e-06
102	1.020000000000e+02	9.999394701749e-01	4.098599271913e-03	1.021065474609e-02	1.034009246826e+02	4.941294264427e-06
103	1.030000000000e+02	9.999454471700e-01	4.422146017575e-03	9.462943966899e-03	1.033679656982e+02	5.089787464385e-06
104	1.040000000000e+02	9.999493935955e-01	4.619448861816e-03	8.937054332567e-03	1.034393539429e+02	5.237486675469e-06
105	1.050000000000e+02	9.999311566174e-01	6.081527151374e-03	1.003479213591e-02	1.032881317139e+02	5.402052920545e-06
106	1.060000000000e+02	9.999337737423e-01	5.453211706027e-03	1.013462439091e-02	1.033773269653e+02	5.537620836549e-06
107	1.070000000000e+02	9.999288141122e-01	7.585182420876e-03	9.210413442836e-03	1.032921981812e+02	5.690561010852e-06
108	1.080000000000e+02	9.999356337997e-01	6.719547568634e-03	9.141987647995e-03	1.033038406372e+02	5.830675490870e-06
109	1.090000000000e+02	9.999316436249e-01	5.758722045751e-03	1.017571609587e-02	1.033137207031e+02	5.970325673843e-06
110	1.100000000000e+02	9.999382151277e-01	6.732797277899e-03	8.845075921269e-03	1.035310821533e+02	6.112640676292e-06
111	1.110000000000e+02	9.999335026869e-01	7.735301546532e-03	8.553088002114e-03	1.033908920288e+02	6.248723366298e-06
112	1.120000000000e+02	9.998961915805e-01	1.011175138912e-02	1.026443113705e-02	1.029142532349e+02	6.374029453582e-06
113	1.130000000000e+02	9.999114613856e-01	1.015088734003e-02	8.604003479921e-03	1.030193176270e+02	6.515551376651e-06
114	1.140000000000e+02	9.999323110296e-01	8.471050501407e-03	7.975880040573e-03	1.033506622314e+02	6.628227311012e-06
115	1.150000000000e+02	9.999186176326e-01	9.459535914805e-03	8.560098829109e-03	1.034039764404e+02	6.747302904841e-06
116	1.160000000000e+02	9.999118352920e-01	9.266710997491e-03	9.510505259431e-03	1.031239471436e+02	6.858993401693e-06
117	1.170000000000e+02	9.999122801799e-01	1.021205154492e-02	8.434805784835e-03	1.031865997314e+02	6.976218628552e-06
118	1.180000000000e+02	9.998972635274e-01	1.099916336486e-02	9.191343519962e-03	1.030631866455e+02	7.091929091985e-06
119	1.190000000000e+02	9.998667745687e-01	1.392905979753e-02	8.509665492514e-03	1.029471359253e+02	7.206886493805e-06
120	1.200000000000e+02	9.998648856946e-01	1.347517988039e-02	9.414344482267e-03	1.030937652588e+02	7.471075150534e-06
121	1.210000000000e+02	9.998736964010e-01	1.294491074367e-02	9.220657855617e-03	1.032048034668e+02	7.558806373709e-06
122	1.220000000000e+02	9.998734779408e-01	1.279362508500e-02	9.452579948449e-03	1.030943527222e+02	7.641338015674e-06
123	1.230000000000e+02	9.998645365517e-01	1.420573065409e-02	8.312987601246e-03	1.030306243896e+02	7.738071872154e-06
124	1.240000000000e+02	9.998505670728e-01	1.422496387696e-02	9.823132238157e-03	1.034225463867e+02	7.815600838512e-06
125	1.250000000000e+02	9.998669106852e-01	1.394682481696e-02	8.464454759884e-03	1.030773010254e+02	7.890020242485e-06
126	1.260000000000e+02	9.998532403382e-01	1.437640720458e-02	9.317548023985e-03	1.031330108643e+02	7.960407856444e-06
127	1.270000000000e+02	9.998511987219e-01	1.490284025293e-02	8.688254529145e-03	1.030463485718e+02	8.025777788134e-06
128	1.280000000000e+02	9.998422294711e-01	1.566165061227e-02	8.380266485509e-03	1.031495666504e+02	8.086872185231e-06
129	1.290000000000e+02	9.998681135725e-01	1.343910144163e-02	9.118443580574e-03	1.030661468506e+02	8.133363735396e-06
130	1.300000000000e+02	9.998397046528e-01	1.569904624550e-02	8.608423019324e-03	1.028963928223e+02	8.201900527638e-06
131	1.310000000000e+02	9.998536888423e-01	1.455380799508e-02	8.988191213274e-03	1.030523300171e+02	8.247761797975e-06
132	1.320000000000e+02	9.998451394045e-01	1.545103531142e-02	8.423937144789e-03	1.030609359741e+02	8.305465598824e-06
133	1.330000000000e+02	9.998273838512e-01	1.654304665944e-02	8.457547433062e-03	1.030006027222e+02	8.360318133782e-06
134	1.340000000000e+02	9.998585645896e-01	1.477765091915e-02	8.029436471626e-03	1.032440109253e+02	8.395812983508e-06
135	1.350000000000e+02	9.998351932778e-01	1.606736443955e-02	8.451395334707e-03	1.030118179321e+02	8.450470886601e-06
136	1.360000000000e+02	9.998247577165e-01	1.687634705613e-02	8.102022415030e-03	1.029635620117e+02	8.488395906170e-06
137	1.370000000000e+02	9.998226345592e-01	1.676829613958e-02	8.574594319837e-03	1.029801940918e+02	8.540154340153e-06
138	1.380000000000e+02	9.998079555344e-01	1.765935112041e-02	8.497021135984e-03	1.029826660156e+02	8.578254892200e-06
139	1.390000000000e+02	9.998032806675e-01	1.788794067808e-02	8.568637276196e-03	1.029553451538e+02	8.621590495750e-06
140	1.400000000000e+02	9.997898640846e-01	1.845019658018e-02	8.934087523114e-03	1.030167694092e+02	8.658065780764e-06
141	1.410000000000e+02	9.997835680414e-01	1.927822474869e-02	7.820941433440e-03	1.028648910522e+02	8.691714356246e-06
142	1.420000000000e+02	9.997957687799e-01	1.835111026869e-02	8.465074234732e-03	1.029848556519e+02	8.716774573259e-06
143	1.430000000000e+02	9.998034442253e-01	1.809861189069e-02	8.094020190441e-03	1.030938491821e+02	8.732469723327e-06
144	1.440000000000e+02	9.998016903833e-01	1.817834184229e-02	8.131899809520e-03	1.030901107788e+02	8.757234354562e-06
145	1.450000000000e+02	9.997921430082e-01	1.894908203975e-02	7.523501102706e-03	1.030052642822e+02	8.771266948315e-06
146	1.460000000000e+02	9.998053447321e-01	1.863313786410e-02	6.486818831273e-03	1.030421752930e+02	8.789314051683e-06
147	1.470000000000e+02	9.998065666734e-01	1.817330529621e-02	7.520652329145e-03	1.031501235962e+02	8.794219866104e-06
148	1.480000000000e+02	9.998120681456e-01	1.786365601673e-02	7.531147591379e-03	1.031654510498e+02	8.805984180071e-06
149	1.490000000000e+02	9.997806492879e-01	1.965743405311e-02	7.227627273280e-03	1.029710006714e+02	8.821975825413e-06
150	1.500000000000e+02	9.997729488377e-01	1.996286644657e-02	7.452163154831e-03	1.031417541504e+02	8.814468856144e-06
151	1.510000000000e+02	9.997833412498e-01	1.967024319607e-02	6.808237066347e-03	1.030574645996e+02	8.807240192255e-06
152	1.520000000000e+02	9.997803883106e-01	1.954046361203e-02	7.572676635790e-03	1.031101303101e+02	8.807669473754e-06
153	1.530000000000e+02	9.997692015609e-01	2.022545388722e-02	7.243937147530e-03	1.030063705444e+02	8.813391104923e-06
154	1.540000000000e+02	9.997820600029e-01	1.982223573674e-02	6.550684446451e-03	1.033547668457e+02	8.790550964477e-06
155	1.550000000000e+02	9.997873269064e-01	1.983903370662e-02	5.631491715049e-03	1.031922683716e+02	8.784673809714e-06
156	1.560000000000e+02	9.997772763507e-01	1.987698644195e-02	7.092468030670e-03	1.031955642700e+02	8.766546670813e-06
157	1.570000000000e+02	9.997518627967e-01	2.100272353155e-02	7.422832263560e-03	1.030689620972e+02	8.758043804846e-06
158	1.580000000000e+02	9.997647564370e-01	2.077287596581e-02	6.238542342638e-03	1.031956787109e+02	8.733757567825e-06
159	1.590000000000e+02	9.997397727998e-01	2.180586092447e-02	6.700082943935e-03	1.031328811646e+02	8.725748557481e-06
160	1.600000000000e+02	9.997375645613e-01	2.198073092790e-02	6.453640283675e-03	1.032310333252e+02	8.690994945937e-06
161	1.610000000000e+02	9.997340554355e-01	2.234730597357e-02	5.693533011090e-03	1.030970916748e+02	8.662564141559e-06
162	1.620000000000e+02	9.997535774633e-01	2.134734443015e-02	6.088943670825e-03	1.031904907227e+02	8.632960998511e-06
163	1.630000000000e+02	9.997899764878e-01	1.964867346998e-02	5.825164846779e-03	1.033359069824e+02	8.574960702390e-06
164	1.640000000000e+02	9.997509950481e-01	2.164084467145e-02	5.442585984056e-03	1.033221206665e+02	8.562189577788e-06
165	1.650000000000e+02	9.997665530960e-01	2.093518868255e-02	5.343892333957e-03	1.030992355347e+02	8.510419320373e-06
166	1.660000000000e+02	9.997743477629e-01	2.074827363119e-02	4.556610204870e-03	1.032901000977e+02	8.473670277453e-06
167	1.670000000000e+02	9.997469002054e-01	2.190963247562e-02	5.109161817327e-03	1.031206512451e+02	8.440531928500e-06
168	1.680000000000e+02	9.997606847754e-01	2.151049253246e-02	3.983953876270e-03	1.033086242676e+02	8.386811714445e-06
169	1.690000000000e+02	9.997513258904e-01	2.198699579419e-02	3.722686710039e-03	1.033005447388e+02	8.334957783518e-06
170	1.700000000000e+02	9.997322460016e-01	2.262771112599e-02	4.839730751588e-03	1.032818222046e+02	8.286065167340e-06
171	1.710000000000e+02	9.997099866766e-01	2.358278501596e-02	4.877990354081e-03	1.030853805542e+02	8.220864401665e-06
172	1.720000000000e+02	9.997232457891e-01	2.307691802224e-02	4.570304535942e-03	1.033375854492e+02	8.162792255462e-06
173	1.730000000000e+02	9.997174274179e-01	2.334888913440e-02	4.460346752386e-03	1.032617874146e+02	8.098302714643e-06
174	1.740000000000e+02	9.997046518841e-01	2.383318383151e-02	4.752720245881e-03	1.032752685547e+02	8.035484825086e-06
175	1.750000000000e+02	9.996898016065e-01	2.455710735588e-02	4.153196622636e-03	1.031741180420e+02	7.963656571519e-06
176	1.760000000000e+02	9.996737549617e-01	2.517559004171e-02	4.309675961337e-03	1.032166900635e+02	7.876394192863e-06
177	1.770000000000e+02	9.996418880791e-01	2.637117972984e-02	4.544939750447e-03	1.029758224487e+02	7.808154805389e-06
178	1.780000000000e+02	9.996704713535e-01	2.533446178265e-02	4.136876838855e-03	1.032065582275e+02	7.712037586316e-06
179	1.790000000000e+02	9.996807729745e-01	2.496601331200e-02	3.879474765127e-03	1.031912155151e+02	7.618229119544e-06
180	1.800000000000e+02	9.996679333842e-01	2.546521212775e-02	3.942833327541e-03	1.031304855347e+02	7.527435172960e-06
181	1.810000000000e+02	9.996835548139e-01	2.492184205472e-02	3.419360058663e-03	1.031425552368e+02	7.412887953251e-06
182	1.820000000000e+02	9.995966675654e-01	2.810196967912e-02	4.096521967920e-03	1.030688705444e+02	7.331354481721e-06
183	1.830000000000e+02	9.996147636527e-01	2.744013581338e-02	4.166921406237e-03	1.030217361450e+02	7.214085599117e-06
184	1.840000000000e+02	9.996255921134e-01	2.712369512713e-02	3.602881415049e-03	1.032075347900e+02	7.100914899638e-06
185	1.850000000000e+02	9.995787180365e-01	2.884490570047e-02	3.218363503973e-03	1.030925903320e+02	6.991459031269e-06
186	1.860000000000e+02	9.996104177697e-01	2.773242582510e-02	3.150435555546e-03	1.031914978027e+02	6.862196642032e-06
187	1.870000000000e+02	9.995683853724e-01	2.913488181229e-02	3.768504462726e-03	1.029491119385e+02	6.738443516952e-06
188	1.880000000000e+02	9.995685119070e-01	2.926845562862e-02	2.479417079240e-03	1.032661361694e+02	6.610545824515e-06
189	1.890000000000e+02	9.995589119329e-01	2.950383281233e-02	3.391964768344e-03	1.029938049316e+02	6.472375844169e-06
190	1.900000000000e+02	9.995292503827e-01	3.057177295917e-02	2.577659321340e-03	1.031343994141e+02	6.337123068079e-06
191	1.910000000000e+02	9.995350894178e-01	3.034332151346e-02	2.981251760538e-03	1.032567977905e+02	6.193148237799e-06
192	1.920000000000e+02	9.995645356124e-01	2.936064647194e-02	2.948149385830e-03	1.031465148926e+02	6.035598289600e-06
193	1.930000000000e+02	9.995056366896e-01	3.132861993508e-02	2.645713258056e-03	1.031132507324e+02	5.890568900213e-06
194	1.940000000000e+02	9.994606723736e-01	3.278597100258e-02	1.855932101419e-03	1.032879104614e+02	5.743554993387e-06
195	1.950000000000e+02	9.994880733935e-01	3.193824211696e-02	1.881444828027e-03	1.030993041992e+02	5.576627700066e-06
196	1.960000000000e+02	9.994416329581e-01	3.338684249451e-02	1.319491647444e-03	1.030445022583e+02	5.425369181467e-06
197	1.970000000000e+02	9.995029250316e-01	3.152270185021e-02	4.712974745562e-04	1.032662124634e+02	5.249312380329e-06
198	1.980000000000e+02	9.994301043388e-01	3.375060624316e-02	6.025939955468e-04	1.030207061768e+02	5.086529199616e-06
199	1.990000000000e+02	9.994343643869e-01	3.362956340955e-02	6.121691230458e-05	1.031122741699e+02	4.914131750411e-06
200	2.000000000000e+02	9.994193492190e-01	3.407229033041e-02	-2.084184424956e-04	1.030594177246e+02	4.740969416162e-06
201	2.010000000000e+02	9.994468066808e-01	3.324400297439e-02	9.575394886314e-04	1.031647033691e+02	4.566192728817e-06
202	2.020000000000e+02	9.994613787186e-01	3.280006863211e-02	1.052590949832e-03	1.032800369263e+02	4.390593858261e-06
203	2.030000000000e+02	9.993518842794e-01	3.598584282803e-02	-9.113194898506e-04	1.034636840820e+02	4.227410045132e-06
204	2.040000000000e+02	9.992638030448e-01	3.833630717305e-02	-1.476305128969e-03	1.031109695435e+02	4.056122634211e-06
205	2.050000000000e+02	9.993534833723e-01	3.593973542621e-02	9.750329248190e-04	1.032813949585e+02	3.968484634242e-06
206	2.060000000000e+02	9.993260857164e-01	3.661033145949e-02	2.656696678357e-03	1.032583999634e+02	4.174702098680e-06
207	2.070000000000e+02	9.992958387873e-01	3.751617554266e-02	6.026234489588e-04	1.031861801147e+02	3.993693098892e-06
208	2.080000000000e+02	9.991990022042e-01	4.001459490842e-02	-4.314957038847e-04	1.031154632568e+02	3.351392479090e-06
209	2.090000000000e+02	9.992233882141e-01	3.939351672877e-02	-8.782286862572e-04	1.032288436890e+02	3.175730171279e-06
210	2.100000000000e+02	9.990897981646e-01	4.265639912805e-02	-8.256480439504e-05	1.029804153442e+02	2.999465550602e-06
211	2.110000000000e+02	9.991175106258e-01	4.199143158225e-02	-9.589757484329e-04	1.033474960327e+02	2.825330739142e-06
212	2.120000000000e+02	9.990992879963e-01	4.236232860095e-02	-2.458829138267e-03	1.033637619019e+02	2.652017428773e-06
213	2.130000000000e+02	9.990190349725e-01	4.418637081880e-02	-2.921026611319e-03	1.033583908081e+02	2.488667860234e-06
214	2.140000000000e+02	9.990412910778e-01	4.367902940323e-02	-2.939576853069e-03	1.033910751343e+02	2.319058921785e-06
215	2.150000000000e+02	9.989060600501e-01	4.657633646050e-02	-4.162700696619e-03	1.033589630127e+02	2.161768179576e-06
216	2.160000000000e+02	9.988688170888e-01	4.726568184114e-02	-5.200150732026e-03	1.032763748169e+02	2.003415374929e-06
217	2.170000000000e+02	9.988424655318e-01	4.771661656534e-02	-6.070712797584e-03	1.034006652832e+02	1.852847617556e-06
218	2.180000000000e+02	9.987574181767e-01	4.923559021262e-02	-7.712087486903e-03	1.034355087280e+02	1.704775627331e-06
219	2.190000000000e+02	9.969732749452e-01	7.720985616300e-02	-9.106434887145e-03	1.013469924927e+02	1.599703068678e-06
220	2.200000000000e+02	9.966734145365e-01	8.096762902027e-02	-9.292352073893e-03	1.011841125488e+02	1.461272404413e-06
221	2.210000000000e+02	9.966138442477e-01	8.151782686824e-02	-1.075589868677e-02	1.010549621582e+02	1.324982122242e-06
222	2.220000000000e+02	9.965899743888e-01	8.119883582764e-02	-1.466874254775e-02	1.014756927490e+02	1.198627387566e-06
223	2.230000000000e+02	9.963775654657e-01	8.338636066095e-02	-1.668717748329e-02	1.014992446899e+02	1.078417540157e-06
224	2.240000000000e+02	9.963619418620e-01	8.312682941657e-02	-1.878326489516e-02	1.012880401611e+02	9.619325282983e-07
225	2.250000000000e+02	9.958686038493e-01	8.830471975843e-02	-2.116601841517e-02	1.011993789673e+02	8.564110203224e-07
226	2.260000000000e+02	9.957563811228e-01	8.839993261642e-02	-2.558674200824e-02	1.013526077271e+02	7.551199132649e-07
227	2.270000000000e+02	9.951669325490e-01	9.417627049649e-02	-2.781378140960e-02	1.007176971436e+02	6.629593940488e-07
228	2.280000000000e+02	9.949227756268e-01	9.483997292609e-02	-3.367565996939e-02	1.010708160400e+02	5.766445951849e-07
229	2.290000000000e+02	9.946187383101e-01	9.580474352648e-02	-3.943369777443e-02	1.009480972290e+02	4.977200092071e-07
230	2.300000000000e+02	9.937059418257e-01	1.006743043248e-01	-4.912418578573e-02	1.007023315430e+02	4.277297023236e-07
231	2.310000000000e+02	9.940246623531e-01	9.449131128048e-02	-5.464762324386e-02	1.011195907593e+02	3.635394705270e-07
232	2.320000000000e+02	9.931551497206e-01	9.476072013519e-02	-6.828802605860e-02	1.007966537476e+02	3.087095024057e-07
233	2.330000000000e+02	9.928421827231e-01	9.273108507504e-02	-7.526849318501e-02	1.012758102417e+02	2.623481236697e-07
234	2.340000000000e+02	9.930512580379e-01	8.300999606786e-02	-8.341786057091e-02	1.012041625977e+02	2.242959880050e-07
235	2.350000000000e+02	9.926932225014e-01	7.111684233097e-02	-9.748107886472e-02	1.008894271851e+02	1.940564970937e-07
236	2.360000000000e+02	9.926351128022e-01	6.547554116813e-02	-1.019239242809e-01	9.989333343506e+01	1.733208705446e-07
237	2.370000000000e+02	9.925813330190e-01	4.213219503286e-02	-1.140490047474e-01	1.010793533325e+02	1.606720445579e-07
238	2.380000000000e+02	9.943487080956e-01	1.959000125337e-02	-1.043402058633e-01	9.980787658691e+01	1.566684204590e-07
239	2.390000000000e+02	9.944483838951e-01	1.912580151309e-03	-1.052081451488e-01	1.008548507690e+02	1.615451878934e-07
240	2.400000000000e+02	9.957042153670e-01	-1.180339389481e-02	-9.183569781393e-02	1.006688308716e+02	1.742817516970e-07
241	2.410000000000e+02	9.968424522892e-01	-2.374011439992e-02	-7.577289939257e-02	1.003652648926e+02	1.958030395599e-07
242	2.420000000000e+02	9.978091714684e-01	-2.925064867046e-02	-5.934017935519e-02	1.007382049561e+02	2.253975708300e-07
243	2.430000000000e+02	9.984614773919e-01	-3.077180581801e-02	-4.612780214866e-02	1.012999954224e+02	2.639654042014e-07
244	2.440000000000e+02	9.987815076027e-01	-3.151831912091e-02	-3.797493424061e-02	1.014864959717e+02	3.100452374838e-07
245	2.450000000000e+02	9.993381593880e-01	-2.625505823326e-02	-2.517767082430e-02	1.009749069214e+02	3.651776978586e-07
246	2.460000000000e+02	9.995417786524e-01	-2.120586757544e-02	-2.159962751636e-02	1.012377395630e+02	4.284570707114e-07
247	2.470000000000e+02	9.997187719047e-01	-1.869532182418e-02	-1.458979243227e-02	1.011643829346e+02	4.980389007869e-07
248	2.480000000000e+02	9.998230167879e-01	-1.450175790770e-02	-1.198474525446e-02	1.012266387939e+02	5.774644478151e-07
249	2.490000000000e+02	9.998971147315e-01	-1.147471564581e-02	-8.607604335681e-03	1.013419265747e+02	6.638069862674e-07
250	2.500000000000e+02	9.999700102270e-01	-6.546939080994e-03	-4.137177222130e-03	1.011060714722e+02	7.599282412230e-07
251	2.510000000000e+02	9.999783474404e-01	-6.233467009581e-03	-2.109156090721e-03	1.014222946167e+02	8.593185611971e-07
252	2.520000000000e+02	9.999889207404e-01	-4.469323190115e-03	1.477682871204e-03	1.014778594971e+02	9.670783356341e-07
253	2.530000000000e+02	9.999942587851e-01	-2.107093049258e-04	3.382011000790e-03	1.012352066040e+02	1.084752284441e-06
254	2.540000000000e+02	9.999817638283e-01	4.220246989313e-03	4.319898867749e-03	1.012075805664e+02	1.208045887324e-06
255	2.550000000000e+02	9.999811979100e-01	4.728434103352e-03	3.904579029449e-03	1.014196319580e+02	1.335674710390e-06
256	2.560000000000e+02	9.999414101234e-01	7.855645274607e-03	7.447493389839e-03	1.012564086914e+02	1.470546976634e-06
257	2.570000000000e+02	9.999177006343e-01	9.508284266735e-03	8.613041768102e-03	1.012184982300e+02	1.609881792319e-06
258	2.580000000000e+02	9.999215801217e-01	1.014312210162e-02	7.345112730778e-03	1.013440322876e+02	1.751709191922e-06
259	2.590000000000e+02	9.998545176817e-01	-1.446704633390e-02	9.035930598249e-03	1.033043975830e+02	1.858865516624e-06
260	2.600000000000e+02	9.998724767652e-01	-1.329552096694e-02	8.846430335362e-03	1.034859695435e+02	2.007526745729e-06
261	2.610000000000e+02	9.998929922117e-01	-1.200492735102e-02	8.359775427089e-03	1.034912261963e+02	2.164831812479e-06
262	2.620000000000e+02	9.999209053772e-01	-9.502608645869e-03	8.239139425058e-03	1.034264984131e+02	2.324868091819e-06
263	2.630000000000e+02	9.999214062911e-01	-8.897146292199e-03	8.833007903739e-03	1.032610473633e+02	2.488652853572e-06
264	2.640000000000e+02	9.999372126777e-01	-7.812951327209e-03	8.032962965741e-03	1.034531478882e+02	2.654080162756e-06
265	2.650000000000e+02	9.999394998237e-01	-6.847618768129e-03	8.608531206234e-03	1.036328582764e+02	2.827589241861e-06
266	2.660000000000e+02	9.999397692430e-01	-4.481620387819e-03	1.001863088949e-02	1.031880569458e+02	3.007092345797e-06
267	2.670000000000e+02	9.999330880653e-01	-5.093822184454e-03	1.038616231820e-02	1.032715072632e+02	3.181078909620e-06
268	2.680000000000e+02	9.999541673162e-01	-2.150388867388e-03	9.329474514133e-03	1.034851074219e+02	3.362709094290e-06
269	2.690000000000e+02	9.999545541049e-01	-1.330145214085e-03	9.440362201818e-03	1.032621765137e+02	3.541264277374e-06
270	2.700000000000e+02	9.999382114604e-01	-3.337733978336e-03	1.060343308763e-02	1.033779602051e+02	3.717007984960e-06
271	2.710000000000e+02	9.999602098497e-01	2.472817398632e-04	8.917262424819e-03	1.031652755737e+02	3.905594439857e-06
272	2.720000000000e+02	9.999456434224e-01	-1.645663918651e-03	1.029572682755e-02	1.033017044067e+02	4.088125933777e-06
273	2.730000000000e+02	9.999551371476e-01	7.276724783120e-04	9.444267303789e-03	1.032342453003e+02	4.277490006643e-06
274	2.740000000000e+02	9.999387375125e-01	3.536046291125e-04	1.106328096205e-02	1.034790039062e+02	4.458896000870e-06
275	2.750000000000e+02	9.999520069939e-01	3.207091215454e-04	9.791876968744e-03	1.034573669434e+02	4.642936801247e-06
276	2.760000000000e+02	9.999380591650e-01	3.001206952604e-03	1.071776982744e-02	1.033214569092e+02	4.825982614420e-06
277	2.770000000000e+02	9.999231104216e-01	4.374366392483e-03	1.160336862515e-02	1.029616470337e+02	4.998154054192e-06
278	2.780000000000e+02	9.999498214230e-01	2.478650909397e-03	9.706231281747e-03	1.035475158691e+02	5.182642780710e-06
279	2.790000000000e+02	9.999437394771e-01	3.252624606278e-03	1.009645055406e-02	1.033848571777e+02	5.353777396522e-06
280	2.800000000000e+02	9.999226927324e-01	5.521335903854e-03	1.114106855946e-02	1.031122360229e+02	5.543840416067e-06
281	2.810000000000e+02	9.999308091901e-01	4.442345790275e-03	1.089230904121e-02	1.032445526123e+02	5.710651748814e-06
282	2.820000000000e+02	9.999143929883e-01	6.758146545864e-03	1.120420234244e-02	1.031123580933e+02	5.902611064812e-06
283	2.830000000000e+02	9.999168960877e-01	6.365384772877e-03	1.121083382121e-02	1.032656555176e+02	6.069494247640e-06
284	2.840000000000e+02	9.999251768987e-01	5.515985565787e-03	1.091853961803e-02	1.037238006592e+02	6.228871825442e-06
285	2.850000000000e+02	9.999112860424e-01	7.737633085871e-03	1.084200531492e-02	1.033395385742e+02	6.402628059732e-06
286	2.860000000000e+02	9.999227732660e-01	6.391289273949e-03	1.065827966330e-02	1.035968322754e+02	6.556733751495e-06
287	2.870000000000e+02	9.998912107676e-01	9.707346932364e-03	1.110558621382e-02	1.032587280273e+02	6.723646492901e-06
288	2.880000000000e+02	9.999003952068e-01	8.465177237571e-03	1.129338034709e-02	1.030890884399e+02	6.864088391012e-06
289	2.890000000000e+02	9.999005451585e-01	9.822474199724e-03	1.012021701219e-02	1.033071289062e+02	7.028845629975e-06
290	2.900000000000e+02	9.999041790505e-01	8.978514606248e-03	1.053655507016e-02	1.032894134521e+02	7.174864549597e-06
291	2.910000000000e+02	9.999041509840e-01	9.210373813110e-03	1.033720751515e-02	1.033023223877e+02	7.321136308747e-06
292	2.920000000000e+02	9.999195970074e-01	8.337190994864e-03	9.554620182868e-03	1.034622421265e+02	7.447829830198e-06
293	2.930000000000e+02	9.999134201125e-01	8.897416447400e-03	9.694754221659e-03	1.034160156250e+02	7.594268481625e-06
294	2.940000000000e+02	9.999011558614e-01	9.673111761190e-03	1.020340217114e-02	1.033624801636e+02	7.730185643595e-06
295	2.950000000000e+02	9.998786791727e-01	1.230396228075e-02	9.551934257811e-03	1.031382369995e+02	8.101351340883e-06
296	2.960000000000e+02	9.999024610731e-01	9.212622945416e-03	1.049742437084e-02	1.033137283325e+02	8.202730896301e-06
297	2.970000000000e+02	9.998570712509e-01	1.307928648270e-02	1.071304506837e-02	1.031622009277e+02	8.340875865542e-06
298	2.980000000000e+02	9.998409268636e-01	1.406794136655e-02	1.096421425772e-02	1.030337219238e+02	8.465120117762e-06
299	2.990000000000e+02	9.998462156971e-01	1.374983341824e-02	1.088517510527e-02	1.031607589722e+02	8.577636435803e-06
300	3.000000000000e+02	9.998308831703e-01	1.475852488892e-02	1.097228335847e-02	1.030368041992e+02	8.686009095982e-06
301	3.010000000000e+02	9.998280351733e-01	1.510563841756e-02	1.075731236901e-02	1.032749786377e+02	8.803082891973e-06
302	3.020000000000e+02	9.998717739075e-01	1.261645245234e-02	9.862092605643e-03	1.033926086426e+02	8.872439138941e-06
303	3.030000000000e+02	9.998462505765e-01	1.444115921002e-02	9.946262052610e-03	1.034677429199e+02	8.999111742014e-06
304	3.040000000000e+02	9.998612639882e-01	1.366790068522e-02	9.520570720392e-03	1.033998718262e+02	9.077390132006e-06
305	3.050000000000e+02	9.998599253448e-01	1.382512789448e-02	9.433744125106e-03	1.034451141357e+02	9.182882422465e-06
306	3.060000000000e+02	9.998543125085e-01	1.429833530858e-02	9.322626534823e-03	1.034443817139e+02	9.269245310861e-06
307	3.070000000000e+02	9.998465949970e-01	1.497644855228e-02	9.082536085349e-03	1.033468246460e+02	9.358471288579e-06
308	3.080000000000e+02	9.998428030073e-01	1.489890009665e-02	9.612078365592e-03	1.033777465820e+02	9.435629181098e-06
309	3.090000000000e+02	9.998421501117e-01	1.501190842617e-02	9.503550146013e-03	1.033855590820e+02	9.504410627414e-06
310	3.100000000000e+02	9.998205538370e-01	1.624858017484e-02	9.738776484788e-03	1.032216033936e+02	9.591286470823e-06
311	3.110000000000e+02	9.997886850990e-01	1.812433646048e-02	9.700184318225e-03	1.032987365723e+02	9.674777174951e-06
312	3.120000000000e+02	9.998102467796e-01	1.672743507327e-02	9.983153324380e-03	1.033276214600e+02	9.745719580678e-06
313	3.130000000000e+02	9.998162224518e-01	1.671632789275e-02	9.385398448462e-03	1.033751449585e+02	9.797689017432e-06
314	3.140000000000e+02	9.998142037497e-01	1.730453399282e-02	8.491824518309e-03	1.034303970337e+02	9.832125215326e-06
315	3.150000000000e+02	9.998079795764e-01	1.747705978703e-02	8.863202391174e-03	1.033394241333e+02	9.911723282130e-06
316	3.160000000000e+02	9.997923940504e-01	1.848756163572e-02	8.566146375730e-03	1.032984771729e+02	9.970455721486e-06
317	3.170000000000e+02	9.998034096850e-01	1.756150922847e-02	9.205182009494e-03	1.031401367188e+02	9.983636118704e-06
318	3.180000000000e+02	9.997763450595e-01	1.921716087506e-02	8.829529285224e-03	1.034665832520e+02	1.005072044791e-05
319	3.190000000000e+02	9.998118743820e-01	1.744505695942e-02	8.478551322750e-03	1.033353652954e+02	1.007654282148e-05
320	3.200000000000e+02	9.997755759071e-01	1.949267902261e-02	8.296582678561e-03	1.032283172607e+02	1.012405937217e-05
321	3.210000000000e+02	9.997786617040e-01	1.859091319424e-02	9.849139452790e-03	1.031167297363e+02	1.014873305394e-05
322	3.220000000000e+02	9.997629558919e-01	1.956098805239e-02	9.560322832198e-03	1.031418075562e+02	1.016968417389e-05
323	3.230000000000e+02	9.997754251409e-01	1.888140319997e-02	9.622468374503e-03	1.030740127563e+02	1.019134197122e-05
324	3.240000000000e+02	9.997376824617e-01	2.061910212544e-02	9.970902352852e-03	1.029724731445e+02	1.021422212943e-05
325	3.250000000000e+02	9.997494701282e-01	1.976066533821e-02	1.051252033225e-02	1.030615463257e+02	1.021948173729e-05
326	3.260000000000e+02	9.997044977155e-01	2.183931100567e-02	1.067528651627e-02	1.028604736328e+02	1.025465826388e-05
327	3.270000000000e+02	9.997263194529e-01	2.099789601418e-02	1.031380415416e-02	1.029504852295e+02	1.024416269502e-05
328	3.280000000000e+02	9.997243970060e-01	2.125372300716e-02	9.970420719144e-03	1.029427261353e+02	1.024311495712e-05
329	3.290000000000e+02	9.997190694930e-01	2.128126975280e-02	1.043502035398e-02	1.030918655396e+02	1.024394987326e-05
330	3.300000000000e+02	9.997224606841e-01	2.201914960225e-02	8.376076315051e-03	1.030804443359e+02	1.024829543894e-05
331	3.310000000000e+02	9.997516458084e-01	2.003719570235e-02	9.754870159820e-03	1.030904998779e+02	1.021590014716e-05
332	3.320000000000e+02	9.997163837942e-01	2.227143578475e-02	8.434163944232e-03	1.030126113892e+02	1.020304716803e-05
333	3.330000000000e+02	9.997074160986e-01	2.211182017420e-02	9.805590549658e-03	1.030792922974e+02	1.019482078846e-05
334	3.340000000000e+02	9.997498195000e-01	1.998255400953e-02	1.004967387866e-02	1.032264099121e+02	1.016552323563e-05
335	3.350000000000e+02	9.997035441539e-01	2.270885705515e-02	8.782460778341e-03	1.031062393188e+02	1.014609551930e-05
336	3.360000000000e+02	9.997168956864e-01	2.206373975572e-02	8.906170175192e-03	1.031653213501e+02	1.010710911942e-05
337	3.370000000000e+02	9.997125127252e-01	2.182112554015e-02	9.936316261620e-03	1.032781066895e+02	1.007758510241e-05
338	3.380000000000e+02	9.996484092461e-01	2.452973738205e-02	1.006726753684e-02	1.030870361328e+02	1.004793921311e-05
339	3.390000000000e+02	9.996764650045e-01	2.347241532702e-02	9.798522069094e-03	1.030937957764e+02	9.988693818741e-06
340	3.400000000000e+02	9.996953120958e-01	2.236801991397e-02	1.043813483447e-02	1.031532363892e+02	9.938717994373e-06
341	3.410000000000e+02	9.997074240189e-01	2.239213741946e-02	9.146504430023e-03	1.030562133789e+02	9.888910426525e-06
342	3.420000000000e+02	9.996940314297e-01	2.340545837170e-02	8.001752449098e-03	1.030386276245e+02	9.833537660597e-06
343	3.430000000000e+02	9.996975217258e-01	2.302159622256e-02	8.652812412271e-03	1.030674743652e+02	9.761009096110e-06
344	3.440000000000e+02	9.996811043059e-01	2.354573670075e-02	9.126224680604e-03	1.031018829346e+02	9.686933481134e-06
345	3.450000000000e+02	9.996828203018e-01	2.332447323184e-02	9.498828449699e-03	1.031143035889e+02	9.623777259549e-06
346	3.460000000000e+02	9.996746578469e-01	2.409765667631e-02	8.359509640416e-03	1.030474853516e+02	9.555674296280e-06
347	3.470000000000e+02	9.996631051247e-01	2.429531485357e-02	9.133122604514e-03	1.029304275513e+02	9.475677870796e-06
348	3.480000000000e+02	9.996884995278e-01	2.338839714134e-02	8.711302483886e-03	1.030221328735e+02	9.386670171807e-06
349	3.490000000000e+02	9.996707652963e-01	2.430205868982e-02	8.232311665289e-03	1.029780349731e+02	9.306609172199e-06
350	3.500000000000e+02	9.996467142114e-01	2.564485103102e-02	6.984868065064e-03	1.030503005981e+02	9.218382729159e-06
351	3.510000000000e+02	9.996321514365e-01	2.578053415523e-02	8.421749997301e-03	1.028978881836e+02	9.111657163885e-06
352	3.520000000000e+02	9.996560836923e-01	2.540135173208e-02	6.518103030599e-03	1.029305343628e+02	9.004044841276e-06
353	3.530000000000e+02	9.996121933808e-01	2.695578406944e-02	6.989173750490e-03	1.028686141968e+02	8.905195500120e-06
354	3.540000000000e+02	9.996351428935e-01	2.608862374186e-02	6.997485522665e-03	1.029684066772e+02	8.789753337624e-06
355	3.550000000000e+02	9.996529613410e-01	2.563081931462e-02	6.084240573848e-03	1.030866851807e+02	8.674965101818e-06
356	3.560000000000e+02	9.995995606148e-01	2.788596083271e-02	4.805372732027e-03	1.030240402222e+02	8.567452823627e-06
357	3.570000000000e+02	9.995778847250e-01	2.867911382911e-02	4.643360719225e-03	1.030904312134e+02	8.440730198345e-06
358	3.580000000000e+02	9.995727224717e-01	2.894753310518e-02	4.051273572018e-03	1.030662689209e+02	8.311510100611e-06
359	3.590000000000e+02	9.995655503105e-01	2.909783044987e-02	4.693281962110e-03	1.030640945435e+02	8.172073648893e-06
360	3.600000000000e+02	9.995599204606e-01	2.913201246007e-02	5.593859032814e-03	1.031198425293e+02	8.053844794631e-06
