# Filename: 173534_polarimeter_vs_wheel.dat
# Timestamp: Wed May 08 17:35:34 2019

# Column 1:
#	name: measurement point
#	size: 0
#	type: coordinate
# Column 2:
#	name: angle
#	type: value
# Column 3:
#	name: S1
#	type: value
# Column 4:
#	name: S2
#	type: value
# Column 5:
#	name: S3
#	type: value
# Column 6:
#	name: DOP
#	type: value
# Column 7:
#	name: power
#	type: value

0	0.000000000000e+00	9.998333858909e-01	-1.824784920791e-02	-4.652496743517e-04	1.044330520630e+02	2.244889401481e-06
1	1.000000000000e+00	9.998443338838e-01	-1.764272203352e-02	2.058149360097e-04	1.038857498169e+02	2.345567054363e-06
2	2.000000000000e+00	9.998087419100e-01	-1.861795636690e-02	5.987595594296e-03	1.034367065430e+02	2.437929424559e-06
3	3.000000000000e+00	9.997420102417e-01	-2.271237179064e-02	-2.472358511485e-04	1.042991943359e+02	2.549623786763e-06
4	4.000000000000e+00	9.998587068014e-01	-1.616325602789e-02	4.616880755426e-03	1.038357772827e+02	2.662801534825e-06
5	5.000000000000e+00	9.998138125157e-01	-1.928609761097e-02	6.218856551886e-04	1.038542480469e+02	2.764150167422e-06
6	6.000000000000e+00	9.998092742554e-01	-1.888718446486e-02	4.968840496800e-03	1.040776672363e+02	2.870608113881e-06
7	7.000000000000e+00	9.998855631172e-01	-1.510986186368e-02	7.434677080528e-04	1.037374038696e+02	2.976004680022e-06
8	8.000000000000e+00	9.998540067237e-01	-1.707978066520e-02	4.963174344441e-04	1.038871841431e+02	3.087485310971e-06
9	9.000000000000e+00	9.998658430643e-01	-1.634232787358e-02	1.106432545555e-03	1.040617980957e+02	3.209773012713e-06
10	1.000000000000e+01	9.999250599200e-01	-1.211833095337e-02	1.737987024988e-03	1.037454986572e+02	3.320671567053e-06
11	1.100000000000e+01	9.998944903649e-01	-1.448002321700e-02	1.156315549421e-03	1.042262115479e+02	3.423452426432e-06
12	1.200000000000e+01	9.998979787037e-01	-1.422935056000e-02	1.248105335171e-03	1.036699066162e+02	3.516286142258e-06
13	1.300000000000e+01	9.998624811233e-01	-1.634286909187e-02	2.815931789147e-03	1.037101516724e+02	3.626516900113e-06
14	1.400000000000e+01	9.998562805301e-01	-1.691814838487e-02	1.092950040614e-03	1.039456787109e+02	3.762857431866e-06
15	1.500000000000e+01	9.999391586101e-01	-1.103075596287e-02	3.874308935105e-05	1.039496002197e+02	3.846744220937e-06
16	1.600000000000e+01	9.999497142944e-01	-9.778864271474e-03	-2.223217530114e-03	1.035253219604e+02	3.952274710173e-06
17	1.700000000000e+01	9.998975397879e-01	-1.413635232210e-02	2.252436287238e-03	1.038169097900e+02	4.070268005307e-06
18	1.800000000000e+01	9.999588318783e-01	-9.069266223343e-03	-2.880255817568e-04	1.038401031494e+02	4.197560429020e-06
19	1.900000000000e+01	9.999654400080e-01	-8.313627872209e-03	-4.879858273272e-05	1.036437454224e+02	4.289317530493e-06
20	2.000000000000e+01	9.999330983699e-01	-1.152066953840e-02	1.035836775881e-03	1.039664840698e+02	4.364428605186e-06
21	2.100000000000e+01	9.999492256658e-01	-9.859925239886e-03	2.080376068965e-03	1.035917282104e+02	4.487660589803e-06
22	2.200000000000e+01	9.999350864509e-01	-1.117567869053e-02	2.219704974944e-03	1.036039810181e+02	4.590135631588e-06
23	2.300000000000e+01	9.999440023492e-01	-1.054559894734e-02	-8.845952382465e-04	1.038555679321e+02	4.664125299314e-06
24	2.400000000000e+01	9.999391983142e-01	-1.102086153192e-02	-3.745476236391e-04	1.039729080200e+02	4.764272034663e-06
25	2.500000000000e+01	9.999250607152e-01	-1.223301862484e-02	-4.756144152871e-04	1.040716934204e+02	4.853648988501e-06
26	2.600000000000e+01	9.999839469529e-01	-5.661048005588e-03	-2.416030152897e-04	1.034654769897e+02	4.980282028555e-06
27	2.700000000000e+01	9.999353603562e-01	-1.127618064040e-02	1.457003603646e-03	1.039348449707e+02	5.060691364633e-06
28	2.800000000000e+01	9.999633066315e-01	-8.550725457175e-03	5.200815602938e-04	1.034503173828e+02	5.133121703693e-06
29	2.900000000000e+01	9.999676536666e-01	-7.830117381879e-03	-1.838717551133e-03	1.039760971069e+02	5.239392976364e-06
30	3.000000000000e+01	9.999687396299e-01	-7.641412120924e-03	2.031891685345e-03	1.036288146973e+02	5.316758233676e-06
31	3.100000000000e+01	9.999740201699e-01	-6.968020957987e-03	1.845445532474e-03	1.036877365112e+02	5.387035798776e-06
32	3.200000000000e+01	9.999717594097e-01	-7.434362781744e-03	-1.100287773213e-03	1.038348846436e+02	5.516160854313e-06
33	3.300000000000e+01	9.999805080853e-01	-6.003044769004e-03	-1.716654590325e-03	1.036274032593e+02	5.755423444498e-06
34	3.400000000000e+01	9.999839566880e-01	-5.530750394253e-03	-1.223587627109e-03	1.035854568481e+02	5.876898285351e-06
35	3.500000000000e+01	9.999838388893e-01	-5.644000292928e-03	-6.835355456315e-04	1.035117950439e+02	5.916075224377e-06
36	3.600000000000e+01	9.999870834308e-01	-4.827423275528e-03	-1.590269174136e-03	1.036088943481e+02	5.996676918585e-06
37	3.700000000000e+01	9.999906554326e-01	-4.236274800960e-03	-8.619879610564e-04	1.036048965454e+02	6.089738690207e-06
38	3.800000000000e+01	9.999818222509e-01	-5.782035238289e-03	-1.709747416496e-03	1.036351242065e+02	6.157106781757e-06
39	3.900000000000e+01	9.999828727119e-01	-5.684049485549e-03	-1.394942390605e-03	1.039857711792e+02	6.170311280584e-06
40	4.000000000000e+01	9.999918015504e-01	-3.989037322754e-03	6.959979792375e-04	1.036306991577e+02	6.291006229731e-06
41	4.100000000000e+01	9.999935043446e-01	-3.604233531301e-03	-2.773453125099e-05	1.036751327515e+02	6.365981789713e-06
42	4.200000000000e+01	9.999931222468e-01	-3.685771959362e-03	-4.129698961478e-04	1.038292160034e+02	6.385330379999e-06
43	4.300000000000e+01	9.999883940047e-01	-3.080528886400e-03	3.704348475666e-03	1.032484970093e+02	6.411064532585e-06
44	4.400000000000e+01	9.999911156515e-01	-4.069859259203e-03	-1.097662844634e-03	1.036863708496e+02	6.507976650028e-06
45	4.500000000000e+01	9.999954056830e-01	-2.738299408655e-03	-1.300126659838e-03	1.036735610962e+02	6.537841727550e-06
46	4.600000000000e+01	9.999878238974e-01	-4.717991094976e-03	-1.446588028010e-03	1.037857818604e+02	6.599595508305e-06
47	4.700000000000e+01	9.999962623156e-01	-2.503935561128e-03	-1.098026168248e-03	1.035694961548e+02	6.593358648388e-06
48	4.800000000000e+01	9.999935972562e-01	-3.192363735500e-03	-1.616867461325e-03	1.035876235962e+02	6.681126251351e-06
49	4.900000000000e+01	9.999925591437e-01	-3.857670816946e-03	5.754581796637e-06	1.038473587036e+02	6.723886599502e-06
50	5.000000000000e+01	9.999941753949e-01	-1.024189061517e-03	-3.255796845767e-03	1.041201171875e+02	6.735212082276e-06
51	5.100000000000e+01	9.999927863783e-01	-3.616509644084e-03	1.161055270779e-03	1.040286102295e+02	6.764964382455e-06
52	5.200000000000e+01	9.999947826646e-01	-3.058017973512e-03	-1.040754388609e-03	1.040720596313e+02	6.762172688468e-06
53	5.300000000000e+01	9.999987778094e-01	1.499584469442e-03	4.422964920517e-04	1.034996490479e+02	6.821117949585e-06
54	5.400000000000e+01	9.999987838642e-01	1.555851361615e-03	1.076876996390e-04	1.031522216797e+02	6.845862117189e-06
55	5.500000000000e+01	9.999969633083e-01	2.369810095615e-03	-6.762945579429e-04	1.033491439819e+02	6.853397280793e-06
56	5.600000000000e+01	9.999982053553e-01	1.883914711695e-03	-2.003782774092e-04	1.035599670410e+02	6.836835382273e-06
57	5.700000000000e+01	9.999959438393e-01	2.432631081012e-03	1.481421955684e-03	1.032782287598e+02	6.853727427369e-06
58	5.800000000000e+01	9.999957982592e-01	1.675771088386e-03	-2.365429177684e-03	1.036737060547e+02	6.870659035485e-06
59	5.900000000000e+01	9.999936861674e-01	3.514333723292e-03	5.263874840659e-04	1.034438095093e+02	6.885023140057e-06
60	6.000000000000e+01	9.999943036047e-01	3.351494824197e-03	4.003005714988e-04	1.035202255249e+02	6.844402832940e-06
61	6.100000000000e+01	9.999960200654e-01	1.243996206697e-03	-2.532257254285e-03	1.036819534302e+02	6.824532192695e-06
62	6.200000000000e+01	9.999952145100e-01	2.590224445145e-03	-1.691654331932e-03	1.035142974854e+02	6.827058768977e-06
63	6.300000000000e+01	9.999949079908e-01	3.189967421625e-03	-9.000229613698e-05	1.035886611938e+02	6.693201612507e-06
64	6.400000000000e+01	9.999926848841e-01	3.621499872109e-03	-1.230819638461e-03	1.038392028809e+02	6.815314918640e-06
65	6.500000000000e+01	9.999873541678e-01	4.472876632182e-03	-2.298886481738e-03	1.035731658936e+02	6.748871783202e-06
66	6.600000000000e+01	9.999992427699e-01	1.079968055294e-03	-5.900242805517e-04	1.038383178711e+02	6.718544682371e-06
67	6.700000000000e+01	9.999865571470e-01	4.798793555422e-03	-1.963951564686e-03	1.035658035278e+02	6.657661288045e-06
68	6.800000000000e+01	9.999987994167e-01	1.484683268020e-03	4.437125641041e-04	1.035803298950e+02	6.632879376411e-06
69	6.900000000000e+01	9.999926435403e-01	3.284255120508e-03	-1.981548289326e-03	1.038805465698e+02	6.596912953682e-06
70	7.000000000000e+01	9.999942691263e-01	2.194447127900e-03	-2.578006259337e-03	1.039206085205e+02	6.576255600521e-06
71	7.100000000000e+01	9.999878501698e-01	4.822403845524e-03	-1.021730872096e-03	1.034908599854e+02	6.462658802775e-06
72	7.200000000000e+01	9.999910363211e-01	3.463660209177e-03	-2.435227984066e-03	1.038740615845e+02	6.471958386101e-06
73	7.300000000000e+01	9.999840683750e-01	5.587121405421e-03	8.044070053027e-04	1.033907470703e+02	6.399572612281e-06
74	7.400000000000e+01	9.999863332683e-01	4.796885598273e-03	-2.079222251716e-03	1.037864837646e+02	6.316866347333e-06
75	7.500000000000e+01	9.999819674649e-01	6.004825708274e-03	8.254228358402e-05	1.035262145996e+02	6.263967861742e-06
76	7.600000000000e+01	9.999778896998e-01	6.636979346609e-03	-4.130578012622e-04	1.035482406616e+02	6.174040663609e-06
77	7.700000000000e+01	9.999674105857e-01	7.973989249606e-03	-1.262244784871e-03	1.036499404907e+02	6.102934548835e-06
78	7.800000000000e+01	9.999597983967e-01	8.927990612923e-03	8.322103717658e-04	1.035998611450e+02	6.049699095456e-06
79	7.900000000000e+01	9.999699820899e-01	7.675500130044e-03	-1.059064196179e-03	1.037861175537e+02	5.966900516796e-06
80	8.000000000000e+01	9.999596555609e-01	8.200192541289e-03	-3.666618709254e-03	1.035729980469e+02	5.856309144292e-06
81	8.100000000000e+01	9.999769856053e-01	6.783127410910e-03	1.320689034827e-04	1.035891189575e+02	5.747275736212e-06
82	8.200000000000e+01	9.999629085816e-01	8.444128928592e-03	-1.696510432764e-03	1.036913452148e+02	5.727475581807e-06
83	8.300000000000e+01	9.999750898715e-01	7.015339146476e-03	-7.775945210975e-04	1.035529479980e+02	5.609744221147e-06
84	8.400000000000e+01	9.999586465207e-01	8.933821822284e-03	-1.700610498586e-03	1.035400161743e+02	5.497919119080e-06
85	8.500000000000e+01	9.999519345444e-01	9.708294342066e-03	-1.370263441327e-03	1.038263931274e+02	5.441250777949e-06
86	8.600000000000e+01	9.999545677279e-01	9.288803303713e-03	-2.140236722947e-03	1.036673278809e+02	5.294887614582e-06
87	8.700000000000e+01	9.999593508375e-01	8.415130405969e-03	-3.237630749899e-03	1.037902297974e+02	5.187661372474e-06
88	8.800000000000e+01	9.999706978240e-01	7.653570829542e-03	1.623175871330e-04	1.034953002930e+02	5.080391019874e-06
89	8.900000000000e+01	9.999493825117e-01	1.006126530854e-02	-5.792190877459e-05	1.035621643066e+02	4.961499598721e-06
90	9.000000000000e+01	9.999506349381e-01	9.743807403682e-03	-1.945740024899e-03	1.037882461548e+02	4.862804871664e-06
91	9.100000000000e+01	9.999366445817e-01	1.122050553013e-02	-8.983754009286e-04	1.036225051880e+02	4.730230102723e-06
92	9.200000000000e+01	9.999428095365e-01	1.069244393707e-02	2.220336907067e-04	1.039388046265e+02	4.642600742955e-06
93	9.300000000000e+01	9.999274913869e-01	1.194023201679e-02	-1.562954902080e-03	1.037015151978e+02	4.590557637130e-06
94	9.400000000000e+01	9.999119601588e-01	1.326920602386e-02	1.014506258240e-05	1.034240036011e+02	4.478913524508e-06
95	9.500000000000e+01	9.998710120020e-01	1.604743314423e-02	-6.627574972945e-04	1.031492691040e+02	4.340544819570e-06
96	9.600000000000e+01	9.999302588194e-01	1.175273615321e-02	-1.162192054888e-03	1.035083236694e+02	4.212923158775e-06
97	9.700000000000e+01	9.999412441592e-01	1.083989777018e-02	6.961124188063e-05	1.041544113159e+02	4.077704943484e-06
98	9.800000000000e+01	9.998606220716e-01	1.667021495129e-02	-9.167136891764e-04	1.032432556152e+02	3.960617050325e-06
99	9.900000000000e+01	9.998502203883e-01	1.718199607059e-02	-2.077450499203e-03	1.032673568726e+02	3.835451479972e-06
100	1.000000000000e+02	9.998190822863e-01	1.794175626707e-02	-6.316334241985e-03	1.037835693359e+02	3.706450570462e-06
101	1.010000000000e+02	9.998280256778e-01	1.835849868264e-02	-2.623851226089e-03	1.038588409424e+02	3.584371825127e-06
102	1.020000000000e+02	9.998861581537e-01	1.505072011444e-02	1.070773840975e-03	1.033372039795e+02	3.441195531195e-06
103	1.030000000000e+02	9.999158611144e-01	1.243389061588e-02	-3.697168652936e-03	1.042621154785e+02	3.306531652925e-06
104	1.040000000000e+02	9.998380507624e-01	1.799610718317e-02	-1.112384537431e-04	1.034947357178e+02	3.170681793563e-06
105	1.050000000000e+02	9.998863615376e-01	1.420055684570e-02	-5.060454166949e-03	1.039591522217e+02	3.059342816414e-06
106	1.060000000000e+02	9.998692319833e-01	1.616627175775e-02	-4.130262022344e-04	1.040104217529e+02	2.937322960861e-06
107	1.070000000000e+02	9.997583810386e-01	2.178075067292e-02	-2.962843781100e-03	1.032756652832e+02	2.823153636200e-06
108	1.080000000000e+02	9.997445285901e-01	2.229304856343e-02	-3.727940435026e-03	1.032534179688e+02	2.671245738384e-06
109	1.090000000000e+02	9.998547205951e-01	1.704508139789e-02	5.388738796501e-05	1.035058135986e+02	2.566461716924e-06
110	1.100000000000e+02	9.997448143266e-01	2.214186159686e-02	-4.477074045815e-03	1.042711029053e+02	2.451673708492e-06
111	1.110000000000e+02	9.996956436120e-01	2.436872474056e-02	-3.845178499527e-03	1.038984680176e+02	2.305340331077e-06
112	1.120000000000e+02	9.996519598876e-01	2.602908003384e-02	-4.294890612713e-03	1.038567199707e+02	2.200719109169e-06
113	1.130000000000e+02	9.996652709458e-01	2.550354128442e-02	-4.349189203388e-03	1.037267761230e+02	2.071807557513e-06
114	1.140000000000e+02	9.997193995282e-01	2.368376706222e-02	4.487590458079e-04	1.030421752930e+02	1.970328867174e-06
115	1.150000000000e+02	9.996485720327e-01	2.642990966612e-02	-2.047512627082e-03	1.027923049927e+02	1.850778744483e-06
116	1.160000000000e+02	9.978903396420e-01	6.487611879243e-02	2.441159481570e-03	1.005434341431e+02	1.658838073126e-06
117	1.170000000000e+02	9.978569852212e-01	6.535609278625e-02	3.165151007645e-03	1.003984909058e+02	1.564824060551e-06
118	1.180000000000e+02	9.987066340387e-01	4.978125155819e-02	-1.033857439276e-02	1.023528213501e+02	1.435808030692e-06
119	1.190000000000e+02	9.976719596657e-01	6.814480771849e-02	2.635541266513e-03	1.004300613403e+02	1.348934461021e-06
120	1.200000000000e+02	9.980911482069e-01	6.171821375605e-02	2.218549467563e-03	1.012107620239e+02	1.246971351065e-06
121	1.210000000000e+02	9.977275348820e-01	6.619323618695e-02	-1.257861762320e-02	1.012178268433e+02	1.140830704571e-06
122	1.220000000000e+02	9.974568029163e-01	7.034740697713e-02	-1.145288817771e-02	1.013734130859e+02	1.057832150764e-06
123	1.230000000000e+02	9.982342401735e-01	5.938526604542e-02	-1.338626859095e-03	1.006364288330e+02	9.654387440605e-07
124	1.240000000000e+02	9.972167999599e-01	7.436228217612e-02	-5.376324696841e-03	9.965380096436e+01	8.898952614800e-07
125	1.250000000000e+02	9.987238588697e-01	5.039489012176e-02	-3.317947251749e-03	1.020449371338e+02	7.877951020419e-07
126	1.260000000000e+02	9.976934435962e-01	6.783680477440e-02	2.441418254752e-03	9.954248809814e+01	7.147616543079e-07
127	1.270000000000e+02	9.983101455045e-01	5.140777660195e-02	-2.709416704055e-02	1.029952621460e+02	5.452025106933e-07
128	1.280000000000e+02	9.961106082275e-01	8.354697828086e-02	-2.799211669045e-02	1.006449890137e+02	4.881646304966e-07
129	1.290000000000e+02	9.978263683229e-01	6.586383995062e-02	-2.119732639698e-03	9.997313690186e+01	4.283836574359e-07
130	1.300000000000e+02	9.940867030898e-01	1.077703997940e-01	-1.331043456670e-02	9.707229614258e+01	3.821074869848e-07
131	1.310000000000e+02	9.918416026422e-01	1.243992081747e-01	-2.784011985627e-02	1.000860214233e+02	3.337282805660e-07
132	1.320000000000e+02	9.938835146441e-01	1.028789080868e-01	-4.014336295847e-02	1.045872192383e+02	2.830861660641e-07
133	1.330000000000e+02	9.967441266397e-01	5.883910062732e-02	-5.512808945215e-02	1.082059555054e+02	2.321403655969e-07
134	1.340000000000e+02	9.874633583163e-01	1.560635152824e-01	2.367055513507e-02	9.743099975586e+01	2.049889786804e-07
135	1.350000000000e+02	9.912580233387e-01	1.071029381048e-01	-7.704863279769e-02	9.887274932861e+01	1.634930697492e-07
136	1.360000000000e+02	9.844069382445e-01	1.623600837993e-01	-6.769182465256e-02	1.024418029785e+02	1.388904991018e-07
137	1.370000000000e+02	9.913955690974e-01	1.299731894696e-01	-1.554977791131e-02	8.847560882568e+01	1.162893923379e-07
138	1.380000000000e+02	9.751042998496e-01	2.177240467579e-01	-4.204573555304e-02	8.614076232910e+01	1.015688226857e-07
139	1.390000000000e+02	9.968284873113e-01	-7.946118850073e-02	-4.345849360467e-03	1.142378082275e+02	6.708044963943e-08
140	1.400000000000e+02	9.964343307448e-01	-1.299924441324e-02	8.336452577575e-02	8.440537261963e+01	6.184117751218e-08
141	1.410000000000e+02	9.649948302586e-01	2.246599010293e-01	1.353251877656e-01	7.550347900391e+01	6.582246925291e-08
142	1.420000000000e+02	9.642880411588e-01	2.287981936618e-01	1.334164916911e-01	8.066337585449e+01	6.709463207244e-08
143	1.430000000000e+02	9.861108568061e-01	1.223187664663e-01	1.123543388535e-01	9.266365051270e+01	6.992818413210e-08
144	1.440000000000e+02	9.952562572670e-01	-3.775602461818e-02	8.966306360944e-02	1.038628540039e+02	7.339883723034e-08
145	1.450000000000e+02	9.873109282864e-01	-1.429409059197e-01	6.917389898764e-02	1.044318313599e+02	8.123070216470e-08
146	1.460000000000e+02	9.896179740436e-01	-1.362312165348e-01	4.579651833152e-02	9.614244842529e+01	9.896299246748e-08
147	1.470000000000e+02	9.962293760677e-01	-8.655417117777e-02	-5.950269871937e-03	1.139132537842e+02	1.181427649044e-07
148	1.480000000000e+02	9.995928028161e-01	2.589506407367e-02	-1.198641793237e-02	9.495818328857e+01	1.589772580246e-07
149	1.490000000000e+02	9.937819292317e-01	-1.017935290035e-01	4.511712075942e-02	9.882408905029e+01	1.718584599075e-07
150	1.500000000000e+02	9.979418624990e-01	-3.968735349742e-02	5.036817491634e-02	9.470582580566e+01	2.119427335856e-07
151	1.510000000000e+02	9.987267068407e-01	-2.488168272367e-02	4.388470015799e-02	9.549191284180e+01	2.550087003783e-07
152	1.520000000000e+02	9.990819230003e-01	-1.485529474797e-02	4.018247568151e-02	9.663996124268e+01	2.982383762173e-07
153	1.530000000000e+02	9.992639265785e-01	-1.298862112311e-02	3.609571664800e-02	9.746532440186e+01	3.448568577369e-07
154	1.540000000000e+02	9.983803517576e-01	-5.606506470880e-02	-9.663422974990e-03	1.031225128174e+02	3.848931271477e-07
155	1.550000000000e+02	9.993758569101e-01	-2.253074271946e-02	2.720776098338e-02	1.019271469116e+02	4.508779056778e-07
156	1.560000000000e+02	9.997375012546e-01	-2.262748876949e-02	-3.595182484663e-03	1.013826751709e+02	5.067342954135e-07
157	1.570000000000e+02	9.999253570438e-01	-1.215636434575e-02	-1.226028812931e-03	1.017242355347e+02	5.713541213481e-07
158	1.580000000000e+02	9.999705323677e-01	-7.490145225942e-03	1.682890619871e-03	1.019649963379e+02	6.387718372025e-07
159	1.590000000000e+02	9.997567344577e-01	-1.874038229279e-02	1.163056224205e-02	9.998064422607e+01	7.062255349410e-07
160	1.600000000000e+02	9.999838427330e-01	-8.208235717823e-05	5.683971793312e-03	1.003763122559e+02	7.906588734841e-07
161	1.610000000000e+02	9.999665857327e-01	-7.980913342132e-03	1.769870137659e-03	1.025686187744e+02	8.639775046504e-07
162	1.620000000000e+02	9.998196386861e-01	-7.553856483042e-03	1.742496340707e-02	1.007014160156e+02	9.428394491806e-07
163	1.630000000000e+02	9.998473420463e-01	-1.342398602621e-03	1.742098071334e-02	1.007769241333e+02	1.025258939080e-06
164	1.640000000000e+02	9.998341180799e-01	-5.935894657059e-03	1.721921827421e-02	1.013831405640e+02	1.120058755077e-06
165	1.650000000000e+02	9.998439653441e-01	-1.191898551477e-02	1.303774325661e-02	1.019608001709e+02	1.198282916448e-06
166	1.660000000000e+02	9.999802569191e-01	-3.492964233731e-03	5.223501968384e-03	1.020286026001e+02	1.294362618864e-06
167	1.670000000000e+02	9.999798249875e-01	-2.078323445207e-03	6.002515270065e-03	1.021017227173e+02	1.394194100612e-06
168	1.680000000000e+02	9.999724639241e-01	-1.845497984755e-03	7.187873864749e-03	1.023398056030e+02	1.490789259151e-06
169	1.690000000000e+02	9.999485634083e-01	-3.217252913938e-03	9.618722437289e-03	1.012070465088e+02	1.596942183824e-06
170	1.700000000000e+02	9.999681667824e-01	1.260054209281e-03	7.878939341800e-03	1.007928848267e+02	1.709680532258e-06
171	1.710000000000e+02	9.999588715013e-01	3.214408965705e-03	8.480735868538e-03	1.008083267212e+02	1.819535441427e-06
172	1.720000000000e+02	9.996556711466e-01	-2.447007483707e-02	9.473889484427e-03	1.037834777832e+02	1.875281554931e-06
173	1.730000000000e+02	9.996174842012e-01	-2.737475581525e-02	3.938022770094e-03	1.041663589478e+02	1.980365368581e-06
174	1.740000000000e+02	9.996941915107e-01	-2.411316814403e-02	5.484394388425e-03	1.042069473267e+02	2.096934622386e-06
175	1.750000000000e+02	9.995716778078e-01	-2.818070608843e-02	7.893587832702e-03	1.038540344238e+02	2.183418928325e-06
176	1.760000000000e+02	9.996388553567e-01	-2.600252128616e-02	6.784375277966e-03	1.037614059448e+02	2.313681079613e-06
177	1.770000000000e+02	9.997602983207e-01	-2.071926439474e-02	7.075166760221e-03	1.033456802368e+02	2.441857986923e-06
178	1.780000000000e+02	9.996753172276e-01	-2.439567138920e-02	7.356041278819e-03	1.045462646484e+02	2.541283265600e-06
179	1.790000000000e+02	9.996214840521e-01	-2.601375544711e-02	8.953946004244e-03	1.043156356812e+02	2.653310048117e-06
180	1.800000000000e+02	9.998366638121e-01	-1.719083985902e-02	5.578594988689e-03	1.039793701172e+02	2.794715555865e-06
181	1.810000000000e+02	9.997831871197e-01	-1.990430635503e-02	6.115336562245e-03	1.042923736572e+02	2.911380761361e-06
182	1.820000000000e+02	9.997474274253e-01	-2.186232475217e-02	5.207697466607e-03	1.042415313721e+02	3.023576027772e-06
183	1.830000000000e+02	9.997828186442e-01	-1.997309380839e-02	5.949039222013e-03	1.038081512451e+02	3.145787559333e-06
184	1.840000000000e+02	9.998521270872e-01	-1.627200018306e-02	5.562910149518e-03	1.037288589478e+02	3.266900876042e-06
185	1.850000000000e+02	9.998685433353e-01	-1.526650019229e-02	5.461686598899e-03	1.039722747803e+02	3.409953478695e-06
186	1.860000000000e+02	9.998628202792e-01	-1.448791045608e-02	8.027519785624e-03	1.032555541992e+02	3.524897920215e-06
187	1.870000000000e+02	9.998874961424e-01	-1.392757669730e-02	5.569350530338e-03	1.035479202271e+02	3.669709030873e-06
188	1.880000000000e+02	9.998932092018e-01	-1.355771907152e-02	5.455130222834e-03	1.036841125488e+02	3.787516334341e-06
189	1.890000000000e+02	9.999107200594e-01	-1.246495858951e-02	4.814220358227e-03	1.037029876709e+02	3.912693500752e-06
190	1.900000000000e+02	9.998991954524e-01	-1.383105178904e-02	3.209507758863e-03	1.039143447876e+02	4.040010480821e-06
191	1.910000000000e+02	9.998401240656e-01	-1.548721608914e-02	8.937138593283e-03	1.033975219727e+02	4.146970240981e-06
192	1.920000000000e+02	9.998932895741e-01	-1.421462047845e-02	3.369574057350e-03	1.042945022583e+02	4.282378995413e-06
193	1.930000000000e+02	9.999001576487e-01	-1.307175913485e-02	5.366921585202e-03	1.039547500610e+02	4.428359716258e-06
194	1.940000000000e+02	9.998974539781e-01	-1.325400821304e-02	5.423356372259e-03	1.038976745605e+02	4.572358193400e-06
195	1.950000000000e+02	9.998984528629e-01	-1.347743628514e-02	4.630623456013e-03	1.040366897583e+02	4.664359039452e-06
196	1.960000000000e+02	9.998941948888e-01	-1.338927681841e-02	5.685621678171e-03	1.038211669922e+02	4.820174581255e-06
197	1.970000000000e+02	9.999181774199e-01	-9.888706259700e-03	8.114921677493e-03	1.037269363403e+02	4.967454970028e-06
198	1.980000000000e+02	9.998996259287e-01	-1.351023766479e-02	4.267498795516e-03	1.039193496704e+02	5.074992259324e-06
199	1.990000000000e+02	9.999124570710e-01	-1.233360280157e-02	4.791704943300e-03	1.038674621582e+02	5.210476501816e-06
200	2.000000000000e+02	9.999468319839e-01	-8.814758349507e-03	5.351003704628e-03	1.037309646606e+02	5.314366717357e-06
201	2.010000000000e+02	9.999364561395e-01	-1.052501413075e-02	4.038286866823e-03	1.036875915527e+02	5.476887508848e-06
202	2.020000000000e+02	9.999516939150e-01	-8.209441730625e-03	5.405081217290e-03	1.037098236084e+02	5.595942639047e-06
203	2.030000000000e+02	9.999392517521e-01	-1.027326198925e-02	3.994107357216e-03	1.039043960571e+02	5.687640623364e-06
204	2.040000000000e+02	9.999489913666e-01	-9.025187685476e-03	4.534385522937e-03	1.037591705322e+02	5.884082384000e-06
205	2.050000000000e+02	9.999528527440e-01	-8.712049889796e-03	4.288644985314e-03	1.041056594849e+02	5.942216830590e-06
206	2.060000000000e+02	9.999257520450e-01	-9.897484501975e-03	7.108459597791e-03	1.036052093506e+02	6.088307600294e-06
207	2.070000000000e+02	9.999543450860e-01	-8.352160186658e-03	4.642107694631e-03	1.035619125366e+02	6.159917575133e-06
208	2.080000000000e+02	9.999417421334e-01	-8.638280582187e-03	6.472437543151e-03	1.039056701660e+02	6.496670721390e-06
209	2.090000000000e+02	9.999604918452e-01	-6.816052472693e-03	5.705802078163e-03	1.037525024414e+02	6.634480087087e-06
210	2.100000000000e+02	9.999837954774e-01	-4.058623640895e-03	3.992036661947e-03	1.036323699951e+02	6.753416982974e-06
211	2.110000000000e+02	9.999770485204e-01	-5.050534530427e-03	4.516030705295e-03	1.037448348999e+02	6.892756118759e-06
212	2.120000000000e+02	9.999470625757e-01	-8.261141063747e-03	6.133970538143e-03	1.039175338745e+02	6.967456101847e-06
213	2.130000000000e+02	9.999831912821e-01	-4.483841506441e-03	3.675910582125e-03	1.038437652588e+02	7.092106898199e-06
214	2.140000000000e+02	9.999520366355e-01	-8.152580815210e-03	5.427693307873e-03	1.039342193604e+02	7.138931778172e-06
215	2.150000000000e+02	9.999836372678e-01	-5.307704944259e-03	2.133884942207e-03	1.040773391724e+02	7.223062311823e-06
216	2.160000000000e+02	9.999769083815e-01	-5.505557877666e-03	3.983909663985e-03	1.037797241211e+02	7.377270776487e-06
217	2.170000000000e+02	9.999818042718e-01	-4.612343012752e-03	3.888112288471e-03	1.039046554565e+02	7.419926987495e-06
218	2.180000000000e+02	9.999837257186e-01	-4.004383297925e-03	4.063645205830e-03	1.036563568115e+02	7.503748292947e-06
219	2.190000000000e+02	9.999764282364e-01	-4.457227519602e-03	5.222652057083e-03	1.038265228271e+02	7.603550329804e-06
220	2.200000000000e+02	9.999808703128e-01	-5.384104457728e-03	3.044737695735e-03	1.038832702637e+02	7.672358151467e-06
221	2.210000000000e+02	9.999872749166e-01	-4.167118599604e-03	2.843435839294e-03	1.037922897339e+02	7.742666639388e-06
222	2.220000000000e+02	9.999905980392e-01	-3.854444554148e-03	1.986728569575e-03	1.040849227905e+02	7.806903340679e-06
223	2.230000000000e+02	9.999903301350e-01	-1.796536256994e-03	4.013987279271e-03	1.036714172363e+02	7.865867701184e-06
224	2.240000000000e+02	9.999885039417e-01	-2.022552046161e-03	4.347558812858e-03	1.035658416748e+02	7.935069334053e-06
225	2.250000000000e+02	9.999927220484e-01	-1.503287020392e-03	3.506562196929e-03	1.036808853149e+02	7.935926078062e-06
226	2.260000000000e+02	9.999922246864e-01	-2.203280201119e-03	3.270492787419e-03	1.038126678467e+02	8.047548362811e-06
227	2.270000000000e+02	9.999943306191e-01	-1.309455848649e-03	3.102266124816e-03	1.039164428711e+02	8.088480171864e-06
228	2.280000000000e+02	9.999941538227e-01	-1.105847051403e-03	3.235648733848e-03	1.037998657227e+02	8.093415999610e-06
229	2.290000000000e+02	9.999955298786e-01	-1.009408590126e-03	2.814483440970e-03	1.039067230225e+02	8.122310646286e-06
230	2.300000000000e+02	9.999953778708e-01	-1.268091740825e-03	2.763363950569e-03	1.039385452271e+02	8.148875167535e-06
231	2.310000000000e+02	9.999999604488e-01	2.701797690713e-04	-7.813641321891e-05	1.037765731812e+02	8.103647815005e-06
232	2.320000000000e+02	9.999929722997e-01	-1.973566220448e-03	3.187536272113e-03	1.038800582886e+02	8.186729246518e-06
233	2.330000000000e+02	9.999951781275e-01	1.486823759193e-03	2.726366956739e-03	1.035769577026e+02	8.252297448053e-06
234	2.340000000000e+02	9.999944384757e-01	-6.546423453182e-04	3.270238696162e-03	1.037259979248e+02	8.158289347193e-06
235	2.350000000000e+02	9.999922442312e-01	-5.193653136504e-06	3.938457871066e-03	1.036430053711e+02	8.225685633079e-06
236	2.360000000000e+02	9.999985028125e-01	8.907822039742e-04	1.483536227588e-03	1.037724838257e+02	8.151653673849e-06
237	2.370000000000e+02	9.999959444240e-01	1.061606355100e-03	2.642749981554e-03	1.036771163940e+02	8.157194315572e-06
238	2.380000000000e+02	9.999924045801e-01	1.943508293205e-03	3.378395728249e-03	1.035048675537e+02	8.136341421050e-06
239	2.390000000000e+02	9.999937583847e-01	1.887125005169e-03	2.986963487437e-03	1.036353378296e+02	8.109399459499e-06
240	2.400000000000e+02	9.999928733350e-01	1.194401469488e-03	3.581436084630e-03	1.034624710083e+02	8.064383109740e-06
241	2.410000000000e+02	9.999959525217e-01	1.242088742344e-03	2.559717893132e-03	1.036428833008e+02	8.068919669313e-06
242	2.420000000000e+02	9.999972561865e-01	1.626301674134e-03	1.686049348106e-03	1.039317245483e+02	7.977823770489e-06
243	2.430000000000e+02	9.999936156729e-01	3.218096948484e-03	1.553211359351e-03	1.035652160645e+02	7.974355867191e-06
244	2.440000000000e+02	9.999928404596e-01	3.229419166788e-03	1.972278218193e-03	1.037552490234e+02	7.938738235680e-06
245	2.450000000000e+02	9.999901511486e-01	4.076633956695e-03	1.754611470655e-03	1.035253067017e+02	7.882437785156e-06
246	2.460000000000e+02	9.999917156938e-01	4.040281386429e-03	4.946412881332e-04	1.037892990112e+02	7.832700248400e-06
247	2.470000000000e+02	9.999877879216e-01	4.690556452868e-03	1.556498564810e-03	1.035443038940e+02	7.759493200865e-06
248	2.480000000000e+02	9.999946297320e-01	3.229305830496e-03	5.586509997296e-04	1.037713851929e+02	7.658988579351e-06
249	2.490000000000e+02	9.999935324038e-01	3.462834531790e-03	9.715593087583e-04	1.038394165039e+02	7.602686309838e-06
250	2.500000000000e+02	9.999901398802e-01	4.256403054331e-03	1.266165662264e-03	1.037077331543e+02	7.534360065620e-06
251	2.510000000000e+02	9.999830416280e-01	5.487932364609e-03	1.949116433423e-03	1.037097854614e+02	7.490028110624e-06
252	2.520000000000e+02	9.999851856159e-01	4.995364914757e-03	2.162146633778e-03	1.036353073120e+02	7.344364348683e-06
253	2.530000000000e+02	9.999856278064e-01	5.001089339710e-03	1.932171322673e-03	1.037134017944e+02	7.269658908626e-06
254	2.540000000000e+02	9.999863672224e-01	4.885339466839e-03	1.843590945616e-03	1.037178649902e+02	7.170964181569e-06
255	2.550000000000e+02	9.999821579461e-01	5.887761186402e-03	1.008988407064e-03	1.036598663330e+02	7.072421794874e-06
256	2.560000000000e+02	9.999729898818e-01	7.335647598816e-03	4.558301408940e-04	1.035987243652e+02	6.989209850872e-06
257	2.570000000000e+02	9.999705149913e-01	7.665371427330e-03	-4.595964068399e-04	1.039112243652e+02	6.882271463837e-06
258	2.580000000000e+02	9.999763334622e-01	6.806368953521e-03	1.002924322110e-03	1.037777786255e+02	6.736715477018e-06
259	2.590000000000e+02	9.999770656300e-01	6.772517717480e-03	-3.489640721914e-05	1.038001708984e+02	6.633666544076e-06
260	2.600000000000e+02	9.999769664205e-01	6.761549461654e-03	-5.899807181098e-04	1.039206085205e+02	6.547243629029e-06
261	2.610000000000e+02	9.999653818746e-01	8.311226820101e-03	3.981974481264e-04	1.037478332520e+02	6.425024366763e-06
262	2.620000000000e+02	9.999684926354e-01	7.938114802826e-03	8.356592402979e-06	1.037317276001e+02	6.274229235714e-06
263	2.630000000000e+02	9.999590800163e-01	9.041952265329e-03	-2.852932084992e-04	1.040097122192e+02	6.150578883535e-06
264	2.640000000000e+02	9.999506890185e-01	9.928234343860e-03	2.229221858528e-04	1.039255981445e+02	6.036814738763e-06
265	2.650000000000e+02	9.999342837217e-01	1.139143547109e-02	-1.289742550925e-03	1.036360092163e+02	5.895435151615e-06
266	2.660000000000e+02	9.999661163326e-01	8.174256994642e-03	9.735036234940e-04	1.037175674438e+02	5.741973836848e-06
267	2.670000000000e+02	9.999181600163e-01	1.269822579977e-02	-1.558310370400e-03	1.037428283691e+02	5.610530934064e-06
268	2.680000000000e+02	9.999337858175e-01	1.140704669697e-02	-1.517651568822e-03	1.038309631348e+02	5.448573119793e-06
269	2.690000000000e+02	9.999211117020e-01	1.256044607035e-02	7.461376338557e-05	1.036643447876e+02	5.320757281879e-06
270	2.700000000000e+02	9.999220088027e-01	1.247318929453e-02	-6.291746918564e-04	1.035369567871e+02	5.153831352800e-06
271	2.710000000000e+02	9.999159375347e-01	1.280883252686e-02	-2.012876910093e-03	1.039381637573e+02	5.012868314225e-06
272	2.720000000000e+02	9.999282481094e-01	1.189279288032e-02	-1.435308486199e-03	1.039304122925e+02	4.826610620512e-06
273	2.730000000000e+02	9.999192755807e-01	1.255851599419e-02	1.930284486963e-03	1.034416732788e+02	4.690626610682e-06
274	2.740000000000e+02	9.999340908180e-01	1.138463761808e-02	-1.484603051295e-03	1.036097640991e+02	4.574744252750e-06
275	2.750000000000e+02	9.998885407409e-01	1.492044608085e-02	-5.351482815321e-04	1.034193115234e+02	4.413906481204e-06
276	2.760000000000e+02	9.998709115479e-01	1.600260251619e-02	-1.441163793501e-03	1.035347976685e+02	4.255992280378e-06
277	2.770000000000e+02	9.998406610204e-01	1.785081357959e-02	3.201182941572e-05	1.034466323853e+02	4.128123691771e-06
278	2.780000000000e+02	9.998501823283e-01	1.730682558776e-02	-2.944251978964e-04	1.037419891357e+02	3.962582468375e-06
279	2.790000000000e+02	9.998318047947e-01	1.833984997055e-02	-1.096538777806e-04	1.037109909058e+02	3.814431693172e-06
280	2.800000000000e+02	9.998397686143e-01	1.759648487354e-02	-3.286459704730e-03	1.036164855957e+02	3.658051127786e-06
281	2.810000000000e+02	9.998494393954e-01	1.713476924591e-02	2.738288459231e-03	1.034386978149e+02	3.502080289763e-06
282	2.820000000000e+02	9.998781800427e-01	1.560677470611e-02	2.316413561811e-04	1.037628402710e+02	3.341885303598e-06
283	2.830000000000e+02	9.998717949296e-01	1.600535922899e-02	-4.713600549337e-04	1.038706359863e+02	3.219061909476e-06
284	2.840000000000e+02	9.997739427459e-01	2.102870514004e-02	-3.139580627045e-03	1.039515991211e+02	3.066390945605e-06
285	2.850000000000e+02	9.997870282890e-01	2.057707782285e-02	-1.575415307734e-03	1.034367980957e+02	2.950863517981e-06
286	2.860000000000e+02	9.997851447142e-01	2.021099300746e-02	-4.602191913594e-03	1.043069610596e+02	2.770722403511e-06
287	2.870000000000e+02	9.998221012429e-01	1.831344193966e-02	-4.514832295022e-03	1.045070343018e+02	2.630602693898e-06
288	2.880000000000e+02	9.995880056916e-01	2.822110001908e-02	-5.233391939641e-03	1.033081970215e+02	2.512927039788e-06
289	2.890000000000e+02	9.995218747671e-01	3.030463714683e-02	-6.136027167202e-03	1.032861175537e+02	2.377474629611e-06
290	2.900000000000e+02	9.995188293845e-01	3.040102702243e-02	-6.155262941323e-03	1.034825820923e+02	2.245976929771e-06
291	2.910000000000e+02	9.998051406965e-01	1.955883345343e-02	-2.670706052332e-03	1.037468185425e+02	2.068807816613e-06
292	2.920000000000e+02	9.997261954127e-01	2.328780385453e-02	-2.283067502421e-03	1.034486389160e+02	1.966807985809e-06
293	2.930000000000e+02	9.996876471196e-01	2.488545377281e-02	-2.307029907414e-03	1.034239273071e+02	1.836571186686e-06
294	2.940000000000e+02	9.995684525128e-01	2.754153565698e-02	-1.021628870240e-02	1.045510940552e+02	1.712727453196e-06
295	2.950000000000e+02	9.984141137061e-01	5.589620778911e-02	-6.698619798616e-03	1.027525863647e+02	1.628585437174e-06
296	2.960000000000e+02	9.986975539685e-01	5.069840269930e-02	-5.733032454921e-03	1.021018524170e+02	1.511081222816e-06
297	2.970000000000e+02	9.980047435673e-01	6.187254446930e-02	-1.258252987172e-02	1.023767623901e+02	1.415713313691e-06
298	2.980000000000e+02	9.985312128511e-01	5.215569579131e-02	-1.466970887996e-02	1.023949966431e+02	1.281052618651e-06
299	2.990000000000e+02	9.983561799475e-01	5.514611519076e-02	-1.561550319573e-02	1.021389541626e+02	1.164704599432e-06
300	3.000000000000e+02	9.977257626048e-01	6.522506490379e-02	-1.699981008335e-02	1.013110122681e+02	1.066331037691e-06
301	3.010000000000e+02	9.970315897811e-01	7.509501708878e-02	-1.699256857969e-02	1.012260360718e+02	9.637776656746e-07
302	3.020000000000e+02	9.968179388351e-01	7.799785665565e-02	-1.644175093236e-02	1.017994461060e+02	8.850951758177e-07
303	3.030000000000e+02	9.970157889882e-01	7.665025562032e-02	-9.179042523317e-03	9.966769409180e+01	8.017531740734e-07
304	3.040000000000e+02	9.960358244032e-01	8.812389525380e-02	-1.211674835572e-02	9.934500885010e+01	7.184832497842e-07
305	3.050000000000e+02	9.953391941863e-01	9.366416992989e-02	-2.295455919666e-02	1.020922775269e+02	5.703774377253e-07
306	3.060000000000e+02	9.974693628824e-01	6.422521178473e-02	-3.049577482512e-02	1.043378524780e+02	4.916735178995e-07
307	3.070000000000e+02	9.957671157376e-01	9.163007135110e-02	7.195918275726e-03	1.014050521851e+02	4.370004660359e-07
308	3.080000000000e+02	9.978726081498e-01	6.518496586211e-02	1.085416927234e-03	1.015396194458e+02	3.754386455057e-07
309	3.090000000000e+02	9.943637185798e-01	1.051302248684e-01	-1.372701683565e-02	9.681018829346e+01	3.260730920829e-07
310	3.100000000000e+02	9.987483735524e-01	4.955870816696e-02	-6.754315015779e-03	1.031930313110e+02	2.673940286968e-07
311	3.110000000000e+02	9.936186671760e-01	1.006240593774e-01	-5.095824677024e-02	1.062954711914e+02	2.375094254603e-07
312	3.120000000000e+02	9.861799755445e-01	1.643223511054e-01	2.114759471349e-02	9.457181549072e+01	2.024096801279e-07
313	3.130000000000e+02	9.899867604151e-01	1.387696273785e-01	2.586899147640e-02	9.992175292969e+01	1.689998327947e-07
314	3.140000000000e+02	9.970369276331e-01	6.863689282347e-02	3.473243267502e-02	1.033363342285e+02	1.166529983720e-07
315	3.150000000000e+02	9.838511565215e-01	1.609703466973e-01	-7.826524960288e-02	1.046548080444e+02	1.025830371759e-07
316	3.160000000000e+02	9.930842147401e-01	1.168784530785e-01	-1.109818183398e-02	8.338058471680e+01	8.772344983754e-08
317	3.170000000000e+02	9.948883335583e-01	-1.004090350866e-01	-1.073449684574e-02	1.199312210083e+02	6.577995748103e-08
318	3.180000000000e+02	9.787232222570e-01	1.908696507834e-01	-7.529694963787e-02	9.380745697021e+01	8.309891086355e-08
319	3.190000000000e+02	9.872358684358e-01	1.374168380465e-01	-8.051057505208e-02	9.944982147217e+01	8.312787969089e-08
320	3.200000000000e+02	9.830428643079e-01	-1.748661753863e-01	5.521365446207e-02	1.012639389038e+02	7.064820550795e-08
321	3.210000000000e+02	9.970824816056e-01	-2.779294251903e-03	-7.628106186066e-02	1.113385543823e+02	9.453935945203e-08
322	3.220000000000e+02	9.960150897919e-01	-2.899282597146e-02	8.434071940117e-02	8.727864074707e+01	1.055388096916e-07
323	3.230000000000e+02	9.944446754759e-01	-8.572801026827e-02	-6.107778379341e-02	1.145567474365e+02	1.238703362105e-07
324	3.240000000000e+02	9.947132024186e-01	-8.927631781278e-02	-5.074824146679e-02	1.125643005371e+02	1.461359175892e-07
325	3.250000000000e+02	9.934691792003e-01	-1.062419807465e-01	-4.161287668600e-02	1.109598922729e+02	1.722583675701e-07
326	3.260000000000e+02	9.959635158365e-01	-8.322008918071e-02	-3.363170943160e-02	1.096842880249e+02	2.073685294590e-07
327	3.270000000000e+02	9.980103800459e-01	-5.099179580183e-02	3.708258461160e-02	9.696853637695e+01	2.460274970417e-07
328	3.280000000000e+02	9.997310471708e-01	-1.776768657767e-02	-1.490445022397e-02	1.035692214966e+02	2.965037708691e-07
329	3.290000000000e+02	9.975751383276e-01	-6.577573073056e-02	2.274635437747e-02	1.017995300293e+02	3.278842939380e-07
330	3.300000000000e+02	9.977541763986e-01	-6.472144324618e-02	1.725509383755e-02	1.033749618530e+02	3.762395976992e-07
331	3.310000000000e+02	9.982553387724e-01	-5.751252799527e-02	1.336367224704e-02	1.040833206177e+02	4.286718251478e-07
332	3.320000000000e+02	9.999117030756e-01	-1.208896103169e-02	5.517524235287e-03	9.926185607910e+01	5.118843660057e-07
333	3.330000000000e+02	9.996005007107e-01	-2.788051926906e-02	4.638493740717e-03	1.044961166382e+02	5.628062922369e-07
334	3.340000000000e+02	9.996306652676e-01	-2.679328287146e-02	4.544562646570e-03	1.041377868652e+02	6.275017199187e-07
335	3.350000000000e+02	9.999237746565e-01	-1.226638329484e-02	1.407379652776e-03	1.032603378296e+02	7.009285241111e-07
336	3.360000000000e+02	9.996828202284e-01	-2.288224479395e-02	1.051959188225e-02	1.011218872070e+02	7.705027087468e-07
337	3.370000000000e+02	9.996938213613e-01	-2.286115339356e-02	9.467375434881e-03	1.016596298218e+02	8.468422834085e-07
338	3.380000000000e+02	9.997477725392e-01	-2.044560940485e-02	9.293457862174e-03	1.021998062134e+02	9.269041925108e-07
339	3.390000000000e+02	9.999896725312e-01	-3.937887799479e-03	-2.268891927967e-03	1.017310180664e+02	1.010134837998e-06
340	3.400000000000e+02	9.999911080086e-01	-4.065805938710e-03	-1.119431052278e-03	1.015550765991e+02	1.095849938793e-06
341	3.410000000000e+02	9.999096167482e-01	-9.838553824040e-03	9.163034061417e-03	1.022612152100e+02	1.179451828648e-06
342	3.420000000000e+02	9.999453710173e-01	-6.009151963921e-03	8.552489332915e-03	1.023220443726e+02	1.271536575587e-06
343	3.430000000000e+02	9.999567387595e-01	-1.637933968755e-03	9.156297378716e-03	1.018939743042e+02	1.365160642308e-06
344	3.440000000000e+02	9.999980453637e-01	1.767923701865e-03	-8.852765676932e-04	1.015168914795e+02	1.459530267311e-06
345	3.450000000000e+02	9.999647277198e-01	-2.850865063616e-03	7.900372440137e-03	1.018187484741e+02	1.547203396512e-06
346	3.460000000000e+02	9.999585230608e-01	-3.088185273797e-03	8.568271104989e-03	1.019690628052e+02	1.644491362640e-06
347	3.470000000000e+02	9.999864357142e-01	5.055095845868e-03	1.254748408457e-03	1.014262084961e+02	1.751327545207e-06
348	3.480000000000e+02	9.999765109658e-01	6.612055087408e-03	1.805060738383e-03	1.011843414307e+02	1.845281872193e-06
349	3.490000000000e+02	9.995408888627e-01	-2.981637273146e-02	5.384738499617e-03	1.040828323364e+02	1.897700485642e-06
350	3.500000000000e+02	9.995727732552e-01	-2.850415393955e-02	6.464068006306e-03	1.038859863281e+02	1.990791133721e-06
351	3.510000000000e+02	9.995801304553e-01	-2.828207240180e-02	6.299776159294e-03	1.040206069946e+02	2.089559984597e-06
352	3.520000000000e+02	9.998600070566e-01	-1.625984826560e-02	3.947609815424e-03	1.033926773071e+02	2.219363523182e-06
353	3.530000000000e+02	9.996844517438e-01	-2.461554079784e-02	5.007204103397e-03	1.040775604248e+02	2.305220277776e-06
354	3.540000000000e+02	9.996788449058e-01	-2.455673414844e-02	6.258902123760e-03	1.037891387939e+02	2.400140829195e-06
355	3.550000000000e+02	9.997460239939e-01	-2.184369354762e-02	5.544417069601e-03	1.038720550537e+02	2.521373517084e-06
356	3.560000000000e+02	9.998980268661e-01	-1.415758023572e-02	1.870505601009e-03	1.036074142456e+02	2.621037538120e-06
357	3.570000000000e+02	9.997524682013e-01	-2.190106807883e-02	3.917338698408e-03	1.042384262085e+02	2.721749751800e-06
358	3.580000000000e+02	9.999152943008e-01	-1.299386877287e-02	7.507313868728e-04	1.034062271118e+02	2.850463488357e-06
359	3.590000000000e+02	9.999088408261e-01	-1.343370406132e-02	1.358540732067e-03	1.034837188721e+02	2.948649807877e-06
360	3.600000000000e+02	9.998983845149e-01	-1.425081671870e-02	-3.672428840603e-04	1.038404769897e+02	3.068621253988e-06
