# Filename: 175544_polarimeter_vs_wheel.dat
# Timestamp: Mon May 27 17:55:44 2019

# Column 1:
#	name: measurement point
#	size: 0
#	type: coordinate
# Column 2:
#	name: angle
#	type: value
# Column 3:
#	name: S1
#	type: value
# Column 4:
#	name: S2
#	type: value
# Column 5:
#	name: S3
#	type: value
# Column 6:
#	name: DOP
#	type: value
# Column 7:
#	name: power
#	type: value

0	0.000000000000e+00	-2.393120935055e-02	9.992269085497e-01	3.119106361238e-02	9.950088500977e+01	1.096650157706e-05
1	1.000000000000e+00	-2.442493996589e-02	9.992081252818e-01	3.140930878740e-02	9.949759674072e+01	1.079386947822e-05
2	2.000000000000e+00	-2.472080518284e-02	9.991937406577e-01	3.163463958322e-02	9.950006103516e+01	1.060643990058e-05
3	3.000000000000e+00	-2.510816668329e-02	9.991755881747e-01	3.190178618045e-02	9.949877166748e+01	1.041336508933e-05
4	4.000000000000e+00	-2.542950328995e-02	9.991580345099e-01	3.219568972191e-02	9.949394989014e+01	1.021433945425e-05
5	5.000000000000e+00	-2.580069305091e-02	9.991379495191e-01	3.252202436461e-02	9.949539184570e+01	9.997163033404e-06
6	6.000000000000e+00	-2.621927018545e-02	9.991127979583e-01	3.295704517802e-02	9.949677276611e+01	9.783958375920e-06
7	7.000000000000e+00	-2.667776869288e-02	9.990973885039e-01	3.305608782395e-02	9.949750518799e+01	9.547977242619e-06
8	8.000000000000e+00	-2.702360511799e-02	9.990710928487e-01	3.356599768347e-02	9.949959564209e+01	9.293906259700e-06
9	9.000000000000e+00	-2.737714031401e-02	9.990443933222e-01	3.407040298738e-02	9.949813842773e+01	9.037834388437e-06
10	1.000000000000e+01	-2.750061368905e-02	9.990272564212e-01	3.447110636934e-02	9.949771881104e+01	8.775221431279e-06
11	1.100000000000e+01	-2.774226464692e-02	9.989991983754e-01	3.508515922127e-02	9.949837493896e+01	8.508578503097e-06
12	1.200000000000e+01	-2.821165702076e-02	9.989607453118e-01	3.579848787575e-02	9.950697326660e+01	8.246339348261e-06
13	1.300000000000e+01	-2.843602021980e-02	9.989342615546e-01	3.635565769474e-02	9.951285552979e+01	7.971404556883e-06
14	1.400000000000e+01	-2.853472255409e-02	9.989129633799e-01	3.686002170772e-02	9.951460266113e+01	7.682274372200e-06
15	1.500000000000e+01	-2.876458667829e-02	9.988885008889e-01	3.734114814996e-02	9.952203369141e+01	7.395054581139e-06
16	1.600000000000e+01	-2.893288511140e-02	9.988574867669e-01	3.803431725213e-02	9.952189636230e+01	7.104339147190e-06
17	1.700000000000e+01	-2.870096069119e-02	9.988330965297e-01	3.884198929454e-02	9.951782226562e+01	6.835465683253e-06
18	1.800000000000e+01	-2.874635180459e-02	9.987868361360e-01	3.998128586514e-02	9.951509094238e+01	6.558967925230e-06
19	1.900000000000e+01	-2.845957343237e-02	9.987517188715e-01	4.104944251989e-02	9.952030944824e+01	6.313519861578e-06
20	2.000000000000e+01	-2.808714711383e-02	9.987179875320e-01	4.211286676252e-02	9.950916290283e+01	6.029952146491e-06
21	2.100000000000e+01	-2.763809899402e-02	9.986795301339e-01	4.330509872445e-02	9.951379394531e+01	5.784729182778e-06
22	2.200000000000e+01	-2.731429357688e-02	9.986546620586e-01	4.407715184845e-02	9.951555633545e+01	5.558925749938e-06
23	2.300000000000e+01	-2.709418813549e-02	9.986303179356e-01	4.475927914069e-02	9.951627349854e+01	5.341335054254e-06
24	2.400000000000e+01	-2.662791722297e-02	9.986308038055e-01	4.502745512571e-02	9.952336120605e+01	5.133550075698e-06
25	2.500000000000e+01	-2.593347069301e-02	9.986321323970e-01	4.540175373348e-02	9.952435302734e+01	4.936959157931e-06
26	2.600000000000e+01	-2.500786305940e-02	9.986417453164e-01	4.570854730387e-02	9.952163696289e+01	4.771021849592e-06
27	2.700000000000e+01	-2.417940503875e-02	9.986510902607e-01	4.594949720271e-02	9.952429962158e+01	4.606178208633e-06
28	2.800000000000e+01	-2.304932015710e-02	9.986596989003e-01	4.634150011337e-02	9.951946258545e+01	4.453219844436e-06
29	2.900000000000e+01	-2.188877792667e-02	9.986669550671e-01	4.674606141477e-02	9.952670288086e+01	4.321336291468e-06
30	3.000000000000e+01	-2.066639195419e-02	9.986730990030e-01	4.716928631282e-02	9.953147888184e+01	4.206117409922e-06
31	3.100000000000e+01	-1.937679568596e-02	9.986821931981e-01	4.752280271682e-02	9.953410339355e+01	4.106572760065e-06
32	3.200000000000e+01	-1.820960379883e-02	9.986900683016e-01	4.781796529856e-02	9.954168701172e+01	4.023162091471e-06
33	3.300000000000e+01	-1.661777541851e-02	9.987183100025e-01	4.780781113985e-02	9.954567718506e+01	3.959677997045e-06
34	3.400000000000e+01	-1.525668426933e-02	9.987345805889e-01	4.792151000271e-02	9.954460906982e+01	3.912524789484e-06
35	3.500000000000e+01	-1.162189229305e-02	9.988553943167e-01	4.639862997871e-02	9.954360198975e+01	3.902673142875e-06
36	3.600000000000e+01	-1.035845850599e-02	9.988945416097e-01	4.585190377392e-02	9.954143524170e+01	3.927565558115e-06
37	3.700000000000e+01	-8.945844471852e-03	9.989495288614e-01	4.494230361506e-02	9.954560089111e+01	3.976299922215e-06
38	3.800000000000e+01	-7.921721129526e-03	9.990070045221e-01	4.384348583493e-02	9.955010986328e+01	4.045025434607e-06
39	3.900000000000e+01	-6.778995583713e-03	9.990699945680e-01	4.258158255300e-02	9.955108642578e+01	4.129497938266e-06
40	4.000000000000e+01	-6.095020238398e-03	9.991324666006e-01	4.119666142880e-02	9.955380249023e+01	4.234352218191e-06
41	4.100000000000e+01	-5.569283704674e-03	9.991919569752e-01	3.980472578840e-02	9.955916595459e+01	4.360926595837e-06
42	4.200000000000e+01	-4.862106367004e-03	9.992477029206e-01	3.847581226542e-02	9.955344390869e+01	4.504840035224e-06
43	4.300000000000e+01	-4.229084136848e-03	9.992981146966e-01	3.722086526737e-02	9.955341339111e+01	4.671927854361e-06
44	4.400000000000e+01	-3.690455822658e-03	9.993410877334e-01	3.610776791320e-02	9.955392456055e+01	4.853117388848e-06
45	4.500000000000e+01	-3.400643196525e-03	9.993855349532e-01	3.488535727432e-02	9.955480957031e+01	5.051453626947e-06
46	4.600000000000e+01	-3.500599772202e-03	9.994278493739e-01	3.364104185630e-02	9.955741119385e+01	5.264462743071e-06
47	4.700000000000e+01	-3.800334601667e-03	9.994708611986e-01	3.230410301886e-02	9.956243133545e+01	5.492183845490e-06
48	4.800000000000e+01	-4.230918908900e-03	9.995115108834e-01	3.096512452228e-02	9.956343078613e+01	5.742766461481e-06
49	4.900000000000e+01	-4.486233817404e-03	9.995495565867e-01	2.967419136893e-02	9.956851196289e+01	6.006563125993e-06
50	5.000000000000e+01	-4.974068885351e-03	9.995802616243e-01	2.854048370146e-02	9.957287597656e+01	6.284517894528e-06
51	5.100000000000e+01	-4.718856963432e-03	9.995980615881e-01	2.795438531431e-02	9.955488586426e+01	6.452413344959e-06
52	5.200000000000e+01	-5.217345843853e-03	9.996235799457e-01	2.693469359113e-02	9.955840301514e+01	6.741994184267e-06
53	5.300000000000e+01	-5.669788616538e-03	9.996462539673e-01	2.598500387005e-02	9.955699157715e+01	7.034167538222e-06
54	5.400000000000e+01	-6.255731531047e-03	9.996623557074e-01	2.521984148476e-02	9.955432891846e+01	7.331441793212e-06
55	5.500000000000e+01	-6.647219556686e-03	9.996802858289e-01	2.439550362707e-02	9.955631256104e+01	7.635452675459e-06
56	5.600000000000e+01	-6.892924959480e-03	9.996942195599e-01	2.374773597661e-02	9.955258941650e+01	7.938393537188e-06
57	5.700000000000e+01	-7.398199249391e-03	9.997034318068e-01	2.320161808258e-02	9.955529022217e+01	8.250590326497e-06
58	5.800000000000e+01	-8.012637228554e-03	9.997108291912e-01	2.267279520548e-02	9.955516052246e+01	8.562105904275e-06
59	5.900000000000e+01	-8.527230600844e-03	9.997168195366e-01	2.221636950500e-02	9.955610656738e+01	8.873556907929e-06
60	6.000000000000e+01	-9.203958171989e-03	9.997193838993e-01	2.182751955704e-02	9.956077575684e+01	9.179147127725e-06
61	6.100000000000e+01	-9.489879481097e-03	9.997284654274e-01	2.128233073664e-02	9.955942535400e+01	9.477240382694e-06
62	6.200000000000e+01	-9.897096749399e-03	9.997377817124e-01	2.064982549034e-02	9.955607604980e+01	9.769456482900e-06
63	6.300000000000e+01	-1.040189875650e-02	9.997454866193e-01	2.001905308789e-02	9.955678558350e+01	1.004874957289e-05
64	6.400000000000e+01	-1.085066516580e-02	9.997535288946e-01	1.936864807342e-02	9.955374145508e+01	1.031071042235e-05
65	6.500000000000e+01	-1.138634724351e-02	9.997581829673e-01	1.881293933275e-02	9.955280303955e+01	1.058216639649e-05
66	6.600000000000e+01	-1.188490110570e-02	9.997634942917e-01	1.821275946523e-02	9.955228424072e+01	1.083432198357e-05
67	6.700000000000e+01	-1.243933699392e-02	9.997646866373e-01	1.777172609109e-02	9.955311584473e+01	1.107329171646e-05
68	6.800000000000e+01	-1.319222524240e-02	9.997596015771e-01	1.751297369096e-02	9.955623626709e+01	1.129209522333e-05
69	6.900000000000e+01	-1.506878286528e-02	9.997178826073e-01	1.835992859864e-02	9.956600189209e+01	1.164079003502e-05
70	7.000000000000e+01	-1.507139776997e-02	9.997500210853e-01	1.651509337565e-02	9.955641174316e+01	1.221571983478e-05
71	7.100000000000e+01	-1.541932384276e-02	9.997493831960e-01	1.623007244039e-02	9.955502319336e+01	1.234670162376e-05
72	7.200000000000e+01	-1.579336415494e-02	9.997495066468e-01	1.585855000139e-02	9.955187225342e+01	1.245868588740e-05
73	7.300000000000e+01	-1.621176570748e-02	9.997505287498e-01	1.536420896443e-02	9.955645751953e+01	1.255927418242e-05
74	7.400000000000e+01	-1.681137134917e-02	9.997493974155e-01	1.478242743271e-02	9.955970001221e+01	1.264297861781e-05
75	7.500000000000e+01	-1.742866413056e-02	9.997462851578e-01	1.426909176440e-02	9.956224060059e+01	1.269002405024e-05
76	7.600000000000e+01	-1.786273918616e-02	9.997437513857e-01	1.390518299037e-02	9.956626129150e+01	1.272579538636e-05
77	7.700000000000e+01	-1.813718083839e-02	9.997428851065e-01	1.360905398078e-02	9.956584930420e+01	1.274165788345e-05
78	7.800000000000e+01	-1.807938294321e-02	9.997500718298e-01	1.315027713136e-02	9.955938720703e+01	1.273002726521e-05
79	7.900000000000e+01	-1.846866198381e-02	9.997442331997e-01	1.305284292724e-02	9.956098175049e+01	1.262535533897e-05
80	8.000000000000e+01	-1.842841208460e-02	9.997496803441e-01	1.268740635376e-02	9.956214904785e+01	1.257961321244e-05
81	8.100000000000e+01	-1.856709396266e-02	9.997524587518e-01	1.225904733539e-02	9.956352996826e+01	1.254526068806e-05
82	8.200000000000e+01	-1.871680502245e-02	9.997538704677e-01	1.191132631203e-02	9.956020355225e+01	1.238999993802e-05
83	8.300000000000e+01	-1.897353913817e-02	9.997526783872e-01	1.160115814218e-02	9.956417083740e+01	1.231797250512e-05
84	8.400000000000e+01	-1.952926439716e-02	9.997452527183e-01	1.131536562567e-02	9.956836700439e+01	1.214978601638e-05
85	8.500000000000e+01	-1.987280353200e-02	9.997425106262e-01	1.095372661017e-02	9.956764984131e+01	1.197108849738e-05
86	8.600000000000e+01	-2.023656756979e-02	9.997387338066e-01	1.062758014821e-02	9.956826782227e+01	1.177856393042e-05
87	8.700000000000e+01	-2.032994356432e-02	9.997396274874e-01	1.036197982823e-02	9.956869506836e+01	1.158293798653e-05
88	8.800000000000e+01	-2.029820170686e-02	9.997439502853e-01	1.000084373711e-02	9.956704711914e+01	1.135353431891e-05
89	8.900000000000e+01	-2.032888527808e-02	9.997465282136e-01	9.675523147478e-03	9.956555938721e+01	1.112318750529e-05
90	9.000000000000e+01	-2.051530698498e-02	9.997450620498e-01	9.430434046344e-03	9.956501770020e+01	1.088010503736e-05
91	9.100000000000e+01	-2.064302186046e-02	9.997448083651e-01	9.175172780321e-03	9.956068420410e+01	1.060779231921e-05
92	9.200000000000e+01	-2.061528141464e-02	9.997493830447e-01	8.728188467831e-03	9.956493377686e+01	1.034775868902e-05
93	9.300000000000e+01	-2.077844215548e-02	9.997500139749e-01	8.256264216740e-03	9.956570434570e+01	1.007194532576e-05
94	9.400000000000e+01	-2.077190302616e-02	9.997557887962e-01	7.542599899078e-03	9.956996154785e+01	9.793329809327e-06
95	9.500000000000e+01	-2.068667279533e-02	9.997625511306e-01	6.848571053079e-03	9.956940460205e+01	9.512917131360e-06
96	9.600000000000e+01	-2.068860766757e-02	9.997659485390e-01	6.326899290261e-03	9.957235717773e+01	9.212794793712e-06
97	9.700000000000e+01	-2.072720623189e-02	9.997647524971e-01	6.389255530638e-03	9.958328247070e+01	8.847082426655e-06
98	9.800000000000e+01	-2.093703634636e-02	9.997614716894e-01	6.216126971193e-03	9.959283447266e+01	8.541282113583e-06
99	9.900000000000e+01	-2.089437727952e-02	9.997659300468e-01	5.613387187140e-03	9.959807586670e+01	8.254524800577e-06
100	1.000000000000e+02	-2.080243792658e-02	9.997703193103e-01	5.154338213337e-03	9.960155487061e+01	7.976818778843e-06
101	1.010000000000e+02	-2.045518063889e-02	9.997810799214e-01	4.402024097125e-03	9.960428619385e+01	7.692118742852e-06
102	1.020000000000e+02	-1.989061741420e-02	9.997944668636e-01	3.922673562051e-03	9.960112762451e+01	7.409151294269e-06
103	1.030000000000e+02	-1.957353156758e-02	9.998023826889e-01	3.474540480643e-03	9.960772705078e+01	7.127474418667e-06
104	1.040000000000e+02	-1.899402988312e-02	9.998148255009e-01	3.088937899659e-03	9.961096954346e+01	6.849933924968e-06
105	1.050000000000e+02	-1.830947656123e-02	9.998288525334e-01	2.651171418776e-03	9.960958862305e+01	6.581473826373e-06
106	1.060000000000e+02	-1.769693916989e-02	9.998410891796e-01	2.148192768377e-03	9.960918426514e+01	6.320823104033e-06
107	1.070000000000e+02	-1.692329086044e-02	9.998553934983e-01	1.671621615211e-03	9.960598754883e+01	6.072168162063e-06
108	1.080000000000e+02	-1.637409812254e-02	9.998649860348e-01	1.377901426936e-03	9.961076354980e+01	5.829813744640e-06
109	1.090000000000e+02	-1.562891618007e-02	9.998773943066e-01	9.660919638412e-04	9.960918426514e+01	5.604456873698e-06
110	1.100000000000e+02	-1.488585310087e-02	9.998890791928e-01	4.906000261935e-04	9.961263275146e+01	5.395775588113e-06
111	1.110000000000e+02	-1.385558412157e-02	9.999039929603e-01	1.662847933454e-04	9.961244201660e+01	5.191219770495e-06
112	1.120000000000e+02	-1.289866300503e-02	9.999168058615e-01	7.647511532574e-05	9.960946655273e+01	4.999802968086e-06
113	1.130000000000e+02	-1.177649240294e-02	9.999306520612e-01	-7.276792650407e-05	9.961142730713e+01	4.833199000132e-06
114	1.140000000000e+02	-1.060916896356e-02	9.999437211138e-01	-1.179157586460e-05	9.961323547363e+01	4.681985501520e-06
115	1.150000000000e+02	-9.583637831022e-03	9.999540637414e-01	1.558618435134e-04	9.961347961426e+01	4.548673132376e-06
116	1.160000000000e+02	-8.665551057319e-03	9.999624120843e-01	2.874778327413e-04	9.961148071289e+01	4.425811312103e-06
117	1.170000000000e+02	-7.433876185011e-03	9.999719364170e-01	9.294425014518e-04	9.960913085938e+01	4.333529432188e-06
118	1.180000000000e+02	-6.281150212366e-03	9.999791470980e-01	1.500840123513e-03	9.960758972168e+01	4.253432052792e-06
119	1.190000000000e+02	-5.269823195748e-03	9.999831583960e-01	2.431437411998e-03	9.961054992676e+01	4.195104793325e-06
120	1.200000000000e+02	-4.287521134432e-03	9.999856945848e-01	3.198091334802e-03	9.961611938477e+01	4.154381258559e-06
121	1.210000000000e+02	-3.534509885324e-03	9.999852223376e-01	4.130659295085e-03	9.961883544922e+01	4.141350473219e-06
122	1.220000000000e+02	-3.071774291187e-03	9.999809461609e-01	5.354579155227e-03	9.961026000977e+01	4.143835212744e-06
123	1.230000000000e+02	-2.204654344035e-03	9.999786200019e-01	6.156219476567e-03	9.961557769775e+01	4.179662028037e-06
124	1.240000000000e+02	-1.535138941286e-03	9.999729835563e-01	7.188567725122e-03	9.960890197754e+01	4.196029294690e-06
125	1.250000000000e+02	-1.157103156405e-03	9.999646943692e-01	8.322927818212e-03	9.962039947510e+01	4.198053829896e-06
126	1.260000000000e+02	-1.075200966641e-03	9.999528130322e-01	9.654825318902e-03	9.961656188965e+01	4.344279659563e-06
127	1.270000000000e+02	-1.125251898311e-03	9.999401989093e-01	1.087807029539e-02	9.961248779297e+01	4.439607891982e-06
128	1.280000000000e+02	-1.079034222010e-03	9.999267263589e-01	1.205726330031e-02	9.960848999023e+01	4.564825758280e-06
129	1.290000000000e+02	-1.246381570724e-03	9.999104503215e-01	1.332433378654e-02	9.960503387451e+01	4.681458904088e-06
130	1.300000000000e+02	-1.468575752028e-03	9.998919850602e-01	1.462400416017e-02	9.959664154053e+01	4.824512416235e-06
131	1.310000000000e+02	-1.684236162659e-03	9.998724688608e-01	1.588110080661e-02	9.958896636963e+01	4.966524556949e-06
132	1.320000000000e+02	-2.171756908981e-03	9.998523570360e-01	1.704545691541e-02	9.959587097168e+01	5.161944955034e-06
133	1.330000000000e+02	-2.592422963026e-03	9.998316589120e-01	1.816406288307e-02	9.959552001953e+01	5.393338142312e-06
134	1.340000000000e+02	-2.855974348879e-03	9.998109564162e-01	1.923265037793e-02	9.959097290039e+01	5.545140083996e-06
135	1.350000000000e+02	-3.308839411374e-03	9.997936384438e-01	2.004325594895e-02	9.958702087402e+01	5.713243808714e-06
136	1.360000000000e+02	-3.653733047928e-03	9.997794448562e-01	2.068119623673e-02	9.958676910400e+01	5.921526735619e-06
137	1.370000000000e+02	-4.207356600687e-03	9.997634710179e-01	2.133776391128e-02	9.958724212646e+01	6.151693014544e-06
138	1.380000000000e+02	-4.841095952717e-03	9.997450511260e-01	2.205439954055e-02	9.958237457275e+01	6.331270014925e-06
139	1.390000000000e+02	-5.493209030651e-03	9.997306076526e-01	2.255076001068e-02	9.958262634277e+01	6.557575488841e-06
140	1.400000000000e+02	-6.347896467344e-03	9.997116887298e-01	2.315693475789e-02	9.957934570312e+01	6.797199603170e-06
141	1.410000000000e+02	-7.061352118590e-03	9.996978331403e-01	2.354526960803e-02	9.957611083984e+01	6.960978680581e-06
142	1.420000000000e+02	-7.649809341935e-03	9.996862638820e-01	2.385066503842e-02	9.957398223877e+01	7.228616595967e-06
143	1.430000000000e+02	-8.173135334342e-03	9.996715856093e-01	2.428828491576e-02	9.956495666504e+01	7.420763722621e-06
144	1.440000000000e+02	-9.127270007217e-03	9.996460185939e-01	2.499060726718e-02	9.957361602783e+01	7.537446890638e-06
145	1.450000000000e+02	-9.519952874909e-03	9.996290467522e-01	2.551743299167e-02	9.956349182129e+01	7.918380106275e-06
146	1.460000000000e+02	-1.013641251097e-02	9.996133379008e-01	2.589262119390e-02	9.955628967285e+01	8.148002052621e-06
147	1.470000000000e+02	-1.091871638675e-02	9.995965525311e-01	2.622048436539e-02	9.956008148193e+01	8.362847438548e-06
148	1.480000000000e+02	-1.156919653845e-02	9.995778754513e-01	2.665003939496e-02	9.955514526367e+01	8.584481292928e-06
149	1.490000000000e+02	-1.229572419608e-02	9.995633326240e-01	2.686929921206e-02	9.955223083496e+01	8.776686627243e-06
150	1.500000000000e+02	-1.281570806080e-02	9.995540090031e-01	2.697296262283e-02	9.956414031982e+01	8.970353519544e-06
151	1.510000000000e+02	-1.330305371332e-02	9.995431234237e-01	2.713988169286e-02	9.955709075928e+01	9.185543603962e-06
152	1.520000000000e+02	-1.380462882340e-02	9.995314983855e-01	2.731695367989e-02	9.955223846436e+01	9.340777978650e-06
153	1.530000000000e+02	-1.421189576265e-02	9.995254632862e-01	2.732892719114e-02	9.955021667480e+01	9.485986993241e-06
154	1.540000000000e+02	-1.483286784325e-02	9.995133552948e-01	2.744154913451e-02	9.955151367188e+01	9.659018360253e-06
155	1.550000000000e+02	-1.665967143756e-02	9.994680851390e-01	2.803572963588e-02	9.953755950928e+01	9.915405826177e-06
156	1.560000000000e+02	-1.696331578528e-02	9.994594458079e-01	2.816135832963e-02	9.953803253174e+01	1.002344106382e-05
157	1.570000000000e+02	-1.729992817990e-02	9.994482202555e-01	2.835432089006e-02	9.953404235840e+01	1.011294170894e-05
158	1.580000000000e+02	-1.773831568695e-02	9.994335185036e-01	2.860059873815e-02	9.953220367432e+01	1.019078081299e-05
159	1.590000000000e+02	-1.808823531421e-02	9.994224615986e-01	2.876732513432e-02	9.952836608887e+01	1.025164601742e-05
160	1.600000000000e+02	-1.850447624368e-02	9.994129327521e-01	2.883356042414e-02	9.952544403076e+01	1.028375208989e-05
161	1.610000000000e+02	-1.906180858146e-02	9.994022849719e-01	2.883956044336e-02	9.952386474609e+01	1.031328702084e-05
162	1.620000000000e+02	-1.959411331893e-02	9.993916643954e-01	2.885085545072e-02	9.952070617676e+01	1.031418742059e-05
163	1.630000000000e+02	-2.000185125081e-02	9.993831618764e-01	2.886557992542e-02	9.951781463623e+01	1.030825569615e-05
164	1.640000000000e+02	-2.044369544290e-02	9.993693814273e-01	2.903265028056e-02	9.951780700684e+01	1.030007661029e-05
165	1.650000000000e+02	-2.073710862540e-02	9.993562316419e-01	2.927617810313e-02	9.951085662842e+01	1.026828886097e-05
166	1.660000000000e+02	-2.115137728761e-02	9.993357393325e-01	2.967657883960e-02	9.950761413574e+01	1.022082415147e-05
167	1.670000000000e+02	-2.156407110731e-02	9.993167498720e-01	3.001706618726e-02	9.950591278076e+01	1.015832458506e-05
168	1.680000000000e+02	-2.213190770522e-02	9.992942511754e-01	3.035091809310e-02	9.950848388672e+01	1.008568324323e-05
169	1.690000000000e+02	-2.227553470958e-02	9.992814086109e-01	3.066703373216e-02	9.950857543945e+01	9.999701433117e-06
170	1.700000000000e+02	-2.254296351049e-02	9.992683677697e-01	3.089569502603e-02	9.951013946533e+01	9.898843018163e-06
171	1.710000000000e+02	-2.264555052545e-02	9.992600583749e-01	3.108882078715e-02	9.951082611084e+01	9.791769116418e-06
172	1.720000000000e+02	-2.277049275145e-02	9.992513553769e-01	3.127672357094e-02	9.950408935547e+01	9.659033821663e-06
173	1.730000000000e+02	-2.327155302197e-02	9.992326067107e-01	3.150607094137e-02	9.950317382812e+01	9.512988071947e-06
174	1.740000000000e+02	-2.396418620509e-02	9.992085973232e-01	3.174739068007e-02	9.950281524658e+01	9.338966265204e-06
175	1.750000000000e+02	-2.436519509048e-02	9.991930323368e-01	3.193151104815e-02	9.950108337402e+01	9.160758054350e-06
176	1.760000000000e+02	-2.486419863795e-02	9.991673781024e-01	3.234690343751e-02	9.950013732910e+01	8.980921847979e-06
177	1.770000000000e+02	-2.523280001160e-02	9.991447940569e-01	3.275646978104e-02	9.949897003174e+01	8.775873538980e-06
178	1.780000000000e+02	-2.539043827418e-02	9.991295839119e-01	3.309683060831e-02	9.949928283691e+01	8.565353709855e-06
179	1.790000000000e+02	-2.609639596447e-02	9.990977290287e-01	3.350680479249e-02	9.949839782715e+01	8.349367817573e-06
180	1.800000000000e+02	-2.598746906558e-02	9.990966544089e-01	3.362330442448e-02	9.949217224121e+01	8.123119187076e-06
181	1.810000000000e+02	-2.632958101867e-02	9.990803804458e-01	3.384001435737e-02	9.949238586426e+01	7.891208952060e-06
182	1.820000000000e+02	-2.660148538228e-02	9.990624479433e-01	3.415532293699e-02	9.949240112305e+01	7.656741217943e-06
183	1.830000000000e+02	-2.686806996014e-02	9.990399789430e-01	3.460097238767e-02	9.949294281006e+01	7.420882866427e-06
184	1.840000000000e+02	-2.705676156469e-02	9.990172654942e-01	3.510605215700e-02	9.949105834961e+01	7.178416126408e-06
185	1.850000000000e+02	-2.725318583456e-02	9.989903390408e-01	3.571507195833e-02	9.948900604248e+01	6.942623713257e-06
186	1.860000000000e+02	-2.745348745048e-02	9.989594914325e-01	3.641758508808e-02	9.948306274414e+01	6.700318408548e-06
187	1.870000000000e+02	-2.773529320386e-02	9.989303129446e-01	3.699977555739e-02	9.948655700684e+01	6.460041277023e-06
188	1.880000000000e+02	-2.759793547593e-02	9.989165708965e-01	3.747049967329e-02	9.948249053955e+01	6.223681339179e-06
189	1.890000000000e+02	-2.786369325246e-02	9.988852326609e-01	3.810389179931e-02	9.948803710938e+01	5.988274097035e-06
190	1.900000000000e+02	-2.777936626107e-02	9.988684792216e-01	3.860139929638e-02	9.947760772705e+01	5.748077910539e-06
191	1.910000000000e+02	-2.785504745112e-02	9.988472813488e-01	3.909226104444e-02	9.947715759277e+01	5.517489171325e-06
192	1.920000000000e+02	-2.794853409023e-02	9.988250893763e-01	3.958939598759e-02	9.947404479980e+01	5.293334197631e-06
193	1.930000000000e+02	-2.812080674682e-02	9.987978950784e-01	4.014953318484e-02	9.947433471680e+01	5.068228801974e-06
194	1.940000000000e+02	-2.786530210518e-02	9.987759076956e-01	4.086821681114e-02	9.947106170654e+01	4.850489858654e-06
195	1.950000000000e+02	-2.783246840389e-02	9.987439682637e-01	4.166340791865e-02	9.947931671143e+01	4.645510216505e-06
196	1.960000000000e+02	-2.701697744778e-02	9.987375008303e-01	4.234958517918e-02	9.947674560547e+01	4.448707386473e-06
197	1.970000000000e+02	-2.660073744179e-02	9.987094840679e-01	4.326392493142e-02	9.947310638428e+01	4.259939487383e-06
198	1.980000000000e+02	-2.583126101383e-02	9.986881202285e-01	4.421294458452e-02	9.947801208496e+01	4.079226528120e-06
199	1.990000000000e+02	-2.502036677026e-02	9.986734523849e-01	4.500351928692e-02	9.947561645508e+01	3.911054136552e-06
200	2.000000000000e+02	-2.403646879475e-02	9.986662549757e-01	4.569419373062e-02	9.947108459473e+01	3.753207010959e-06
201	2.010000000000e+02	-2.331662313636e-02	9.986541299311e-01	4.632778709417e-02	9.946726989746e+01	3.611337206166e-06
202	2.020000000000e+02	-2.245460952267e-02	9.986486049256e-01	4.686954652472e-02	9.948020935059e+01	3.482205784167e-06
203	2.030000000000e+02	-2.112665821010e-02	9.986518344473e-01	4.741495405375e-02	9.947018432617e+01	3.362149982422e-06
204	2.040000000000e+02	-1.984013275945e-02	9.986611068086e-01	4.777408167419e-02	9.946805572510e+01	3.255718183937e-06
205	2.050000000000e+02	-1.867563628603e-02	9.986633233227e-01	4.819530329157e-02	9.947485351562e+01	3.162893335684e-06
206	2.060000000000e+02	-1.738755769433e-02	9.986702365212e-01	4.853278813491e-02	9.947776794434e+01	3.086937567787e-06
207	2.070000000000e+02	-1.590574490579e-02	9.986957485043e-01	4.851607154737e-02	9.947502136230e+01	3.023487579412e-06
208	2.080000000000e+02	-1.454385201850e-02	9.987175089324e-01	4.849550206284e-02	9.947859954834e+01	2.978257043651e-06
209	2.090000000000e+02	-1.308675728769e-02	9.987525381966e-01	4.818821670744e-02	9.947953796387e+01	2.948708015538e-06
210	2.100000000000e+02	-1.207330436930e-02	9.987833611895e-01	4.781247465502e-02	9.948764801025e+01	2.932157940450e-06
211	2.110000000000e+02	-1.065122727809e-02	9.988302462072e-01	4.716662611590e-02	9.947941589355e+01	2.933381210823e-06
212	2.120000000000e+02	-9.271162176199e-03	9.988844612850e-01	4.630203619033e-02	9.947711944580e+01	2.947666871478e-06
213	2.130000000000e+02	-7.954193367203e-03	9.989416678663e-01	4.530204198985e-02	9.946961975098e+01	2.979966666317e-06
214	2.140000000000e+02	-6.897603211105e-03	9.990028534113e-01	4.411033831320e-02	9.947776794434e+01	3.026287004104e-06
215	2.150000000000e+02	-5.860708466709e-03	9.990617872236e-01	4.290917624334e-02	9.948259735107e+01	3.089527353950e-06
216	2.160000000000e+02	-5.129975307510e-03	9.991213852776e-01	4.159496164633e-02	9.947682189941e+01	3.166653641529e-06
217	2.170000000000e+02	-4.489348355990e-03	9.991762936643e-01	4.033088060872e-02	9.947760772705e+01	3.259309323767e-06
218	2.180000000000e+02	-4.193009784789e-03	9.992315452713e-01	3.897098412544e-02	9.947998046875e+01	3.367583076397e-06
219	2.190000000000e+02	-3.707666211836e-03	9.992812384038e-01	3.772611543011e-02	9.947165679932e+01	3.485988372631e-06
220	2.200000000000e+02	-3.168130611215e-03	9.993353901650e-01	3.631447249094e-02	9.946995544434e+01	3.621547421062e-06
221	2.210000000000e+02	-2.701960572827e-03	9.993759714314e-01	3.521884629776e-02	9.946671295166e+01	3.765843530346e-06
222	2.220000000000e+02	-2.720006174356e-03	9.994054941423e-01	3.436946092954e-02	9.946480560303e+01	3.922323230654e-06
223	2.230000000000e+02	-2.646236656545e-03	9.994394098036e-01	3.337459457392e-02	9.946159362793e+01	4.085618002136e-06
224	2.240000000000e+02	-2.874825604703e-03	9.994682634823e-01	3.247961929357e-02	9.945734405518e+01	4.262153197487e-06
225	2.250000000000e+02	-3.002689988570e-03	9.995013904470e-01	3.143174108003e-02	9.945240020752e+01	4.444926162250e-06
226	2.260000000000e+02	-3.257663569338e-03	9.995322415824e-01	3.040864458080e-02	9.944911956787e+01	4.633698154066e-06
227	2.270000000000e+02	-3.442245803959e-03	9.995640170384e-01	2.932450828173e-02	9.944794464111e+01	4.827835255128e-06
228	2.280000000000e+02	-3.787900154516e-03	9.995962720407e-01	2.815927440061e-02	9.944681549072e+01	5.023439825891e-06
229	2.290000000000e+02	-4.243775449614e-03	9.996242615851e-01	2.707999299102e-02	9.944205474854e+01	5.222116215009e-06
230	2.300000000000e+02	-4.611137763361e-03	9.996481243147e-01	2.612211634901e-02	9.943854522705e+01	5.428697022580e-06
231	2.310000000000e+02	-5.125318852740e-03	9.996663481478e-01	2.531646672613e-02	9.942760467529e+01	5.636109108309e-06
232	2.320000000000e+02	-5.494812433562e-03	9.996832390728e-01	2.456071157818e-02	9.942802429199e+01	5.853587481397e-06
233	2.330000000000e+02	-5.901036178232e-03	9.996957770865e-01	2.394850825292e-02	9.942407989502e+01	6.060823125154e-06
234	2.340000000000e+02	-6.421759286664e-03	9.997083249674e-01	2.328145181337e-02	9.942299652100e+01	6.269258847169e-06
235	2.350000000000e+02	-7.071065286482e-03	9.997159590787e-01	2.275963969496e-02	9.942373657227e+01	6.534570729855e-06
236	2.360000000000e+02	-7.720401172678e-03	9.997254068429e-01	2.212478968213e-02	9.942543029785e+01	6.762837983842e-06
237	2.370000000000e+02	-8.175379760789e-03	9.997344191532e-01	2.154656182014e-02	9.942391967773e+01	6.974137249927e-06
238	2.380000000000e+02	-8.541276074701e-03	9.997402231778e-01	2.113132185912e-02	9.941499328613e+01	7.178289706644e-06
239	2.390000000000e+02	-8.841418498920e-03	9.997469464197e-01	2.068507779574e-02	9.941306304932e+01	7.383633601421e-06
240	2.400000000000e+02	-9.316870778394e-03	9.997497342590e-01	2.033875040131e-02	9.941220855713e+01	7.583462320326e-06
241	2.410000000000e+02	-9.655326492897e-03	9.997520310616e-01	2.006616700918e-02	9.941142272949e+01	7.777637620165e-06
242	2.420000000000e+02	-9.997628003133e-03	9.997524286025e-01	1.987785042998e-02	9.940031433105e+01	7.977907444001e-06
243	2.430000000000e+02	-1.043489490647e-02	9.997561128458e-01	1.946349906173e-02	9.939861297607e+01	8.175375114661e-06
244	2.440000000000e+02	-1.333222614763e-02	9.997641618015e-01	1.714271050076e-02	9.946556091309e+01	9.755391147337e-06
245	2.450000000000e+02	-1.360857088281e-02	9.997683336376e-01	1.667590639029e-02	9.946400451660e+01	9.890452020045e-06
246	2.460000000000e+02	-1.421836436599e-02	9.997650127706e-01	1.636329290369e-02	9.946579742432e+01	1.001465534500e-05
247	2.470000000000e+02	-1.464803141791e-02	9.997634731592e-01	1.607584872387e-02	9.946577453613e+01	1.011852054944e-05
248	2.480000000000e+02	-1.504468033423e-02	9.997619738118e-01	1.580042131114e-02	9.946080780029e+01	1.020699619403e-05
249	2.490000000000e+02	-1.537131055115e-02	9.997616935410e-01	1.550093351838e-02	9.946360015869e+01	1.028244787449e-05
250	2.500000000000e+02	-1.553913782297e-02	9.997647830622e-01	1.512989571455e-02	9.946198272705e+01	1.034038723446e-05
251	2.510000000000e+02	-1.588864429550e-02	9.997624210853e-01	1.492154040790e-02	9.945808410645e+01	1.038439313561e-05
252	2.520000000000e+02	-1.611086928572e-02	9.997611856040e-01	1.476521759233e-02	9.946175384521e+01	1.040365714289e-05
253	2.530000000000e+02	-1.668965727416e-02	9.997571371995e-01	1.439173230197e-02	9.946282958984e+01	1.041310770233e-05
254	2.540000000000e+02	-1.710406354673e-02	9.997571782525e-01	1.389372314216e-02	9.946604156494e+01	1.040250481310e-05
255	2.550000000000e+02	-1.750990714307e-02	9.997545971565e-01	1.357013693191e-02	9.946746826172e+01	1.037949459715e-05
256	2.560000000000e+02	-1.806057645165e-02	9.997484241122e-01	1.330052869247e-02	9.946738433838e+01	1.033426360664e-05
257	2.570000000000e+02	-1.813615801969e-02	9.997525699853e-01	1.287938585460e-02	9.946638488770e+01	1.027146936394e-05
258	2.580000000000e+02	-1.827044580705e-02	9.997554806392e-01	1.245671473432e-02	9.946529388428e+01	1.019642240863e-05
259	2.590000000000e+02	-1.838570458315e-02	9.997590979056e-01	1.198799490976e-02	9.946422576904e+01	1.011213680613e-05
260	2.600000000000e+02	-1.845037184026e-02	9.997633919608e-01	1.152145276951e-02	9.946177673340e+01	1.000258453132e-05
261	2.610000000000e+02	-1.862071415816e-02	9.997641938892e-01	1.117253871491e-02	9.945912933350e+01	9.882700396702e-06
262	2.620000000000e+02	-1.898621797828e-02	9.997611334794e-01	1.082587229096e-02	9.945895385742e+01	9.760546163307e-06
263	2.630000000000e+02	-1.924148536443e-02	9.997596312490e-01	1.050927998517e-02	9.945951843262e+01	9.618769581721e-06
264	2.640000000000e+02	-1.947092301259e-02	9.997583726115e-01	1.020193854902e-02	9.946461486816e+01	9.468022653891e-06
265	2.650000000000e+02	-1.972468491988e-02	9.997546460797e-01	1.007891099377e-02	9.946559143066e+01	9.289462468587e-06
266	2.660000000000e+02	-1.978053651312e-02	9.997571875364e-01	9.710630491697e-03	9.946618652344e+01	9.102944204642e-06
267	2.670000000000e+02	-1.977950593421e-02	9.997589487208e-01	9.529721800587e-03	9.946669006348e+01	8.903034540708e-06
268	2.680000000000e+02	-1.984783134974e-02	9.997659077745e-01	8.613549934482e-03	9.946735382080e+01	8.706752851140e-06
269	2.690000000000e+02	-1.981037190625e-02	9.997708084067e-01	8.116638631641e-03	9.946904754639e+01	8.490242180414e-06
270	2.700000000000e+02	-1.996062059726e-02	9.997718813685e-01	7.599924358876e-03	9.946610260010e+01	8.262676601589e-06
271	2.710000000000e+02	-1.999796968998e-02	9.997748038316e-01	7.100903589054e-03	9.947114562988e+01	8.035640348680e-06
272	2.720000000000e+02	-2.000441235275e-02	9.997773006250e-01	6.721059546534e-03	9.947180938721e+01	7.793450095051e-06
273	2.730000000000e+02	-1.999633878577e-02	9.997798262975e-01	6.359666955678e-03	9.946833038330e+01	7.554602234450e-06
274	2.740000000000e+02	-1.983102997198e-02	9.997850026614e-01	6.056294542054e-03	9.946700286865e+01	7.297609954549e-06
275	2.750000000000e+02	-1.947962231967e-02	9.997947479521e-01	5.568328454088e-03	9.946507263184e+01	7.052745331748e-06
276	2.760000000000e+02	-1.900133568990e-02	9.998068089166e-01	5.029322626097e-03	9.946943664551e+01	6.876645784359e-06
277	2.770000000000e+02	-1.864019129653e-02	9.998160136383e-01	4.525719935338e-03	9.946562194824e+01	6.635040790570e-06
278	2.780000000000e+02	-1.828822107434e-02	9.998244849641e-01	4.066968928240e-03	9.946762084961e+01	6.412220955099e-06
279	2.790000000000e+02	-1.820438016421e-02	9.998278832494e-01	3.578326395850e-03	9.946694183350e+01	6.184630365169e-06
280	2.800000000000e+02	-1.785733145395e-02	9.998361401837e-01	2.967911046973e-03	9.947232055664e+01	5.951455477771e-06
281	2.810000000000e+02	-1.749042748525e-02	9.998438089462e-01	2.538239204614e-03	9.947466278076e+01	5.751146090915e-06
282	2.820000000000e+02	-1.711046927032e-02	9.998513635677e-01	2.117218246764e-03	9.947254943848e+01	5.539997346204e-06
283	2.830000000000e+02	-1.658551865675e-02	9.998611673577e-01	1.602055207392e-03	9.947891235352e+01	5.362640422391e-06
284	2.840000000000e+02	-1.591862834873e-02	9.998725994260e-01	1.175665196100e-03	9.948320007324e+01	5.190034698899e-06
285	2.850000000000e+02	-1.511112931316e-02	9.998855778752e-01	6.963678048383e-04	9.948925781250e+01	5.019985565013e-06
286	2.860000000000e+02	-1.406222463374e-02	9.999010619669e-01	3.465774120056e-04	9.948329925537e+01	4.857563453697e-06
287	2.870000000000e+02	-1.314245474478e-02	9.999136321632e-01	6.401150032396e-05	9.948805236816e+01	4.698624252342e-06
288	2.880000000000e+02	-1.234769892102e-02	9.999237641775e-01	1.282039230616e-05	9.948677825928e+01	4.543357135844e-06
289	2.890000000000e+02	-1.148636064447e-02	9.999340280272e-01	-5.578980320538e-05	9.949002075195e+01	4.418837761477e-06
290	2.900000000000e+02	-1.063566589517e-02	9.999434371725e-01	7.118079855666e-05	9.949296569824e+01	4.303751211410e-06
291	2.910000000000e+02	-9.517594342807e-03	9.999546833621e-01	2.159167427246e-04	9.949586486816e+01	4.209710368741e-06
292	2.920000000000e+02	-8.533595689406e-03	9.999634741214e-01	4.776690997507e-04	9.949427032471e+01	4.120540324948e-06
293	2.930000000000e+02	-7.628814110206e-03	9.999704874602e-01	9.085173852123e-04	9.949389648438e+01	4.054170403833e-06
294	2.940000000000e+02	-6.734544832146e-03	9.999764280739e-01	1.337610749616e-03	9.949732971191e+01	4.005293703813e-06
295	2.950000000000e+02	-5.808179434747e-03	9.999815677432e-01	1.768961699463e-03	9.950067901611e+01	3.972115337092e-06
296	2.960000000000e+02	-5.209900748461e-03	9.999830265956e-01	2.608343307220e-03	9.950611114502e+01	3.955295596825e-06
297	2.970000000000e+02	-4.288714786667e-03	9.999845811804e-01	3.527651753593e-03	9.950467681885e+01	3.960473804909e-06
298	2.980000000000e+02	-3.559536785613e-03	9.999833235312e-01	4.547785974447e-03	9.951493835449e+01	3.981375357398e-06
299	2.990000000000e+02	-2.878693339640e-03	9.999796464162e-01	5.693845615362e-03	9.951145172119e+01	4.020079813927e-06
300	3.000000000000e+02	-2.109705074834e-03	9.999742762334e-01	6.855364034984e-03	9.951235198975e+01	4.077465291630e-06
301	3.010000000000e+02	-1.604502014226e-03	9.999663959522e-01	8.039436526800e-03	9.951744842529e+01	4.149091182626e-06
302	3.020000000000e+02	-1.190118510478e-03	9.999590455588e-01	8.971667797205e-03	9.951854705811e+01	4.245494892530e-06
303	3.030000000000e+02	-8.833271668265e-04	9.999506475286e-01	9.895566698975e-03	9.951439666748e+01	4.354888915259e-06
304	3.040000000000e+02	-9.219303722024e-04	9.999389812945e-01	1.100834828761e-02	9.952036285400e+01	4.477051334106e-06
305	3.050000000000e+02	-1.035228618399e-03	9.999269535806e-01	1.204225081967e-02	9.951809692383e+01	4.617276772478e-06
306	3.060000000000e+02	-1.077158183671e-03	9.999156239994e-01	1.294544754763e-02	9.951287841797e+01	4.774326498591e-06
307	3.070000000000e+02	-1.537155874461e-03	9.998991252609e-01	1.412007274783e-02	9.951351928711e+01	4.947824436385e-06
308	3.080000000000e+02	-1.916180579387e-03	9.998786863172e-01	1.545771330415e-02	9.951174926758e+01	5.138523647474e-06
309	3.090000000000e+02	-2.395582590497e-03	9.998602336236e-01	1.654612952516e-02	9.950655364990e+01	5.335822606867e-06
310	3.100000000000e+02	-2.832232984469e-03	9.998425922898e-01	1.751482513613e-02	9.951111602783e+01	5.546696684178e-06
311	3.110000000000e+02	-3.274453481558e-03	9.998227260989e-01	1.854169168538e-02	9.951099395752e+01	5.771463747806e-06
312	3.120000000000e+02	-3.584735478244e-03	9.998065333020e-01	1.934025951749e-02	9.950885772705e+01	6.004873739585e-06
313	3.130000000000e+02	-4.245137752297e-03	9.997883559334e-01	2.013013029014e-02	9.950965118408e+01	6.250133083086e-06
314	3.140000000000e+02	-4.497751969142e-03	9.997725487359e-01	2.084756631515e-02	9.950863647461e+01	6.505106739496e-06
315	3.150000000000e+02	-5.000106284487e-03	9.997563078210e-01	2.150171875298e-02	9.950433349609e+01	6.765845682821e-06
316	3.160000000000e+02	-5.335522285740e-03	9.997432871088e-01	2.202026527472e-02	9.950861358643e+01	7.032437679300e-06
317	3.170000000000e+02	-5.900840466200e-03	9.997302805760e-01	2.246210545024e-02	9.950727081299e+01	7.297524007299e-06
318	3.180000000000e+02	-6.610835659164e-03	9.997142309329e-01	2.297288232140e-02	9.950975799561e+01	7.566673048132e-06
319	3.190000000000e+02	-7.450637128340e-03	9.997015898160e-01	2.326412099444e-02	9.951226043701e+01	7.841068509151e-06
320	3.200000000000e+02	-8.192865649061e-03	9.996912549508e-01	2.345787133016e-02	9.951116180420e+01	8.111857823678e-06
321	3.210000000000e+02	-8.882349318210e-03	9.996786031166e-01	2.374435388373e-02	9.951298522949e+01	8.384358807234e-06
322	3.220000000000e+02	-9.711694272195e-03	9.996613096749e-01	2.414433543198e-02	9.951198577881e+01	8.654458724777e-06
323	3.230000000000e+02	-1.043223259134e-02	9.996413392677e-01	2.466498226857e-02	9.951250457764e+01	8.910196811485e-06
324	3.240000000000e+02	-1.122475941769e-02	9.996201404519e-01	2.517100671188e-02	9.951767730713e+01	9.163993127004e-06
325	3.250000000000e+02	-1.187154077084e-02	9.996026832058e-01	2.556447236883e-02	9.951763916016e+01	9.411637620360e-06
326	3.260000000000e+02	-1.259404401036e-02	9.995842006868e-01	2.593869296573e-02	9.951945495605e+01	9.651318578108e-06
327	3.270000000000e+02	-1.316564148947e-02	9.995710284850e-01	2.616151558303e-02	9.951856994629e+01	9.882270205708e-06
328	3.280000000000e+02	-1.371939114302e-02	9.995576584101e-01	2.638684938376e-02	9.951622772217e+01	1.009808875096e-05
329	3.290000000000e+02	-1.430829813933e-02	9.995363052570e-01	2.687837564761e-02	9.950849914551e+01	1.030854036799e-05
330	3.300000000000e+02	-1.496135673895e-02	9.995150505115e-01	2.730973463031e-02	9.950733184814e+01	1.050638911693e-05
331	3.310000000000e+02	-1.625841753027e-02	9.994913931659e-01	2.743389958859e-02	9.949089050293e+01	1.070401503966e-05
332	3.320000000000e+02	-1.667809849295e-02	9.994794135083e-01	2.761780229616e-02	9.949005889893e+01	1.086523752747e-05
333	3.330000000000e+02	-1.710050423576e-02	9.994635361927e-01	2.793228554921e-02	9.948737335205e+01	1.101222369471e-05
334	3.340000000000e+02	-1.751243925896e-02	9.994507121929e-01	2.813518026232e-02	9.948662567139e+01	1.115545637731e-05
335	3.350000000000e+02	-1.784733328444e-02	9.994403229415e-01	2.829334857006e-02	9.948676300049e+01	1.126818096964e-05
336	3.360000000000e+02	-1.831984806477e-02	9.994283451866e-01	2.841418667517e-02	9.948468017578e+01	1.136463015428e-05
337	3.370000000000e+02	-1.894834933227e-02	9.994144613255e-01	2.849025361481e-02	9.948717498779e+01	1.145718579210e-05
338	3.380000000000e+02	-1.963437429921e-02	9.994013028979e-01	2.848731492790e-02	9.948827362061e+01	1.152554887085e-05
339	3.390000000000e+02	-2.019525369248e-02	9.993880144379e-01	2.856130820243e-02	9.949102020264e+01	1.158523718914e-05
340	3.400000000000e+02	-2.079649756154e-02	9.993696536969e-01	2.877153035524e-02	9.948854827881e+01	1.161536147265e-05
341	3.410000000000e+02	-2.127024165555e-02	9.993535493776e-01	2.898379144137e-02	9.949156951904e+01	1.163261731563e-05
342	3.420000000000e+02	-2.147452021265e-02	9.993436146825e-01	2.917507112331e-02	9.949086761475e+01	1.162804437627e-05
343	3.430000000000e+02	-2.169093415022e-02	9.993285893903e-01	2.952750925566e-02	9.949124908447e+01	1.159851672128e-05
344	3.440000000000e+02	-2.209125887173e-02	9.993103083717e-01	2.984767768974e-02	9.949290466309e+01	1.156551479653e-05
345	3.450000000000e+02	-2.217902769352e-02	9.993058941442e-01	2.993026326827e-02	9.949299621582e+01	1.150339448941e-05
346	3.460000000000e+02	-2.258540746998e-02	9.992908658743e-01	3.012747499708e-02	9.949080657959e+01	1.142817382060e-05
347	3.470000000000e+02	-2.293786517966e-02	9.992758858780e-01	3.035717779711e-02	9.949101257324e+01	1.132872603193e-05
348	3.480000000000e+02	-2.309421527462e-02	9.992666522347e-01	3.054201945602e-02	9.949230957031e+01	1.121329205489e-05
349	3.490000000000e+02	-2.342977356409e-02	9.992523631311e-01	3.075321914420e-02	9.949308013916e+01	1.109808181354e-05
350	3.500000000000e+02	-2.370021654840e-02	9.992376688133e-01	3.102226555525e-02	9.949244689941e+01	1.096411233448e-05
351	3.510000000000e+02	-2.414993716506e-02	9.992155493021e-01	3.138577014795e-02	9.948725891113e+01	1.082403014152e-05
352	3.520000000000e+02	-2.467361184458e-02	9.991911238971e-01	3.175391005555e-02	9.948855590820e+01	1.067607172445e-05
353	3.530000000000e+02	-2.507298741137e-02	9.991689925374e-01	3.213517782718e-02	9.948852539062e+01	1.050506489264e-05
354	3.540000000000e+02	-2.557941170645e-02	9.991476759984e-01	3.239776602872e-02	9.948964691162e+01	1.033259286487e-05
355	3.550000000000e+02	-2.593501235444e-02	9.991323840367e-01	3.258610598504e-02	9.949244689941e+01	1.014180634229e-05
356	3.560000000000e+02	-2.654475178892e-02	9.991067407274e-01	3.288003627669e-02	9.949054718018e+01	9.937262802850e-06
357	3.570000000000e+02	-2.691473622864e-02	9.990871255375e-01	3.317397412187e-02	9.949301147461e+01	9.712322935229e-06
358	3.580000000000e+02	-2.714719322101e-02	9.990726192527e-01	3.342052303120e-02	9.949113464355e+01	9.469496035308e-06
359	3.590000000000e+02	-2.737121224889e-02	9.990466860886e-01	3.400787784261e-02	9.949216461182e+01	9.228879207512e-06
