# Filename: 142032_polarimeter_vs_wheel.dat
# Timestamp: Tue May 28 14:20:32 2019

# Column 1:
#	name: measurement point
#	size: 0
#	type: coordinate
# Column 2:
#	name: angle
#	type: value
# Column 3:
#	name: S1
#	type: value
# Column 4:
#	name: S2
#	type: value
# Column 5:
#	name: S3
#	type: value
# Column 6:
#	name: DOP
#	type: value
# Column 7:
#	name: power
#	type: value

0	0.000000000000e+00	9.995356277607e-01	3.044936377188e-02	1.168367645584e-03	1.032145004272e+02	8.083447937679e-06
1	1.000000000000e+00	9.995723687318e-01	2.907107603898e-02	3.154711676351e-03	1.033289108276e+02	7.928028026072e-06
2	2.000000000000e+00	9.995495754983e-01	2.995019026628e-02	1.905839495918e-03	1.034492797852e+02	7.784921763232e-06
3	3.000000000000e+00	9.995614398677e-01	2.953121873443e-02	2.198874632778e-03	1.034853057861e+02	7.628939329152e-06
4	4.000000000000e+00	9.995639193363e-01	2.940952660688e-02	2.655354179425e-03	1.034784164429e+02	7.478351562895e-06
5	5.000000000000e+00	9.995717860122e-01	2.907666447163e-02	3.285147116696e-03	1.034638290405e+02	7.322935744014e-06
6	6.000000000000e+00	9.995686665193e-01	2.910209449109e-02	3.943223175923e-03	1.033886489868e+02	7.179124622780e-06
7	7.000000000000e+00	9.994989292008e-01	3.132471070064e-02	4.544560045854e-03	1.032957687378e+02	7.047730377963e-06
8	8.000000000000e+00	9.995307678796e-01	3.013233427069e-02	5.503316590612e-03	1.032944564819e+02	6.897688308527e-06
9	9.000000000000e+00	9.994959149365e-01	3.116658906830e-02	6.046465993117e-03	1.032483291626e+02	6.766590104235e-06
10	1.000000000000e+01	9.995064307644e-01	3.099493695329e-02	5.119447622368e-03	1.034712219238e+02	6.640466381214e-06
11	1.100000000000e+01	9.994588099132e-01	3.225742167006e-02	6.445621318723e-03	1.031311874390e+02	6.509410013678e-06
12	1.200000000000e+01	9.995085205538e-01	3.085939833097e-02	5.514968263708e-03	1.033298034668e+02	6.381432740454e-06
13	1.300000000000e+01	9.995102976853e-01	3.071371148429e-02	5.986046099236e-03	1.032947082520e+02	6.255414518819e-06
14	1.400000000000e+01	9.995008851513e-01	3.052045818034e-02	8.153662627674e-03	1.033405303955e+02	6.142978691059e-06
15	1.500000000000e+01	9.995253956300e-01	2.947529595864e-02	8.954910321179e-03	1.034224014282e+02	6.031253633410e-06
16	1.600000000000e+01	9.995377901220e-01	2.886304387902e-02	9.546246171522e-03	1.034261550903e+02	5.939665243204e-06
17	1.700000000000e+01	9.995331864351e-01	2.887972623605e-02	9.968481701342e-03	1.034309616089e+02	5.852439699083e-06
18	1.800000000000e+01	9.995063230673e-01	2.967865755377e-02	1.030957973144e-02	1.033587112427e+02	5.777184924227e-06
19	1.900000000000e+01	9.995487342319e-01	2.832922518514e-02	9.989138896577e-03	1.035119094849e+02	5.700159363187e-06
20	2.000000000000e+01	9.994688318657e-01	3.105864906870e-02	9.869875731224e-03	1.033484344482e+02	5.651323135680e-06
21	2.100000000000e+01	9.994774644544e-01	3.085307132617e-02	9.637740270977e-03	1.033226470947e+02	5.590945875156e-06
22	2.200000000000e+01	9.995070332347e-01	2.995774083429e-02	9.392777992220e-03	1.033013916016e+02	5.536908247450e-06
23	2.300000000000e+01	9.995405196226e-01	2.869044455084e-02	9.777935571772e-03	1.033413696289e+02	5.489962859428e-06
24	2.400000000000e+01	9.995154072969e-01	2.892297656183e-02	1.150704144611e-02	1.031642456055e+02	5.458905889100e-06
25	2.500000000000e+01	9.995264066069e-01	2.826849136267e-02	1.215955967728e-02	1.032056579590e+02	5.437268555397e-06
26	2.600000000000e+01	9.995744273127e-01	2.692054416734e-02	1.123603863719e-02	1.032934265137e+02	5.432953003037e-06
27	2.700000000000e+01	9.995875982354e-01	2.587584943456e-02	1.245286593286e-02	1.033405838013e+02	5.444639555208e-06
28	2.800000000000e+01	9.995957834724e-01	2.636066257656e-02	1.064824552498e-02	1.033019561768e+02	5.475195393956e-06
29	2.900000000000e+01	9.996156801940e-01	2.582232194721e-02	1.008462193569e-02	1.032635955811e+02	5.517195859284e-06
30	3.000000000000e+01	9.996521853965e-01	2.443050451275e-02	9.932707648372e-03	1.033489303589e+02	5.566096206167e-06
31	3.100000000000e+01	9.996656747309e-01	2.371921890880e-02	1.029259049738e-02	1.034378356934e+02	5.629987299471e-06
32	3.200000000000e+01	9.996780535096e-01	2.286924380512e-02	1.099031478459e-02	1.034621353149e+02	5.704164777853e-06
33	3.300000000000e+01	9.996832287324e-01	2.237609635024e-02	1.152182725168e-02	1.034155578613e+02	5.779548700957e-06
34	3.400000000000e+01	9.996686342571e-01	2.327406213791e-02	1.099725938966e-02	1.034352798462e+02	5.882472578378e-06
35	3.500000000000e+01	9.996805843398e-01	2.280455714903e-02	1.089410240734e-02	1.034275131226e+02	5.985022653476e-06
36	3.600000000000e+01	9.997048356951e-01	2.196558386356e-02	1.038049196331e-02	1.033743362427e+02	6.101305189077e-06
37	3.700000000000e+01	9.997194475080e-01	2.165506580891e-02	9.596061646779e-03	1.033641357422e+02	6.226998266357e-06
38	3.800000000000e+01	9.997392375037e-01	2.071249144748e-02	9.615076363865e-03	1.034022369385e+02	6.367934474838e-06
39	3.900000000000e+01	9.997597852614e-01	2.007062460965e-02	8.805782301672e-03	1.033980026245e+02	6.513715561596e-06
40	4.000000000000e+01	9.997509686380e-01	2.054533565722e-02	8.711480367974e-03	1.033490676880e+02	6.671608389297e-06
41	4.100000000000e+01	9.997448401444e-01	2.088680294417e-02	8.602096685536e-03	1.033645629883e+02	6.829164249211e-06
42	4.200000000000e+01	9.997235826216e-01	2.209822856287e-02	8.026620997713e-03	1.033687744141e+02	7.000377991062e-06
43	4.300000000000e+01	9.997305671582e-01	2.202433722069e-02	7.329506090640e-03	1.033619689941e+02	7.169119271566e-06
44	4.400000000000e+01	9.997577299480e-01	2.091449565305e-02	6.860414039474e-03	1.034066238403e+02	7.346166057687e-06
45	4.500000000000e+01	9.997703626210e-01	2.049410685476e-02	6.262077048901e-03	1.033272399902e+02	7.523298336309e-06
46	4.600000000000e+01	9.997629188335e-01	2.102811533331e-02	5.650176197600e-03	1.032340164185e+02	7.717982043687e-06
47	4.700000000000e+01	9.997710764161e-01	2.087328126162e-02	4.701158486229e-03	1.033306350708e+02	7.903667210485e-06
48	4.800000000000e+01	9.997947745517e-01	1.971804130471e-02	4.648400385110e-03	1.034407424927e+02	8.101033927232e-06
49	4.900000000000e+01	9.997917490059e-01	1.979285922286e-02	4.970044626057e-03	1.034817657471e+02	8.304701623274e-06
50	5.000000000000e+01	9.997778900433e-01	2.046266317491e-02	5.044798932705e-03	1.033799743652e+02	8.516422894900e-06
51	5.100000000000e+01	9.997683391963e-01	2.113554012200e-02	4.069015176100e-03	1.032265625000e+02	8.829205398797e-06
52	5.200000000000e+01	9.997576902566e-01	2.173912243099e-02	3.459960801610e-03	1.032083053589e+02	9.051687811734e-06
53	5.300000000000e+01	9.997619992127e-01	2.173253793247e-02	1.908330483275e-03	1.031817321777e+02	9.260358638130e-06
54	5.400000000000e+01	9.997626841383e-01	2.159888936159e-02	2.839609641268e-03	1.033030395508e+02	9.473460522713e-06
55	5.500000000000e+01	9.997673558305e-01	2.141691510835e-02	2.559289552122e-03	1.033607254028e+02	9.663693163020e-06
56	5.600000000000e+01	9.997705039081e-01	2.132552794923e-02	2.039944349987e-03	1.033404312134e+02	9.838639925874e-06
57	5.700000000000e+01	9.997688687736e-01	2.145271902839e-02	1.410630188503e-03	1.033360137939e+02	1.000466727419e-05
58	5.800000000000e+01	9.997869901836e-01	2.063884008249e-02	1.119809821916e-04	1.034778060913e+02	1.016135593090e-05
59	5.900000000000e+01	9.997729152319e-01	2.130697880038e-02	-3.614181298225e-04	1.033697052002e+02	1.031788451655e-05
60	6.000000000000e+01	9.997515662865e-01	2.228855421040e-02	-1.614279053874e-04	1.032491378784e+02	1.048149715643e-05
61	6.100000000000e+01	9.997274554830e-01	2.334554582731e-02	-1.560763932654e-05	1.032462005615e+02	1.063214313035e-05
62	6.200000000000e+01	9.997486567779e-01	2.238221212820e-02	-1.288352064701e-03	1.034533004761e+02	1.077075012290e-05
63	6.300000000000e+01	9.997217838447e-01	2.355885719490e-02	-1.155488643656e-03	1.033087387085e+02	1.090226578526e-05
64	6.400000000000e+01	9.997320295803e-01	2.307127900686e-02	-1.893440344799e-03	1.033452835083e+02	1.100461122405e-05
65	6.500000000000e+01	9.997339438726e-01	2.295041293685e-02	-2.306515741841e-03	1.033600082397e+02	1.110474568122e-05
66	6.600000000000e+01	9.997020908447e-01	2.420587588066e-02	-3.131314985471e-03	1.033447341919e+02	1.119492662838e-05
67	6.700000000000e+01	9.997079326715e-01	2.409822152628e-02	-1.823478261522e-03	1.033418807983e+02	1.125775543187e-05
68	6.800000000000e+01	9.996868353950e-01	2.491035633403e-02	-2.388573906721e-03	1.034315185547e+02	1.131794488174e-05
69	6.900000000000e+01	9.996776197527e-01	2.531413213943e-02	-1.962467713484e-03	1.032681961060e+02	1.135699130828e-05
70	7.000000000000e+01	9.996981102604e-01	2.439978856352e-02	-2.887673780230e-03	1.033565521240e+02	1.136472201324e-05
71	7.100000000000e+01	9.996995254768e-01	2.426460119084e-02	-3.476764362765e-03	1.033400039673e+02	1.136138871516e-05
72	7.200000000000e+01	9.996894287705e-01	2.464295426745e-02	-3.710904124122e-03	1.032955322266e+02	1.136477021646e-05
73	7.300000000000e+01	9.996900313046e-01	2.454280263933e-02	-4.182361624305e-03	1.033325271606e+02	1.135254660767e-05
74	7.400000000000e+01	9.996963801948e-01	2.405310634080e-02	-5.347476106952e-03	1.035195617676e+02	1.134365720645e-05
75	7.500000000000e+01	9.996798315200e-01	2.468290139078e-02	-5.566761270495e-03	1.034981079102e+02	1.130482996814e-05
76	7.600000000000e+01	9.996517389832e-01	2.591137616919e-02	-5.000133291160e-03	1.034756546021e+02	1.125995004259e-05
77	7.700000000000e+01	9.996429521215e-01	2.611673113324e-02	-5.646647565447e-03	1.034068069458e+02	1.118708496506e-05
78	7.800000000000e+01	9.996307031662e-01	2.636158345505e-02	-6.597287718159e-03	1.033328170776e+02	1.109076583816e-05
79	7.900000000000e+01	9.996244164768e-01	2.640768620457e-02	-7.325304962776e-03	1.032816925049e+02	1.098514530895e-05
80	8.000000000000e+01	9.995976480502e-01	2.731278262415e-02	-7.652053181051e-03	1.031984786987e+02	1.087029977498e-05
81	8.100000000000e+01	9.995853582506e-01	2.776118563663e-02	-7.643830391527e-03	1.032066650391e+02	1.072877876140e-05
82	8.200000000000e+01	9.995955197321e-01	2.732023798581e-02	-7.899463768800e-03	1.033397979736e+02	1.056850487657e-05
83	8.300000000000e+01	9.996041255127e-01	2.711512253821e-02	-7.507488778732e-03	1.033380584717e+02	1.039884773490e-05
84	8.400000000000e+01	9.995508298430e-01	2.856230356894e-02	-9.073774022260e-03	1.033799972534e+02	9.915454029397e-06
85	8.500000000000e+01	9.995530420596e-01	2.839207466933e-02	-9.359818661448e-03	1.034006881714e+02	9.735131243360e-06
86	8.600000000000e+01	9.995530036075e-01	2.841544706913e-02	-9.292757772323e-03	1.032669982910e+02	9.552606570651e-06
87	8.700000000000e+01	9.995412809247e-01	2.850455256311e-02	-1.023319160961e-02	1.033723373413e+02	9.362120181322e-06
88	8.800000000000e+01	9.995217471639e-01	2.923596133946e-02	-1.007648306317e-02	1.032324523926e+02	9.168313226837e-06
89	8.900000000000e+01	9.995247794928e-01	2.888294044180e-02	-1.076990859930e-02	1.032670288086e+02	8.958927537606e-06
90	9.000000000000e+01	9.995311401591e-01	2.801748906037e-02	-1.234990522437e-02	1.033013229370e+02	8.752843314142e-06
91	9.100000000000e+01	9.995088505039e-01	2.852330400458e-02	-1.297994194798e-02	1.032669982910e+02	8.551911378163e-06
92	9.200000000000e+01	9.995116908267e-01	2.863178013246e-02	-1.251403480859e-02	1.032845916748e+02	8.356360012840e-06
93	9.300000000000e+01	9.995132147741e-01	2.849826594804e-02	-1.269576030849e-02	1.032710647583e+02	8.157668162312e-06
94	9.400000000000e+01	9.995120151384e-01	2.843026176365e-02	-1.294031723111e-02	1.032200469971e+02	7.959848517203e-06
95	9.500000000000e+01	9.995045309317e-01	2.851721793447e-02	-1.332144617754e-02	1.031831970215e+02	7.769927833579e-06
96	9.600000000000e+01	9.994872319009e-01	2.872623793552e-02	-1.414484079307e-02	1.031742248535e+02	7.587334948767e-06
97	9.700000000000e+01	9.994878883660e-01	2.834634180008e-02	-1.484742119529e-02	1.032140884399e+02	7.407925750158e-06
98	9.800000000000e+01	9.994778828280e-01	2.809612662164e-02	-1.595523132095e-02	1.033392486572e+02	7.239185833896e-06
99	9.900000000000e+01	9.994696220828e-01	2.782021282928e-02	-1.692661489556e-02	1.034473495483e+02	7.071875643305e-06
100	1.000000000000e+02	9.994666516583e-01	2.750618080732e-02	-1.760176810180e-02	1.034363937378e+02	6.915796348039e-06
101	1.010000000000e+02	9.994694494247e-01	2.722104581261e-02	-1.788391264486e-02	1.033449783325e+02	6.761897566321e-06
102	1.020000000000e+02	9.994615200492e-01	2.750818514291e-02	-1.788769664104e-02	1.031911010742e+02	6.616835435125e-06
103	1.030000000000e+02	9.994724351530e-01	2.721194558657e-02	-1.773023933068e-02	1.031782836914e+02	6.487340669992e-06
104	1.040000000000e+02	9.994762024694e-01	2.692457466661e-02	-1.795516572835e-02	1.032049331665e+02	6.370263236022e-06
105	1.050000000000e+02	9.995059081758e-01	2.550913316118e-02	-1.836365015485e-02	1.033320083618e+02	6.261649559747e-06
106	1.060000000000e+02	9.995304206127e-01	2.411015635405e-02	-1.891133602949e-02	1.033805541992e+02	6.163405487314e-06
107	1.070000000000e+02	9.995346653624e-01	2.361954085200e-02	-1.930207317201e-02	1.033479537964e+02	6.079636477807e-06
108	1.080000000000e+02	9.995100662235e-01	2.424569507744e-02	-1.979327633802e-02	1.033636932373e+02	6.022247816873e-06
109	1.090000000000e+02	9.995596570328e-01	2.330622033672e-02	-1.836605907707e-02	1.031577758789e+02	5.909986157349e-06
110	1.100000000000e+02	9.995697946521e-01	2.239978509559e-02	-1.893344254957e-02	1.032043762207e+02	5.873142072232e-06
111	1.110000000000e+02	9.995620727793e-01	2.245790996150e-02	-1.926927453815e-02	1.031660232544e+02	5.836432137585e-06
112	1.120000000000e+02	9.996069492257e-01	2.125647160411e-02	-1.827866172983e-02	1.032275924683e+02	5.804843112855e-06
113	1.130000000000e+02	9.996214380029e-01	2.077752599444e-02	-1.803538462556e-02	1.031810073853e+02	5.786888777948e-06
114	1.140000000000e+02	9.996268784354e-01	2.033308759857e-02	-1.823922855351e-02	1.032383193970e+02	5.776283160230e-06
115	1.150000000000e+02	9.996474465577e-01	1.949709488425e-02	-1.802348139836e-02	1.031805801392e+02	5.788326689071e-06
116	1.160000000000e+02	9.996451750850e-01	1.971592523756e-02	-1.791106421596e-02	1.031238861084e+02	5.826710093970e-06
117	1.170000000000e+02	9.996648461744e-01	1.858295442079e-02	-1.802412627791e-02	1.031844329834e+02	5.865610091860e-06
118	1.180000000000e+02	9.996836156013e-01	1.774107962660e-02	-1.783038956207e-02	1.032246856689e+02	5.917890575802e-06
119	1.190000000000e+02	9.996911585569e-01	1.842882518332e-02	-1.667230954234e-02	1.031017913818e+02	5.987943040964e-06
120	1.200000000000e+02	9.997041576630e-01	1.755022830627e-02	-1.684003081056e-02	1.031372909546e+02	6.061459316697e-06
121	1.210000000000e+02	9.997305510679e-01	1.762436637152e-02	-1.510652082535e-02	1.031648254395e+02	6.149262389954e-06
122	1.220000000000e+02	9.997429006862e-01	1.699870826050e-02	-1.500588034964e-02	1.031876754761e+02	6.240309176064e-06
123	1.230000000000e+02	9.997682959235e-01	1.624820737713e-02	-1.411914385494e-02	1.032537078857e+02	6.337847025861e-06
124	1.240000000000e+02	9.998016768630e-01	1.518082117470e-02	-1.288990342747e-02	1.032680435181e+02	6.464901161962e-06
125	1.250000000000e+02	9.997874180245e-01	1.579025737758e-02	-1.325845133691e-02	1.032664642334e+02	6.604626378248e-06
126	1.260000000000e+02	9.997955811883e-01	1.561704880676e-02	-1.284148055594e-02	1.032391738892e+02	6.726902029186e-06
127	1.270000000000e+02	9.998008551118e-01	1.565325298782e-02	-1.237844047854e-02	1.032029876709e+02	6.843050869065e-06
128	1.280000000000e+02	9.998168146069e-01	1.512883503239e-02	-1.172414516723e-02	1.031618576050e+02	6.941307674424e-06
129	1.290000000000e+02	9.998256023628e-01	1.498996243388e-02	-1.113848670177e-02	1.031627883911e+02	7.072282187437e-06
130	1.300000000000e+02	9.998170043874e-01	1.559449447453e-02	-1.108013898676e-02	1.032038497925e+02	7.216384346975e-06
131	1.310000000000e+02	9.998220668817e-01	1.508349388312e-02	-1.132796489901e-02	1.032543945312e+02	7.360207746387e-06
132	1.320000000000e+02	9.998152651298e-01	1.610233265033e-02	-1.049526067166e-02	1.031326522827e+02	7.517336598539e-06
133	1.330000000000e+02	9.998154123839e-01	1.633159187979e-02	-1.012028982927e-02	1.031262359619e+02	7.671405001020e-06
134	1.340000000000e+02	9.998184978330e-01	1.636299744890e-02	-9.758263448100e-03	1.030888061523e+02	7.825725333532e-06
135	1.350000000000e+02	9.998212437421e-01	1.631499617876e-02	-9.555179837267e-03	1.030452880859e+02	7.979646397871e-06
136	1.360000000000e+02	9.998228723913e-01	1.645224530085e-02	-9.140430388003e-03	1.029773635864e+02	8.141531907313e-06
137	1.370000000000e+02	9.998253352119e-01	1.616055463317e-02	-9.388053170211e-03	1.031084060669e+02	8.286528100143e-06
138	1.380000000000e+02	9.998209316839e-01	1.695461172765e-02	-8.405100108171e-03	1.030111770630e+02	8.438805707556e-06
139	1.390000000000e+02	9.998435422077e-01	1.573928330464e-02	-8.072550195904e-03	1.031446228027e+02	8.575698302593e-06
140	1.400000000000e+02	9.998335435268e-01	1.661241699929e-02	-7.544059914799e-03	1.031393737793e+02	8.729482942726e-06
141	1.410000000000e+02	9.998269523488e-01	1.718779610922e-02	-7.116531580518e-03	1.031062011719e+02	8.879311280907e-06
142	1.420000000000e+02	9.998177672531e-01	1.787436824943e-02	-6.703673969569e-03	1.030559539795e+02	9.029152352014e-06
143	1.430000000000e+02	9.998178180260e-01	1.810805300772e-02	-6.035658541671e-03	1.030623550415e+02	9.167632015306e-06
144	1.440000000000e+02	9.998136582452e-01	1.852944630009e-02	-5.413723880813e-03	1.030892028809e+02	9.301114914706e-06
145	1.450000000000e+02	9.997998512827e-01	1.920568887699e-02	-5.603471229223e-03	1.030463867188e+02	9.429676538275e-06
146	1.460000000000e+02	9.997964667709e-01	1.958405990491e-02	-4.846610156955e-03	1.031044158936e+02	9.560622856952e-06
147	1.470000000000e+02	9.998030106462e-01	1.941070545422e-02	-4.142996075213e-03	1.031435546875e+02	9.668376151239e-06
148	1.480000000000e+02	9.998006749912e-01	1.970921566556e-02	-3.187021327565e-03	1.030554809570e+02	9.779627362150e-06
149	1.490000000000e+02	9.997937323410e-01	2.004471714110e-02	-3.271404343052e-03	1.030978469849e+02	9.884133760352e-06
150	1.500000000000e+02	9.997882336528e-01	2.022059269492e-02	-3.823019809743e-03	1.031985702515e+02	9.987854355131e-06
151	1.510000000000e+02	9.997927561184e-01	2.006162858702e-02	-3.460617225277e-03	1.031800231934e+02	1.008515209833e-05
152	1.520000000000e+02	9.997756234669e-01	2.097246069512e-02	-2.976342359283e-03	1.031564331055e+02	1.018800321617e-05
153	1.530000000000e+02	9.997669773050e-01	2.142918944454e-02	-2.604021926908e-03	1.031606369019e+02	1.026839618135e-05
154	1.540000000000e+02	9.997743827807e-01	2.113745551219e-02	-2.095592984562e-03	1.031813125610e+02	1.034315755533e-05
155	1.550000000000e+02	9.997736283122e-01	2.121589748616e-02	-1.605560744713e-03	1.031779403687e+02	1.038820937538e-05
156	1.560000000000e+02	9.997812327061e-01	2.088625220263e-02	-1.118569426578e-03	1.032071075439e+02	1.042380426952e-05
157	1.570000000000e+02	9.997767348607e-01	2.109625034524e-02	-1.195262562956e-03	1.031792755127e+02	1.043455358740e-05
158	1.580000000000e+02	9.997621517255e-01	2.175352689468e-02	-1.556934448851e-03	1.031607284546e+02	1.044666987582e-05
159	1.590000000000e+02	9.997451056573e-01	2.248718090312e-02	-2.012562870981e-03	1.031293334961e+02	1.043006614054e-05
160	1.600000000000e+02	9.997277534481e-01	2.325159058862e-02	-1.944870338001e-03	1.031387100220e+02	1.040179631673e-05
161	1.610000000000e+02	9.997426489324e-01	2.262079375895e-02	-1.713357893027e-03	1.032650299072e+02	1.032832005876e-05
162	1.620000000000e+02	9.997129651260e-01	2.392817996531e-02	-1.195643181459e-03	1.032475585938e+02	1.023193817673e-05
163	1.630000000000e+02	9.997119934662e-01	2.397788256827e-02	-9.956241044651e-04	1.032577209473e+02	1.012151369650e-05
164	1.640000000000e+02	9.997084651037e-01	2.412065094183e-02	-1.085816791274e-03	1.032309112549e+02	1.006230286293e-05
165	1.650000000000e+02	9.996772635010e-01	2.540272450065e-02	-2.653809436381e-04	1.030573730469e+02	1.000965767162e-05
166	1.660000000000e+02	9.996669543883e-01	2.580599714725e-02	1.755427564922e-04	1.031216354370e+02	9.751372090250e-06
167	1.670000000000e+02	9.996618514461e-01	2.599463608830e-02	6.794541351752e-04	1.031210098267e+02	9.705173397379e-06
168	1.680000000000e+02	9.996645611269e-01	2.588416261652e-02	8.805411362256e-04	1.031951904297e+02	9.555175893183e-06
169	1.690000000000e+02	9.996655535160e-01	2.566620113289e-02	3.166580629047e-03	1.032813415527e+02	9.165639312414e-06
170	1.700000000000e+02	9.996475384898e-01	2.640364738066e-02	2.765175621397e-03	1.032440338135e+02	9.067108294403e-06
171	1.710000000000e+02	9.996343285711e-01	2.690975471339e-02	2.659744998752e-03	1.032546768188e+02	8.907424671634e-06
172	1.720000000000e+02	9.996199963448e-01	2.746854241577e-02	2.311295114976e-03	1.032279281616e+02	8.738573342271e-06
173	1.730000000000e+02	9.996115834629e-01	2.779220448525e-02	2.067746756860e-03	1.032116394043e+02	8.578850611229e-06
174	1.740000000000e+02	9.996184329836e-01	2.748591013428e-02	2.741018709251e-03	1.031635818481e+02	8.408668691118e-06
175	1.750000000000e+02	9.996112938250e-01	2.771301207030e-02	3.041417342199e-03	1.031207046509e+02	8.221255484386e-06
176	1.760000000000e+02	9.995978601242e-01	2.819681338603e-02	3.009609617586e-03	1.031933670044e+02	8.032766345423e-06
177	1.770000000000e+02	9.995867118997e-01	2.847662911216e-02	3.935351047254e-03	1.031764831543e+02	7.836058102839e-06
178	1.780000000000e+02	9.995590729037e-01	2.924540183955e-02	5.134807410126e-03	1.030829238892e+02	7.671119419683e-06
179	1.790000000000e+02	9.995414519251e-01	2.973945154915e-02	5.696569589667e-03	1.030705718994e+02	7.497703791159e-06
180	1.800000000000e+02	9.995649571403e-01	2.893633698867e-02	5.708314875371e-03	1.031038513184e+02	7.308417480090e-06
181	1.810000000000e+02	9.995537896477e-01	2.935949616036e-02	5.499235045916e-03	1.031140136719e+02	7.134347470128e-06
182	1.820000000000e+02	9.995436676402e-01	2.959509209432e-02	6.048719235865e-03	1.031324157715e+02	6.970044978516e-06
183	1.830000000000e+02	9.995636780687e-01	2.880487899156e-02	6.537004829848e-03	1.032783889771e+02	6.793110969738e-06
184	1.840000000000e+02	9.995593352667e-01	2.870147900578e-02	7.573663849618e-03	1.032453308105e+02	6.621043212363e-06
185	1.850000000000e+02	9.995475947155e-01	2.888753563453e-02	8.373540679306e-03	1.032435302734e+02	6.464932539529e-06
186	1.860000000000e+02	9.995309903285e-01	2.910421745952e-02	9.525959216045e-03	1.032694778442e+02	6.315804512269e-06
187	1.870000000000e+02	9.995344984210e-01	2.885507920556e-02	9.908121431579e-03	1.032620239258e+02	6.158100859466e-06
188	1.880000000000e+02	9.995243968597e-01	2.917605553420e-02	9.986884684775e-03	1.032006683350e+02	6.010841843818e-06
189	1.890000000000e+02	9.995141079694e-01	2.962438897317e-02	9.692447990904e-03	1.031895065308e+02	5.879771379114e-06
190	1.900000000000e+02	9.995214234154e-01	2.914019209410e-02	1.038139385247e-02	1.031853332520e+02	5.758264705946e-06
191	1.910000000000e+02	9.994913502129e-01	2.975191234539e-02	1.148322957398e-02	1.030430374146e+02	5.653662356053e-06
192	1.920000000000e+02	9.995207436272e-01	2.859185368664e-02	1.186545244318e-02	1.030863342285e+02	5.544870418817e-06
193	1.930000000000e+02	9.995285361759e-01	2.829335626862e-02	1.192440192040e-02	1.031679611206e+02	5.409305231296e-06
194	1.940000000000e+02	9.995326949406e-01	2.796542222212e-02	1.234207862403e-02	1.030848999023e+02	5.320315722201e-06
195	1.950000000000e+02	9.995462019234e-01	2.748511658071e-02	1.232714837276e-02	1.031712646484e+02	5.234419859335e-06
196	1.960000000000e+02	9.995629055423e-01	2.675746650071e-02	1.257123105615e-02	1.032355041504e+02	5.136056188348e-06
197	1.970000000000e+02	9.995615414086e-01	2.690779531221e-02	1.235700159101e-02	1.031589050293e+02	5.081193648948e-06
198	1.980000000000e+02	9.995631615763e-01	2.660269693553e-02	1.287565669802e-02	1.031939468384e+02	5.043244073022e-06
199	1.990000000000e+02	9.995723959404e-01	2.605300356076e-02	1.327653115282e-02	1.031651382446e+02	5.009546384827e-06
200	2.000000000000e+02	9.995812119705e-01	2.554336796882e-02	1.359915542777e-02	1.030734405518e+02	4.991048172087e-06
201	2.010000000000e+02	9.995779236199e-01	2.564248901166e-02	1.365420701023e-02	1.030933761597e+02	4.979151981388e-06
202	2.020000000000e+02	9.996147755757e-01	2.412804837152e-02	1.371633086762e-02	1.032076568604e+02	4.961415925209e-06
203	2.030000000000e+02	9.996323207783e-01	2.324543801905e-02	1.395968719758e-02	1.032045822144e+02	4.958313184034e-06
204	2.040000000000e+02	9.996323518411e-01	2.281049244133e-02	1.465750958498e-02	1.032262649536e+02	4.986583917344e-06
205	2.050000000000e+02	9.996379060641e-01	2.258122345633e-02	1.463369765333e-02	1.031827316284e+02	5.032664830651e-06
206	2.060000000000e+02	9.996592307751e-01	2.209406347941e-02	1.390232661011e-02	1.032107772827e+02	5.075750777905e-06
207	2.070000000000e+02	9.996766755469e-01	2.146957898601e-02	1.362356582296e-02	1.031889648438e+02	5.138109372638e-06
208	2.080000000000e+02	9.996914116772e-01	2.095865219127e-02	1.333477848372e-02	1.031586227417e+02	5.202065494814e-06
209	2.090000000000e+02	9.997015017186e-01	2.065519753960e-02	1.304876530912e-02	1.031473541260e+02	5.277649506752e-06
210	2.100000000000e+02	9.997055589705e-01	2.061295651083e-02	1.280239771880e-02	1.031677169800e+02	5.360864633985e-06
211	2.110000000000e+02	9.997220818223e-01	2.003541084772e-02	1.242342259557e-02	1.032279663086e+02	5.453020548885e-06
212	2.120000000000e+02	9.997399148166e-01	1.936596604145e-02	1.204417210944e-02	1.032282409668e+02	5.567107564275e-06
213	2.130000000000e+02	9.997517253221e-01	1.881776742985e-02	1.193228161181e-02	1.032244033813e+02	5.679111836798e-06
214	2.140000000000e+02	9.997512857182e-01	1.896666679008e-02	1.173167744192e-02	1.031898498535e+02	5.799998689326e-06
215	2.150000000000e+02	9.997912069869e-01	1.698570087822e-02	1.135906674680e-02	1.032475738525e+02	5.943553787802e-06
216	2.160000000000e+02	9.997621847280e-01	1.872246655089e-02	1.118227320891e-02	1.032276840210e+02	6.093162028264e-06
217	2.170000000000e+02	9.997671607242e-01	1.879361634290e-02	1.060303363593e-02	1.031961975098e+02	6.244283667911e-06
218	2.180000000000e+02	9.997836646813e-01	1.864418066983e-02	9.220540307020e-03	1.032306823730e+02	6.399571702786e-06
219	2.190000000000e+02	9.997988444481e-01	1.848005029974e-02	7.794766270647e-03	1.031643524170e+02	6.574602593901e-06
220	2.200000000000e+02	9.997977658949e-01	1.874912545291e-02	7.273074067044e-03	1.030912704468e+02	6.745242444595e-06
221	2.210000000000e+02	9.998129092303e-01	1.781967733797e-02	7.523671706634e-03	1.031432266235e+02	6.912082881172e-06
222	2.220000000000e+02	9.998150345562e-01	1.752380032859e-02	7.925471427446e-03	1.030965728760e+02	7.083606305969e-06
223	2.230000000000e+02	9.998122605091e-01	1.770068009805e-02	7.882236981841e-03	1.030609741211e+02	7.250914222823e-06
224	2.240000000000e+02	9.998191413960e-01	1.771200948704e-02	6.925981380225e-03	1.031277770996e+02	7.318673397094e-06
225	2.250000000000e+02	9.998106909467e-01	1.831358877435e-02	6.572270150763e-03	1.030818023682e+02	7.480691238015e-06
226	2.260000000000e+02	9.998087431700e-01	1.855725399978e-02	6.172957542087e-03	1.030804061890e+02	7.636635018571e-06
227	2.270000000000e+02	9.998016220351e-01	1.906372136862e-02	5.769844326489e-03	1.030491485596e+02	7.794473276590e-06
228	2.280000000000e+02	9.997994023069e-01	1.926517661427e-02	5.477966487963e-03	1.030100631714e+02	7.952829946589e-06
229	2.290000000000e+02	9.998101056662e-01	1.880181718321e-02	5.122916968371e-03	1.031138229370e+02	8.103334039333e-06
230	2.300000000000e+02	9.998169094757e-01	1.845236457741e-02	5.065349743301e-03	1.032024612427e+02	8.254221938842e-06
231	2.310000000000e+02	9.998140643235e-01	1.868635790047e-02	4.759916941203e-03	1.031967086792e+02	8.401633749600e-06
232	2.320000000000e+02	9.998129861975e-01	1.886768536004e-02	4.243003656895e-03	1.031732711792e+02	8.551407518098e-06
233	2.330000000000e+02	9.998054407795e-01	1.933098902877e-02	3.923448837649e-03	1.031407241821e+02	8.696657459950e-06
234	2.340000000000e+02	9.997988412197e-01	1.966947644498e-02	3.922855092534e-03	1.031176681519e+02	8.831131708575e-06
235	2.350000000000e+02	9.997875820474e-01	2.024144574741e-02	3.882609677433e-03	1.031218490601e+02	8.979794984043e-06
236	2.360000000000e+02	9.997834617081e-01	2.047684696091e-02	3.705190070406e-03	1.031340179443e+02	9.107236110140e-06
237	2.370000000000e+02	9.997831053668e-01	2.053192629710e-02	3.490304530202e-03	1.031168594360e+02	9.203841727867e-06
238	2.380000000000e+02	9.997797192561e-01	2.078510910827e-02	2.914138572132e-03	1.030760879517e+02	9.322896403319e-06
239	2.390000000000e+02	9.997778220771e-01	2.096916881549e-02	2.144864084757e-03	1.030393447876e+02	9.432247679797e-06
240	2.400000000000e+02	9.997828475617e-01	2.076669241914e-02	1.732687888554e-03	1.030553817749e+02	9.529784620099e-06
241	2.410000000000e+02	9.997784244605e-01	2.098468110513e-02	1.656847073331e-03	1.030643463135e+02	9.611841051083e-06
242	2.420000000000e+02	9.997714050582e-01	2.132161187677e-02	1.589495193923e-03	1.030592498779e+02	9.683803000371e-06
243	2.430000000000e+02	9.997750375064e-01	2.116096033028e-02	1.445038766874e-03	1.030798645020e+02	9.738012522575e-06
244	2.440000000000e+02	9.997772442425e-01	2.108362283597e-02	9.709494997719e-04	1.030973587036e+02	9.752639016369e-06
245	2.450000000000e+02	9.997744977541e-01	2.123451647709e-02	2.212476648420e-04	1.030185241699e+02	9.800166481000e-06
246	2.460000000000e+02	9.997611949825e-01	2.184782301319e-02	-4.750123758015e-04	1.029372634888e+02	9.817307727644e-06
247	2.470000000000e+02	9.997552085424e-01	2.212217771221e-02	-3.636559066973e-04	1.029080276489e+02	9.833399417403e-06
248	2.480000000000e+02	9.997539179579e-01	2.218236589462e-02	-2.148749175113e-04	1.029764862061e+02	9.859314559435e-06
249	2.490000000000e+02	9.997559726614e-01	2.208690118218e-02	-4.048753760362e-04	1.030512924194e+02	9.850201422523e-06
250	2.500000000000e+02	9.997586706671e-01	2.194757070140e-02	-9.510869175242e-04	1.030879669189e+02	9.831414899963e-06
251	2.510000000000e+02	9.997560782251e-01	2.200617769885e-02	-1.874085127710e-03	1.030818176270e+02	9.803093234950e-06
252	2.520000000000e+02	9.997490883192e-01	2.221755207990e-02	-2.853206011836e-03	1.030617218018e+02	9.779550055100e-06
253	2.530000000000e+02	9.997464311396e-01	2.217480566313e-02	-3.918088486933e-03	1.030688323975e+02	9.726240023156e-06
254	2.540000000000e+02	9.997284475100e-01	2.289078537320e-02	-4.363849714049e-03	1.029962005615e+02	9.649217645347e-06
255	2.550000000000e+02	9.997083009126e-01	2.371677142123e-02	-4.563752811870e-03	1.029583282471e+02	9.576275260770e-06
256	2.560000000000e+02	9.997032594129e-01	2.392544401267e-02	-4.578891580160e-03	1.029507675171e+02	9.481814231549e-06
257	2.570000000000e+02	9.996909582476e-01	2.444444914264e-02	-4.522930926820e-03	1.028985443115e+02	9.382618372911e-06
258	2.580000000000e+02	9.996465082867e-01	2.567549185364e-02	-6.901274389680e-03	1.029965438843e+02	9.519173545414e-06
259	2.590000000000e+02	9.996476490568e-01	2.557547234981e-02	-7.104431668354e-03	1.030158233643e+02	9.352957022202e-06
260	2.600000000000e+02	9.996227488036e-01	2.655825321363e-02	-7.001375619126e-03	1.029926986694e+02	9.173712896882e-06
261	2.610000000000e+02	9.996239842852e-01	2.641459082779e-02	-7.359309284329e-03	1.030150146484e+02	8.996991709864e-06
262	2.620000000000e+02	9.996005865445e-01	2.712897954024e-02	-7.917439543997e-03	1.029147338867e+02	8.837801033224e-06
263	2.630000000000e+02	9.995880019864e-01	2.733565261145e-02	-8.751478794535e-03	1.028881225586e+02	8.662628715683e-06
264	2.640000000000e+02	9.995789646310e-01	2.719338196682e-02	-1.011995279021e-02	1.029663391113e+02	8.539718692191e-06
265	2.650000000000e+02	9.995763783579e-01	2.732627290004e-02	-1.001691760582e-02	1.029800720215e+02	8.312742465932e-06
266	2.660000000000e+02	9.995665485712e-01	2.764988031099e-02	-1.010935686396e-02	1.029879531860e+02	8.117328434309e-06
267	2.670000000000e+02	9.995699284085e-01	2.726539897895e-02	-1.079612152691e-02	1.030393905640e+02	7.911548891570e-06
268	2.680000000000e+02	9.995522748058e-01	2.774702996573e-02	-1.119608229106e-02	1.030139160156e+02	7.742557500023e-06
269	2.690000000000e+02	9.995611108787e-01	2.723165070863e-02	-1.166288208694e-02	1.030402603149e+02	7.569254648843e-06
270	2.700000000000e+02	9.995691332784e-01	2.701353165583e-02	-1.148115431768e-02	1.029885787964e+02	7.406969416479e-06
271	2.710000000000e+02	9.995836156024e-01	2.634305338409e-02	-1.177450456382e-02	1.030511322021e+02	7.221286523418e-06
272	2.720000000000e+02	9.995777496505e-01	2.617941809419e-02	-1.260795272096e-02	1.031050720215e+02	7.037162049528e-06
273	2.730000000000e+02	9.995796003284e-01	2.566220664605e-02	-1.349347092008e-02	1.031725769043e+02	6.902858785907e-06
274	2.740000000000e+02	9.995619159137e-01	2.607729359887e-02	-1.399825037101e-02	1.030842895508e+02	6.742056484654e-06
275	2.750000000000e+02	9.995524544528e-01	2.608992448202e-02	-1.463579986902e-02	1.031164703369e+02	6.628655683016e-06
276	2.760000000000e+02	9.995531238499e-01	2.581688932600e-02	-1.506787401865e-02	1.031583709717e+02	6.459200449171e-06
277	2.770000000000e+02	9.995598690646e-01	2.528480066032e-02	-1.551602433652e-02	1.031539077759e+02	6.327582013910e-06
278	2.780000000000e+02	9.995532497588e-01	2.511961717882e-02	-1.619585531843e-02	1.030784606934e+02	6.202838449099e-06
279	2.790000000000e+02	9.995528881469e-01	2.489640782511e-02	-1.655876428526e-02	1.030574798584e+02	6.092914190958e-06
280	2.800000000000e+02	9.995688812307e-01	2.408890785989e-02	-1.678619055309e-02	1.031385879517e+02	5.980909918435e-06
281	2.810000000000e+02	9.995866932729e-01	2.318559904547e-02	-1.699619453237e-02	1.031792755127e+02	5.886119652132e-06
282	2.820000000000e+02	9.995778804074e-01	2.361293146972e-02	-1.692602929208e-02	1.030675735474e+02	5.806572971778e-06
283	2.830000000000e+02	9.995846538670e-01	2.320283944453e-02	-1.709233732432e-02	1.030723876953e+02	5.734723345086e-06
284	2.840000000000e+02	9.995974135817e-01	2.299997634289e-02	-1.661360433499e-02	1.029278564453e+02	5.669876827596e-06
285	2.850000000000e+02	9.996112859698e-01	2.207249753049e-02	-1.703178835310e-02	1.030012207031e+02	5.614698693535e-06
286	2.860000000000e+02	9.996188800729e-01	2.168615073641e-02	-1.708231448306e-02	1.029405136108e+02	5.581097411778e-06
287	2.870000000000e+02	9.996363634559e-01	2.129834648208e-02	-1.653847918547e-02	1.029333267212e+02	5.553689788940e-06
288	2.880000000000e+02	9.996445362258e-01	2.055042058719e-02	-1.698474043211e-02	1.029707260132e+02	5.543179213419e-06
289	2.890000000000e+02	9.996701374827e-01	1.959970623882e-02	-1.659722087146e-02	1.030485382080e+02	5.552325546887e-06
290	2.900000000000e+02	9.997097363478e-01	1.845456050046e-02	-1.548780966297e-02	1.030719833374e+02	5.574071110459e-06
291	2.910000000000e+02	9.997250282859e-01	1.801946571899e-02	-1.500555477325e-02	1.031115646362e+02	5.610550033452e-06
292	2.920000000000e+02	9.997329618609e-01	1.735772762459e-02	-1.525497494703e-02	1.031836700439e+02	5.661574050464e-06
293	2.930000000000e+02	9.997307968822e-01	1.725564313087e-02	-1.551053014742e-02	1.031082382202e+02	5.730637440138e-06
294	2.940000000000e+02	9.997199048211e-01	1.739791320047e-02	-1.604445452025e-02	1.031000289917e+02	5.813251391373e-06
295	2.950000000000e+02	9.997279963848e-01	1.687864824723e-02	-1.609485873755e-02	1.030517196655e+02	5.903859346290e-06
296	2.960000000000e+02	9.997350856867e-01	1.725321411927e-02	-1.523433784702e-02	1.029442214966e+02	5.990823865432e-06
297	2.970000000000e+02	9.997388717858e-01	1.690160139786e-02	-1.537934038124e-02	1.029577255249e+02	6.096540346334e-06
298	2.980000000000e+02	9.997468574030e-01	1.657998138339e-02	-1.520938296607e-02	1.030640792847e+02	6.223626314750e-06
299	2.990000000000e+02	9.997687701455e-01	1.602922192647e-02	-1.433423476003e-02	1.030271072388e+02	6.354217475746e-06
300	3.000000000000e+02	9.997841075960e-01	1.550325989424e-02	-1.383427378505e-02	1.031492080688e+02	6.466794729931e-06
301	3.010000000000e+02	9.997976592405e-01	1.560360989911e-02	-1.269519339215e-02	1.031371078491e+02	6.615312940994e-06
302	3.020000000000e+02	9.997896766524e-01	1.667225100861e-02	-1.194313634062e-02	1.031651916504e+02	6.770121672162e-06
303	3.030000000000e+02	9.997927102216e-01	1.711519806365e-02	-1.102753748707e-02	1.030027465820e+02	6.949463568162e-06
304	3.040000000000e+02	9.997973212868e-01	1.672519216641e-02	-1.120643988145e-02	1.030771636963e+02	7.135877694964e-06
305	3.050000000000e+02	9.998002703049e-01	1.675218424752e-02	-1.089879907081e-02	1.030713424683e+02	7.330595963140e-06
306	3.060000000000e+02	9.998143281094e-01	1.693709380546e-02	-9.189350394511e-03	1.030830383301e+02	7.469488082279e-06
307	3.070000000000e+02	9.998269005675e-01	1.667597111664e-02	-8.251114400373e-03	1.031315765381e+02	7.690535312577e-06
308	3.080000000000e+02	9.998199012157e-01	1.697068938558e-02	-8.494753369716e-03	1.031394805908e+02	7.861755875638e-06
309	3.090000000000e+02	9.998204157089e-01	1.690381438776e-02	-8.567227725093e-03	1.031188201904e+02	8.078592145466e-06
310	3.100000000000e+02	9.998102956537e-01	1.755960344051e-02	-8.428109629136e-03	1.029796066284e+02	8.281568625534e-06
311	3.110000000000e+02	9.998074937948e-01	1.783436529634e-02	-8.179900131179e-03	1.029979782104e+02	8.459644050163e-06
312	3.120000000000e+02	9.998121142607e-01	1.780714469127e-02	-7.657791812967e-03	1.030758666992e+02	8.666809662827e-06
313	3.130000000000e+02	9.998248112739e-01	1.741094637997e-02	-6.870640961205e-03	1.031537017822e+02	8.872998478182e-06
314	3.140000000000e+02	9.998259183065e-01	1.772393232503e-02	-5.830549334166e-03	1.030739059448e+02	9.058409887075e-06
315	3.150000000000e+02	9.998222526896e-01	1.795206572985e-02	-5.760760601427e-03	1.030973968506e+02	9.254836186301e-06
316	3.160000000000e+02	9.998296943626e-01	1.715970593853e-02	-6.791668634308e-03	1.031600875854e+02	9.430573300051e-06
317	3.170000000000e+02	9.998167536143e-01	1.792073086058e-02	-6.731017567190e-03	1.031113510132e+02	9.631029570301e-06
318	3.180000000000e+02	9.998027335251e-01	1.880489773038e-02	-6.392953712012e-03	1.031247863770e+02	9.880728612188e-06
319	3.190000000000e+02	9.998004743048e-01	1.910674159486e-02	-5.826148431186e-03	1.031544189453e+02	1.002669341688e-05
320	3.200000000000e+02	9.998050270921e-01	1.897305307708e-02	-5.470928462040e-03	1.031488647461e+02	1.015795714920e-05
321	3.210000000000e+02	9.997828103713e-01	2.009767555828e-02	-5.515027039612e-03	1.030829696655e+02	1.031643841998e-05
322	3.220000000000e+02	9.997937251411e-01	1.956147145719e-02	-5.464064683043e-03	1.030494766235e+02	1.048367903422e-05
323	3.230000000000e+02	9.997809510929e-01	2.020935789530e-02	-5.443499351556e-03	1.030447082520e+02	1.065314245352e-05
324	3.240000000000e+02	9.997623955072e-01	2.119312357980e-02	-5.099415919026e-03	1.029651031494e+02	1.078241712094e-05
325	3.250000000000e+02	9.997670795651e-01	2.092315683505e-02	-5.292270391006e-03	1.029960250854e+02	1.088324370357e-05
326	3.260000000000e+02	9.997473324377e-01	2.203770290288e-02	-4.428423464406e-03	1.029154739380e+02	1.096816777135e-05
327	3.270000000000e+02	9.997370713633e-01	2.257297059232e-02	-4.031022269826e-03	1.029954452515e+02	1.111120673158e-05
328	3.280000000000e+02	9.997409472946e-01	2.251165070052e-02	-3.356171202787e-03	1.030708160400e+02	1.132438137574e-05
329	3.290000000000e+02	9.997282065628e-01	2.306987966513e-02	-3.360603364443e-03	1.031059417725e+02	1.122329285863e-05
330	3.300000000000e+02	9.997460040530e-01	2.223036134760e-02	-3.706536726015e-03	1.032117385864e+02	1.124699974753e-05
331	3.310000000000e+02	9.997346516200e-01	2.270944505603e-02	-3.861017428504e-03	1.031425476074e+02	1.133391288022e-05
332	3.320000000000e+02	9.997058578825e-01	2.400027250892e-02	-3.490649646729e-03	1.031147460938e+02	1.154913297796e-05
333	3.330000000000e+02	9.997306614210e-01	2.295868499881e-02	-3.391665944663e-03	1.032904281616e+02	1.146054000856e-05
334	3.340000000000e+02	9.997151803911e-01	2.376296189270e-02	-2.209012825501e-03	1.032672729492e+02	1.149392119260e-05
335	3.350000000000e+02	9.996983174789e-01	2.452547803626e-02	-1.332275069514e-03	1.032379302979e+02	1.142621385952e-05
336	3.360000000000e+02	9.997020308824e-01	2.440370120106e-02	-5.557132656267e-04	1.031744003296e+02	1.136350965680e-05
337	3.370000000000e+02	9.996785463252e-01	2.532691580833e-02	-1.162476966118e-03	1.030848236084e+02	1.139067990152e-05
338	3.380000000000e+02	9.996712041920e-01	2.559706463475e-02	-1.507909585858e-03	1.031486511230e+02	1.132684610639e-05
339	3.390000000000e+02	9.996378743134e-01	2.689386957757e-02	-9.165246152214e-04	1.029628219604e+02	1.128658095695e-05
340	3.400000000000e+02	9.996297397807e-01	2.720382763683e-02	-5.788849740129e-04	1.029178009033e+02	1.120706838265e-05
341	3.410000000000e+02	9.996291917352e-01	2.722921369898e-02	-2.212514196650e-04	1.029517593384e+02	1.109970526159e-05
342	3.420000000000e+02	9.996429687362e-01	2.671953976937e-02	-3.536538218211e-05	1.031155929565e+02	1.104805414798e-05
343	3.430000000000e+02	9.996375448088e-01	2.690363887821e-02	9.865210524236e-04	1.030802536011e+02	1.098618395190e-05
344	3.440000000000e+02	9.996602336562e-01	2.604742149865e-02	9.742072542472e-04	1.032577362061e+02	1.081606842490e-05
345	3.450000000000e+02	9.996427446957e-01	2.672692877363e-02	-2.329281713982e-04	1.031290435791e+02	1.054880794982e-05
346	3.460000000000e+02	9.996231240941e-01	2.744680509718e-02	5.316637412001e-04	1.031556396484e+02	1.043135580403e-05
347	3.470000000000e+02	9.996043779635e-01	2.811125100958e-02	9.193056538278e-04	1.031045837402e+02	1.026750487654e-05
348	3.480000000000e+02	9.995807104260e-01	2.892069290424e-02	1.413105183352e-03	1.030083312988e+02	1.011586755340e-05
349	3.490000000000e+02	9.995632713427e-01	2.951851116469e-02	1.387112600546e-03	1.030607757568e+02	9.964313903765e-06
350	3.500000000000e+02	9.995816629278e-01	2.885095405402e-02	2.030169606753e-03	1.031178512573e+02	9.736158062879e-06
351	3.510000000000e+02	9.995846500816e-01	2.870697657170e-02	2.537088379431e-03	1.031535491943e+02	9.603067155695e-06
352	3.520000000000e+02	9.995772791428e-01	2.890282424646e-02	3.144800813130e-03	1.031328964233e+02	9.390065315529e-06
353	3.530000000000e+02	9.995604540514e-01	2.945653278001e-02	3.348338848419e-03	1.031095199585e+02	9.245559340343e-06
354	3.540000000000e+02	9.995462208831e-01	2.986314706600e-02	3.942685086327e-03	1.031101150513e+02	9.037181371241e-06
355	3.550000000000e+02	9.995431075278e-01	2.988905408990e-02	4.496736507169e-03	1.031226882935e+02	8.857547982188e-06
356	3.560000000000e+02	9.995447677060e-01	2.989375382104e-02	4.076865714564e-03	1.031276397705e+02	8.658663318784e-06
357	3.570000000000e+02	9.995285153070e-01	3.037544189068e-02	4.481028696335e-03	1.031162261963e+02	8.478816198476e-06
358	3.580000000000e+02	9.995237568647e-01	3.045210154663e-02	4.992892392185e-03	1.031780395508e+02	8.303011782118e-06
359	3.590000000000e+02	9.995218921831e-01	3.042568842227e-02	5.501320810453e-03	1.031925430298e+02	8.114337106235e-06
