# Filename: 133613_polarimeter_vs_wheel.dat
# Timestamp: Thu Apr 18 13:36:13 2019

# Column 1:
#	name: measurement point
#	size: 0
#	type: coordinate
# Column 2:
#	name: angle
#	type: value
# Column 3:
#	name: S1
#	type: value
# Column 4:
#	name: S2
#	type: value
# Column 5:
#	name: S3
#	type: value
# Column 6:
#	name: DOP
#	type: value
# Column 7:
#	name: power
#	type: value

0	0.000000000000e+00	1.827482850077e-02	9.979803745170e-01	6.083751081507e-02	9.968902587891e+01	8.511899977748e-06
1	1.000000000000e+00	1.823639471109e-02	9.979867747137e-01	6.074398245482e-02	9.968412017822e+01	8.733509275771e-06
2	2.000000000000e+00	1.806889694856e-02	9.979867198782e-01	6.079491680832e-02	9.968398284912e+01	8.975799573818e-06
3	3.000000000000e+00	1.774991134184e-02	9.979897017514e-01	6.083991983409e-02	9.968595123291e+01	9.219553248840e-06
4	4.000000000000e+00	1.766097663755e-02	9.979895284706e-01	6.086863697481e-02	9.968320465088e+01	9.452622180106e-06
5	5.000000000000e+00	1.787172309227e-02	9.979848139600e-01	6.088442016637e-02	9.968268585205e+01	9.681592018751e-06
6	6.000000000000e+00	1.783452641384e-02	9.979936152283e-01	6.075091465331e-02	9.967427825928e+01	9.908381798596e-06
7	7.000000000000e+00	1.780958841214e-02	9.979966105538e-01	6.070900990489e-02	9.967375946045e+01	1.011498898151e-05
8	8.000000000000e+00	1.767112765241e-02	9.979997572316e-01	6.069774141776e-02	9.966796875000e+01	1.031917781802e-05
9	9.000000000000e+00	1.765710976626e-02	9.980038859816e-01	6.063390174090e-02	9.966716003418e+01	1.052343122865e-05
10	1.000000000000e+01	1.776607850374e-02	9.980092619574e-01	6.051346545940e-02	9.966585540771e+01	1.070625967259e-05
11	1.100000000000e+01	1.784802417411e-02	9.980199128153e-01	6.031336217785e-02	9.966606140137e+01	1.090094701794e-05
12	1.200000000000e+01	1.804424007278e-02	9.980199323998e-01	6.025462582177e-02	9.966007995605e+01	1.106239051296e-05
13	1.300000000000e+01	1.812582759380e-02	9.980179265459e-01	6.026336090017e-02	9.965690612793e+01	1.123016591009e-05
14	1.400000000000e+01	1.813735378833e-02	9.980230729763e-01	6.017459766816e-02	9.965839385986e+01	1.144539055531e-05
15	1.500000000000e+01	1.820281117477e-02	9.980258948290e-01	6.010799377936e-02	9.965560913086e+01	1.162249918707e-05
16	1.600000000000e+01	1.803433482926e-02	9.980235346166e-01	6.019789962027e-02	9.965697479248e+01	1.179098126158e-05
17	1.700000000000e+01	1.785334800208e-02	9.980202678867e-01	6.030591059314e-02	9.965293884277e+01	1.195801360154e-05
18	1.800000000000e+01	1.809558079652e-02	9.980140715760e-01	6.033624857362e-02	9.965216064453e+01	1.212776442117e-05
19	1.900000000000e+01	1.784028831818e-02	9.980110486671e-01	6.046214395094e-02	9.964726257324e+01	1.227102438861e-05
20	2.000000000000e+01	1.765771453794e-02	9.980230410068e-01	6.031761547775e-02	9.964273834229e+01	1.240852179762e-05
21	2.100000000000e+01	1.768327626397e-02	9.980251814185e-01	6.027469614244e-02	9.964140319824e+01	1.254251856153e-05
22	2.200000000000e+01	1.750822234045e-02	9.980340883611e-01	6.017824041756e-02	9.963769531250e+01	1.264399270440e-05
23	2.300000000000e+01	1.752406137998e-02	9.980427707132e-01	6.002945193672e-02	9.963749694824e+01	1.274310670851e-05
24	2.400000000000e+01	1.772269364237e-02	9.980514728954e-01	5.982611120002e-02	9.963769531250e+01	1.283308483835e-05
25	2.500000000000e+01	1.802238295426e-02	9.980610404338e-01	5.957644904481e-02	9.963745880127e+01	1.289923875447e-05
26	2.600000000000e+01	1.815978766768e-02	9.980651099487e-01	5.946644780802e-02	9.963869476318e+01	1.294442699873e-05
27	2.700000000000e+01	1.806938299267e-02	9.980576216883e-01	5.961946987404e-02	9.963545227051e+01	1.296900427405e-05
28	2.800000000000e+01	1.800836474886e-02	9.980503930817e-01	5.975877900763e-02	9.963327789307e+01	1.299433279200e-05
29	2.900000000000e+01	1.798765711995e-02	9.980373757272e-01	5.998200432584e-02	9.962897491455e+01	1.299409177591e-05
30	3.000000000000e+01	1.799858652616e-02	9.980242037506e-01	6.019750502421e-02	9.962675476074e+01	1.297515063925e-05
31	3.100000000000e+01	1.794126283677e-02	9.980152851257e-01	6.036225429264e-02	9.962953186035e+01	1.296380924032e-05
32	3.200000000000e+01	1.793185926541e-02	9.980024321474e-01	6.057717269044e-02	9.962538146973e+01	1.289477313549e-05
33	3.300000000000e+01	1.773235484412e-02	9.980041345211e-01	6.060784660826e-02	9.962787628174e+01	1.284301106352e-05
34	3.400000000000e+01	1.763634295897e-02	9.980097598460e-01	6.054319663886e-02	9.962648773193e+01	1.276725106436e-05
35	3.500000000000e+01	1.742424676008e-02	9.980135705275e-01	6.054179273693e-02	9.962140655518e+01	1.266686740564e-05
36	3.600000000000e+01	1.721138714540e-02	9.980193661535e-01	6.050713127410e-02	9.961576843262e+01	1.258349584532e-05
37	3.700000000000e+01	1.713728504921e-02	9.980159860314e-01	6.058386820724e-02	9.961447906494e+01	1.246308329428e-05
38	3.800000000000e+01	1.727169397661e-02	9.980013921100e-01	6.078577081603e-02	9.960878753662e+01	1.235326180904e-05
39	3.900000000000e+01	1.722270675885e-02	9.979974294841e-01	6.086467871412e-02	9.960960388184e+01	1.224553852808e-05
40	4.000000000000e+01	1.744642054229e-02	9.979892583093e-01	6.093490550976e-02	9.960684204102e+01	1.211629114550e-05
41	4.100000000000e+01	1.723476494109e-02	9.979951978574e-01	6.089784832763e-02	9.960729980469e+01	1.198709105665e-05
42	4.200000000000e+01	1.750782844026e-02	9.979964793182e-01	6.079887508588e-02	9.960225677490e+01	1.183289259643e-05
43	4.300000000000e+01	1.715886543498e-02	9.979954213128e-01	6.091561684575e-02	9.959922027588e+01	1.168538528873e-05
44	4.400000000000e+01	1.706545590455e-02	9.979900101238e-01	6.103040150581e-02	9.958946990967e+01	1.150835851149e-05
45	4.500000000000e+01	1.664149222460e-02	9.979866935683e-01	6.120147218072e-02	9.959020233154e+01	1.134132162406e-05
46	4.600000000000e+01	1.647982640653e-02	9.979850511600e-01	6.127195918895e-02	9.958316040039e+01	1.118939781009e-05
47	4.700000000000e+01	1.634283926046e-02	9.979886683420e-01	6.124973033335e-02	9.958467864990e+01	1.101470115827e-05
48	4.800000000000e+01	1.661358781870e-02	9.979952933717e-01	6.106867534015e-02	9.958530426025e+01	1.083307961380e-05
49	4.900000000000e+01	1.670110962462e-02	9.980065290332e-01	6.086083259631e-02	9.957854461670e+01	1.063387207978e-05
50	5.000000000000e+01	1.696418696703e-02	9.980148233838e-01	6.065169961981e-02	9.957189941406e+01	1.043182146532e-05
51	5.100000000000e+01	1.680053851387e-02	9.980300536367e-01	6.044628974269e-02	9.956779479980e+01	1.023444292514e-05
52	5.200000000000e+01	1.680752849490e-02	9.980346522458e-01	6.036836839280e-02	9.956505584717e+01	1.000868542178e-05
53	5.300000000000e+01	1.676215159974e-02	9.980318882930e-01	6.042665160350e-02	9.956407928467e+01	9.787228918867e-06
54	5.400000000000e+01	1.683793175913e-02	9.980166030202e-01	6.065759762910e-02	9.956050872803e+01	9.564328138367e-06
55	5.500000000000e+01	1.708110654802e-02	9.980034977556e-01	6.080505132606e-02	9.956496429443e+01	9.351904736832e-06
56	5.600000000000e+01	1.667311062505e-02	9.980015160308e-01	6.095064710285e-02	9.956069183350e+01	9.122711162490e-06
57	5.700000000000e+01	1.661876856629e-02	9.979950866438e-01	6.107064406235e-02	9.955734252930e+01	8.897187399270e-06
58	5.800000000000e+01	1.609604925133e-02	9.980083965178e-01	6.099309533371e-02	9.955573272705e+01	8.681269719091e-06
59	5.900000000000e+01	1.586510940306e-02	9.980138792286e-01	6.096388415106e-02	9.955865478516e+01	8.465118298773e-06
60	6.000000000000e+01	1.597597263587e-02	9.980139902637e-01	6.093310706294e-02	9.956105041504e+01	8.248699487012e-06
61	6.100000000000e+01	1.641308866897e-02	9.980087538277e-01	6.090269126833e-02	9.956068420410e+01	8.047059964156e-06
62	6.200000000000e+01	1.667973164487e-02	9.980079479349e-01	6.084342537146e-02	9.955984497070e+01	7.843866114854e-06
63	6.300000000000e+01	1.689211600553e-02	9.980135326520e-01	6.069303963611e-02	9.955477905273e+01	7.645455298189e-06
64	6.400000000000e+01	1.662575752360e-02	9.980236295893e-01	6.060048653462e-02	9.955575561523e+01	7.454038950527e-06
65	6.500000000000e+01	1.641090579547e-02	9.980295996657e-01	6.056071632801e-02	9.955612945557e+01	7.260361599037e-06
66	6.600000000000e+01	1.641637735056e-02	9.980308981510e-01	6.053783024385e-02	9.955792236328e+01	7.063365501381e-06
67	6.700000000000e+01	1.666835805379e-02	9.980273619477e-01	6.052727189811e-02	9.956133270264e+01	6.869268418086e-06
68	6.800000000000e+01	1.667849998470e-02	9.980217449046e-01	6.061703008154e-02	9.956287384033e+01	6.677892088192e-06
69	6.900000000000e+01	1.691782831227e-02	9.980168653762e-01	6.063104411001e-02	9.956481170654e+01	6.487335667771e-06
70	7.000000000000e+01	1.701627318119e-02	9.980134615815e-01	6.065951655843e-02	9.957005310059e+01	6.289500106504e-06
71	7.100000000000e+01	1.702868746476e-02	9.980086943003e-01	6.073442108337e-02	9.957261657715e+01	6.103997293394e-06
72	7.200000000000e+01	1.712458094471e-02	9.980115878338e-01	6.065986545464e-02	9.957511138916e+01	5.915749625274e-06
73	7.300000000000e+01	1.724027447814e-02	9.980140254086e-01	6.058694598421e-02	9.957733917236e+01	5.729310487368e-06
74	7.400000000000e+01	1.712982895858e-02	9.980075513142e-01	6.072476002212e-02	9.958032989502e+01	5.549542493100e-06
75	7.500000000000e+01	1.714671056178e-02	9.979997704113e-01	6.084774914343e-02	9.958046722412e+01	5.362720912672e-06
76	7.600000000000e+01	1.712834456490e-02	9.979907704762e-01	6.100034308813e-02	9.958617401123e+01	5.179643721931e-06
77	7.700000000000e+01	1.699386398618e-02	9.979777370390e-01	6.125067314978e-02	9.958770751953e+01	4.999608336220e-06
78	7.800000000000e+01	1.700251485354e-02	9.979705564584e-01	6.136516056199e-02	9.959628295898e+01	4.819819878321e-06
79	7.900000000000e+01	1.702216971807e-02	9.979616935373e-01	6.150369070480e-02	9.960330963135e+01	4.639141025109e-06
80	8.000000000000e+01	1.710973013121e-02	9.979517537421e-01	6.164052512618e-02	9.960106658936e+01	4.459302545001e-06
81	8.100000000000e+01	1.698427212210e-02	9.979452556507e-01	6.178026565757e-02	9.961174011230e+01	4.288492164051e-06
82	8.200000000000e+01	1.696740837560e-02	9.979462826832e-01	6.176830847404e-02	9.960913848877e+01	4.113257091376e-06
83	8.300000000000e+01	1.697286365386e-02	9.979466022288e-01	6.176164667013e-02	9.961981201172e+01	3.943851879740e-06
84	8.400000000000e+01	1.704932429524e-02	9.979405648774e-01	6.183809111988e-02	9.961518096924e+01	3.774870720008e-06
85	8.500000000000e+01	1.681783260105e-02	9.979282663712e-01	6.209940163913e-02	9.961868286133e+01	3.612512955442e-06
86	8.600000000000e+01	1.682285856595e-02	9.979188991124e-01	6.224839133611e-02	9.963016510010e+01	3.447209337537e-06
87	8.700000000000e+01	1.676426523244e-02	9.979124011135e-01	6.236825406479e-02	9.962882995605e+01	3.293156851214e-06
88	8.800000000000e+01	1.664645170721e-02	9.979094764880e-01	6.244655619811e-02	9.962754058838e+01	3.120722340100e-06
89	8.900000000000e+01	1.637279064180e-02	9.979021734893e-01	6.263532447296e-02	9.963487243652e+01	2.966142574223e-06
90	9.000000000000e+01	1.635112595760e-02	9.978859728402e-01	6.289853645915e-02	9.964637756348e+01	2.816011374307e-06
91	9.100000000000e+01	1.610491124076e-02	9.978738802243e-01	6.315339262542e-02	9.964995574951e+01	2.668778051884e-06
92	9.200000000000e+01	1.602843825793e-02	9.978707622465e-01	6.322207700396e-02	9.965847778320e+01	2.522490376577e-06
93	9.300000000000e+01	1.578614934790e-02	9.978709464734e-01	6.328010487516e-02	9.966272735596e+01	2.383119181104e-06
94	9.400000000000e+01	1.589504816275e-02	9.978739053608e-01	6.320614245414e-02	9.965444183350e+01	2.245010591650e-06
95	9.500000000000e+01	1.576949807609e-02	9.978685545383e-01	6.332196138831e-02	9.965962982178e+01	2.114982407875e-06
96	9.600000000000e+01	1.578866542141e-02	9.978619666782e-01	6.342092321410e-02	9.967561340332e+01	1.989146085180e-06
97	9.700000000000e+01	1.542782939864e-02	9.978535911385e-01	6.364112453409e-02	9.967434692383e+01	1.869606535365e-06
98	9.800000000000e+01	1.489963462506e-02	9.978599114667e-01	6.366787239874e-02	9.968170166016e+01	1.751954187057e-06
99	9.900000000000e+01	-1.278547969922e-02	9.978804731484e-01	6.380511592342e-02	9.963320922852e+01	1.645967017794e-06
100	1.000000000000e+02	-1.279666697206e-02	9.978823345142e-01	6.377375462395e-02	9.962333679199e+01	1.537850266686e-06
101	1.010000000000e+02	-1.287059186636e-02	9.978746341998e-01	6.387927899990e-02	9.963459014893e+01	1.433074203305e-06
102	1.020000000000e+02	-1.281439847606e-02	9.978763523019e-01	6.386373547150e-02	9.962669372559e+01	1.332449528491e-06
103	1.030000000000e+02	-1.260798875085e-02	9.978957318549e-01	6.360146983740e-02	9.963229370117e+01	1.233835405401e-06
104	1.040000000000e+02	-1.243372449597e-02	9.978930061656e-01	6.367849512131e-02	9.964293670654e+01	1.143450390373e-06
105	1.050000000000e+02	-1.236682875228e-02	9.978891294029e-01	6.375223106855e-02	9.962749481201e+01	1.054402446243e-06
106	1.060000000000e+02	-1.258315258503e-02	9.978759184113e-01	6.391647460458e-02	9.964677429199e+01	9.697146197141e-07
107	1.070000000000e+02	-1.317524602937e-02	9.978584938607e-01	6.406901842711e-02	9.962958526611e+01	8.884704243428e-07
108	1.080000000000e+02	-1.349277235083e-02	9.978316931778e-01	6.441938515869e-02	9.962498474121e+01	8.124200121529e-07
109	1.090000000000e+02	-1.367659610910e-02	9.978242897373e-01	6.449525198890e-02	9.965021514893e+01	7.386574338852e-07
110	1.100000000000e+02	-1.377227770566e-02	9.978241660389e-01	6.447680230635e-02	9.962611389160e+01	6.706238764309e-07
111	1.110000000000e+02	-1.323179046420e-02	9.978332217325e-01	6.444983574892e-02	9.961302185059e+01	6.053953143237e-07
112	1.120000000000e+02	-1.330755866819e-02	9.978446245099e-01	6.425740594677e-02	9.965317535400e+01	5.430658234218e-07
113	1.130000000000e+02	-1.356533120255e-02	9.978316095271e-01	6.440544090274e-02	9.960998535156e+01	4.857208182329e-07
114	1.140000000000e+02	-1.373232772365e-02	9.978278704186e-01	6.442797677409e-02	9.965702819824e+01	4.296697397876e-07
115	1.150000000000e+02	-1.462779263736e-02	9.977653677746e-01	6.519431380190e-02	9.960207366943e+01	3.798701868618e-07
116	1.160000000000e+02	-1.500180023617e-02	9.977337217901e-01	6.559242633494e-02	9.966206359863e+01	3.311787679650e-07
117	1.170000000000e+02	-1.565321081258e-02	9.976995461524e-01	6.595902211663e-02	9.961067199707e+01	2.869536501748e-07
118	1.180000000000e+02	-1.512975508628e-02	9.976976861825e-01	6.610913323580e-02	9.959860229492e+01	2.449710052588e-07
119	1.190000000000e+02	-1.589359884387e-02	9.976494469271e-01	6.665564163567e-02	9.970383453369e+01	2.059018413547e-07
120	1.200000000000e+02	-1.650301536115e-02	9.975949386174e-01	6.732004849178e-02	9.955319976807e+01	1.704462846419e-07
121	1.210000000000e+02	-1.568989029459e-02	9.975983704287e-01	6.746346167065e-02	9.967766571045e+01	1.375085645350e-07
122	1.220000000000e+02	-1.877354748753e-02	9.974478465025e-01	6.888648214476e-02	9.953068542480e+01	1.081868603592e-07
123	1.230000000000e+02	-1.966863284330e-02	9.972839615872e-01	7.097777710651e-02	9.971454620361e+01	8.163400622152e-08
124	1.240000000000e+02	-2.116474784540e-02	9.971244168766e-01	7.276641201260e-02	9.972873687744e+01	5.877123498976e-08
125	1.250000000000e+02	-2.531114785991e-02	9.966522154132e-01	7.774128443712e-02	9.968793487549e+01	3.912549573215e-08
126	1.260000000000e+02	-2.056380257210e-02	9.967120057214e-01	7.837287588608e-02	9.937827301025e+01	2.359374740024e-08
127	1.270000000000e+02	-4.659807596598e-02	9.942954687869e-01	9.594342117120e-02	9.763149261475e+01	1.189688170200e-08
128	1.280000000000e+02	5.314966845078e-03	9.957923273511e-01	9.148438072161e-02	9.733123016357e+01	4.117675977966e-09
129	1.290000000000e+02	-1.210669973795e-01	9.620488791267e-01	2.445500691406e-01	7.322918701172e+01	7.628609965948e-10
130	1.300000000000e+02	4.174775885944e-02	9.972799996377e-01	6.074312267925e-02	9.733073425293e+01	1.802628157854e-09
131	1.310000000000e+02	3.623457408079e-02	9.986074397992e-01	3.834366725793e-02	9.698503112793e+01	7.765505571911e-09
132	1.320000000000e+02	2.985934081957e-02	9.988997690334e-01	3.616173655815e-02	9.914590454102e+01	1.843602959184e-08
133	1.330000000000e+02	1.338564886234e-02	9.989018941526e-01	4.489799842824e-02	9.994738769531e+01	3.412897697785e-08
134	1.340000000000e+02	6.343457529270e-03	9.987403270028e-01	4.977469000259e-02	9.967655944824e+01	5.520649182245e-08
135	1.350000000000e+02	7.034184673221e-03	9.987135524742e-01	5.021713203944e-02	9.973719024658e+01	8.186513866804e-08
136	1.360000000000e+02	6.060979455914e-04	9.986216941349e-01	5.248185065725e-02	9.973940277100e+01	1.138450542726e-07
137	1.370000000000e+02	6.149827520432e-04	9.985819285926e-01	5.323301310707e-02	9.957035064697e+01	1.519242829318e-07
138	1.380000000000e+02	-2.143379803541e-04	9.985427176522e-01	5.396661081595e-02	9.962261962891e+01	1.958480879694e-07
139	1.390000000000e+02	-4.076499343302e-04	9.984992908117e-01	5.476312692090e-02	9.964911651611e+01	2.457545349444e-07
140	1.400000000000e+02	-1.841117039239e-03	9.984502014505e-01	5.562198766296e-02	9.972254180908e+01	3.019557084372e-07
141	1.410000000000e+02	-3.318282655301e-03	9.983889266951e-01	5.664397631462e-02	9.969251251221e+01	3.649178950127e-07
142	1.420000000000e+02	-3.486910085739e-03	9.983660597598e-01	5.703553434315e-02	9.967449188232e+01	4.343407624674e-07
143	1.430000000000e+02	-3.723815568457e-03	9.983667173798e-01	5.700904161602e-02	9.966907501221e+01	5.107870038046e-07
144	1.440000000000e+02	-4.645131091559e-03	9.983426851098e-01	5.736118761807e-02	9.969705200195e+01	5.932957947152e-07
145	1.450000000000e+02	-5.267795065110e-03	9.983117993004e-01	5.784290546664e-02	9.968287658691e+01	6.836169745839e-07
146	1.460000000000e+02	-5.215589716494e-03	9.983192378283e-01	5.771912166601e-02	9.968389129639e+01	7.794224643476e-07
147	1.470000000000e+02	-5.966430412201e-03	9.982977444382e-01	5.801736944860e-02	9.968109130859e+01	8.825966233417e-07
148	1.480000000000e+02	-6.265061018729e-03	9.982854067584e-01	5.819790085285e-02	9.970346832275e+01	9.931442264133e-07
149	1.490000000000e+02	-6.260169937492e-03	9.982685957708e-01	5.848607501067e-02	9.968216705322e+01	1.109016466216e-06
150	1.500000000000e+02	-6.236374712887e-03	9.982685526784e-01	5.848935256857e-02	9.970752716064e+01	1.232024033015e-06
151	1.510000000000e+02	-6.137308691034e-03	9.982634726865e-01	5.858645357004e-02	9.969936370850e+01	1.360945816486e-06
152	1.520000000000e+02	-6.470928458328e-03	9.982573228239e-01	5.865530251761e-02	9.969128417969e+01	1.496225536357e-06
153	1.530000000000e+02	-6.825782983250e-03	9.982465518927e-01	5.879821698751e-02	9.969001770020e+01	1.637989953451e-06
154	1.540000000000e+02	-6.880566677932e-03	9.982296153516e-01	5.907870036763e-02	9.968025207520e+01	1.784807409422e-06
155	1.550000000000e+02	2.043265980895e-02	9.980305143062e-01	5.930934940444e-02	9.975234222412e+01	1.931343376782e-06
156	1.560000000000e+02	2.041214406483e-02	9.980284988478e-01	5.935031476183e-02	9.974826812744e+01	2.092131126119e-06
157	1.570000000000e+02	2.030136769707e-02	9.980271060130e-01	5.941170030291e-02	9.972506713867e+01	2.262912857987e-06
158	1.580000000000e+02	2.028731604587e-02	9.980356674639e-01	5.927251705147e-02	9.972428894043e+01	2.438225465085e-06
159	1.590000000000e+02	2.019169232725e-02	9.980406648251e-01	5.922100063761e-02	9.971112060547e+01	2.620573695822e-06
160	1.600000000000e+02	2.008918074730e-02	9.980469644893e-01	5.914965334245e-02	9.971273803711e+01	2.811897275024e-06
161	1.610000000000e+02	2.028421982041e-02	9.980468640920e-01	5.908474847548e-02	9.969899749756e+01	3.012197794305e-06
162	1.620000000000e+02	2.028789927831e-02	9.980447377835e-01	5.911939212837e-02	9.969600677490e+01	3.220761072953e-06
163	1.630000000000e+02	2.026329037954e-02	9.980506617921e-01	5.902775245000e-02	9.969667816162e+01	3.438323346927e-06
164	1.640000000000e+02	2.003991441735e-02	9.980432691648e-01	5.922866455532e-02	9.969592285156e+01	3.661291202661e-06
165	1.650000000000e+02	2.005865896830e-02	9.980431916187e-01	5.922362589328e-02	9.969020843506e+01	3.897530405084e-06
166	1.660000000000e+02	2.018132423311e-02	9.980341949913e-01	5.933346256799e-02	9.969105529785e+01	4.137545147387e-06
167	1.670000000000e+02	2.031772415106e-02	9.980207501235e-01	5.951279197130e-02	9.968482208252e+01	4.382834504213e-06
168	1.680000000000e+02	2.060392626447e-02	9.980123722585e-01	5.955487420474e-02	9.968525695801e+01	4.638579412131e-06
169	1.690000000000e+02	2.038302114400e-02	9.980151542591e-01	5.958426233678e-02	9.967877960205e+01	4.903576609649e-06
170	1.700000000000e+02	2.027880398495e-02	9.980158818209e-01	5.960763157637e-02	9.968183135986e+01	5.169085852685e-06
171	1.710000000000e+02	2.018410082841e-02	9.980268611931e-01	5.945575170480e-02	9.968353271484e+01	5.445337592391e-06
172	1.720000000000e+02	1.994164206068e-02	9.980355291586e-01	5.939203186498e-02	9.967669677734e+01	5.728517862735e-06
173	1.730000000000e+02	1.981023766608e-02	9.980463755739e-01	5.925357953306e-02	9.967778015137e+01	6.016624865879e-06
174	1.740000000000e+02	1.976963048972e-02	9.980501908712e-01	5.920285645428e-02	9.967701721191e+01	6.304293947323e-06
175	1.750000000000e+02	1.959138218170e-02	9.980453422881e-01	5.934368105580e-02	9.966995239258e+01	6.585584287677e-06
176	1.760000000000e+02	1.927576712553e-02	9.980455435314e-01	5.944356852338e-02	9.967003631592e+01	6.890425083839e-06
177	1.770000000000e+02	1.930686055121e-02	9.980378295063e-01	5.956287442785e-02	9.967037963867e+01	7.185942649812e-06
178	1.780000000000e+02	1.933982796240e-02	9.980445177366e-01	5.943998376698e-02	9.967326354980e+01	7.476574410248e-06
179	1.790000000000e+02	1.953300193248e-02	9.980513325915e-01	5.926212405760e-02	9.966898345947e+01	7.786206879246e-06
180	1.800000000000e+02	1.955917283108e-02	9.980503037813e-01	5.927081811726e-02	9.967079162598e+01	8.087195055850e-06
181	1.810000000000e+02	1.951643355956e-02	9.980471063273e-01	5.933870888995e-02	9.966579437256e+01	8.359524144907e-06
182	1.820000000000e+02	1.923202695773e-02	9.980455166348e-01	5.945818584772e-02	9.966695404053e+01	8.663047992741e-06
183	1.830000000000e+02	1.899526463898e-02	9.980393444062e-01	5.963763022175e-02	9.966382598877e+01	8.979034646472e-06
184	1.840000000000e+02	1.899717481964e-02	9.980489005209e-01	5.947688221359e-02	9.966311645508e+01	9.251905794372e-06
185	1.850000000000e+02	1.877278688453e-02	9.980572780846e-01	5.940750907910e-02	9.966263580322e+01	9.515943929728e-06
186	1.860000000000e+02	1.866116100440e-02	9.980598906329e-01	5.939878601332e-02	9.966288757324e+01	9.780685104488e-06
187	1.870000000000e+02	1.866513916407e-02	9.980522350146e-01	5.952603432406e-02	9.965938568115e+01	1.003510897135e-05
188	1.880000000000e+02	1.860075675293e-02	9.980359819837e-01	5.981797818345e-02	9.965393829346e+01	1.028445058182e-05
189	1.890000000000e+02	1.842072829078e-02	9.980202405202e-01	6.013548271334e-02	9.965131378174e+01	1.053134656104e-05
190	1.900000000000e+02	1.840611725821e-02	9.980137009096e-01	6.024838291698e-02	9.964960479736e+01	1.075488125934e-05
191	1.910000000000e+02	1.827922445229e-02	9.980099051993e-01	6.034980594447e-02	9.964877319336e+01	1.097915719583e-05
192	1.920000000000e+02	1.812516724849e-02	9.980181657643e-01	6.025959771433e-02	9.964440917969e+01	1.119539047068e-05
193	1.930000000000e+02	1.809791372683e-02	9.980254279557e-01	6.014740786227e-02	9.964379882812e+01	1.139858341048e-05
194	1.940000000000e+02	1.820384039146e-02	9.980167260923e-01	6.025972647677e-02	9.964532470703e+01	1.159527528216e-05
195	1.950000000000e+02	1.826156103179e-02	9.980181147649e-01	6.021924933012e-02	9.964303588867e+01	1.177864669444e-05
196	1.960000000000e+02	1.822552819877e-02	9.980032006770e-01	6.047678530079e-02	9.963751220703e+01	1.195336244564e-05
197	1.970000000000e+02	1.810810887917e-02	9.980011804605e-01	6.054535648774e-02	9.963418579102e+01	1.209270885738e-05
198	1.980000000000e+02	1.796564119505e-02	9.979885756666e-01	6.079505387356e-02	9.963269042969e+01	1.223557046615e-05
199	1.990000000000e+02	1.791686647386e-02	9.979818257196e-01	6.092012335090e-02	9.962954711914e+01	1.236456500919e-05
200	2.000000000000e+02	1.783692355574e-02	9.979789828721e-01	6.099011316219e-02	9.962709045410e+01	1.248044100066e-05
201	2.010000000000e+02	1.771792911397e-02	9.979703070147e-01	6.116650476308e-02	9.962827301025e+01	1.259801319975e-05
202	2.020000000000e+02	1.771273933185e-02	9.979550169041e-01	6.141696102254e-02	9.962693023682e+01	1.269897802558e-05
203	2.030000000000e+02	1.750692140795e-02	9.979447758728e-01	6.164196631301e-02	9.962457275391e+01	1.276613056689e-05
204	2.040000000000e+02	1.754551141425e-02	9.979244637587e-01	6.195901597920e-02	9.962397003174e+01	1.281588447455e-05
205	2.050000000000e+02	1.762168417676e-02	9.979249122829e-01	6.193016786581e-02	9.961966705322e+01	1.285667804041e-05
206	2.060000000000e+02	1.768821890073e-02	9.979290340740e-01	6.184472381962e-02	9.961674499512e+01	1.291627449973e-05
207	2.070000000000e+02	1.770104247637e-02	9.979400721810e-01	6.166267453376e-02	9.961211395264e+01	1.291733951803e-05
208	2.080000000000e+02	1.779376778895e-02	9.979517918931e-01	6.144593465252e-02	9.960929870605e+01	1.292897559324e-05
209	2.090000000000e+02	1.771696810917e-02	9.979536139780e-01	6.143853342341e-02	9.960463714600e+01	1.291962780670e-05
210	2.100000000000e+02	1.762161878293e-02	9.979588478106e-01	6.138091419935e-02	9.960035705566e+01	1.291323951591e-05
211	2.110000000000e+02	1.756087954184e-02	9.979593393088e-01	6.139032982502e-02	9.959896087646e+01	1.290611908189e-05
212	2.120000000000e+02	1.755678748675e-02	9.979534146546e-01	6.148773367426e-02	9.959747314453e+01	1.291160697292e-05
213	2.130000000000e+02	1.749011995705e-02	9.979493436285e-01	6.157274766740e-02	9.959413146973e+01	1.286779297516e-05
214	2.140000000000e+02	1.761351441241e-02	9.979440239725e-01	6.162377080071e-02	9.959735870361e+01	1.282666016778e-05
215	2.150000000000e+02	1.758224397730e-02	9.979421556246e-01	6.166294449635e-02	9.959605407715e+01	1.276998227695e-05
216	2.160000000000e+02	1.759275132584e-02	9.979425101025e-01	6.165421016595e-02	9.959370422363e+01	1.268788400921e-05
217	2.170000000000e+02	1.771359517737e-02	9.979358338897e-01	6.172762740291e-02	9.959297943115e+01	1.263878675672e-05
218	2.180000000000e+02	1.775422596382e-02	9.979333431974e-01	6.175621422451e-02	9.959554290771e+01	1.255534243683e-05
219	2.190000000000e+02	1.779128626086e-02	9.979318971211e-01	6.176891484758e-02	9.959495544434e+01	1.247900672752e-05
220	2.200000000000e+02	1.762601704139e-02	9.979369290665e-01	6.173499112048e-02	9.959315490723e+01	1.240170877281e-05
221	2.210000000000e+02	1.743033755212e-02	9.979512986710e-01	6.155801177444e-02	9.959225463867e+01	1.231103942700e-05
222	2.220000000000e+02	1.721182518233e-02	9.979599798955e-01	6.147870851703e-02	9.959063720703e+01	1.220862577611e-05
223	2.230000000000e+02	1.728758250959e-02	9.979516971326e-01	6.159179881464e-02	9.959012603760e+01	1.209192578244e-05
224	2.240000000000e+02	1.740134814842e-02	9.979430105732e-01	6.170041110685e-02	9.959362792969e+01	1.200066708407e-05
225	2.250000000000e+02	1.738444925392e-02	9.979420070823e-01	6.172140167404e-02	9.958839416504e+01	1.183701897389e-05
226	2.260000000000e+02	1.729539615197e-02	9.979500270230e-01	6.161666038267e-02	9.958673095703e+01	1.169551615021e-05
227	2.270000000000e+02	1.721490232200e-02	9.979611302057e-01	6.145917129796e-02	9.958792114258e+01	1.154351502919e-05
228	2.280000000000e+02	1.734183179114e-02	9.979679026906e-01	6.131334332273e-02	9.958837127686e+01	1.138803327194e-05
229	2.290000000000e+02	1.740485347503e-02	9.979610799349e-01	6.140646554489e-02	9.958543395996e+01	1.120502383856e-05
230	2.300000000000e+02	1.742990723058e-02	9.979647141490e-01	6.134026122791e-02	9.958545684814e+01	1.102199075831e-05
231	2.310000000000e+02	1.767841267812e-02	9.979682549443e-01	6.121140293026e-02	9.957823944092e+01	1.084377981897e-05
232	2.320000000000e+02	1.774517941129e-02	9.979852421167e-01	6.091440818839e-02	9.958032989502e+01	1.066024469765e-05
233	2.330000000000e+02	1.784612127771e-02	9.979878401047e-01	6.084231223882e-02	9.958236694336e+01	1.046517172654e-05
234	2.340000000000e+02	1.784780215156e-02	9.979926311960e-01	6.076317994399e-02	9.957677459717e+01	1.025840083457e-05
235	2.350000000000e+02	1.779713846285e-02	9.979917248478e-01	6.079291897847e-02	9.957641601562e+01	1.003850320558e-05
236	2.360000000000e+02	1.770102078281e-02	9.979913098995e-01	6.082778335883e-02	9.957595062256e+01	9.826336281549e-06
237	2.370000000000e+02	1.783231040041e-02	9.979886298337e-01	6.083340717497e-02	9.957585144043e+01	9.615193448553e-06
238	2.380000000000e+02	1.785889641436e-02	9.979886002568e-01	6.082609289083e-02	9.957692718506e+01	9.402849173057e-06
239	2.390000000000e+02	1.787136300543e-02	9.979869756436e-01	6.084908241006e-02	9.958055877686e+01	9.168199539999e-06
240	2.400000000000e+02	1.783096000872e-02	9.979800107370e-01	6.097503615856e-02	9.957626342773e+01	8.949677976489e-06
241	2.410000000000e+02	1.773690398048e-02	9.979758686833e-01	6.107018718591e-02	9.957524871826e+01	8.720150617592e-06
242	2.420000000000e+02	1.769617244268e-02	9.979727763379e-01	6.113250501407e-02	9.957264709473e+01	8.494400390191e-06
243	2.430000000000e+02	1.764033784469e-02	9.979650243713e-01	6.127502437630e-02	9.957352447510e+01	8.262840310636e-06
244	2.440000000000e+02	1.740179275754e-02	9.979685082849e-01	6.128649182682e-02	9.958335113525e+01	8.039938620641e-06
245	2.450000000000e+02	1.760754578609e-02	9.979598303206e-01	6.136897748740e-02	9.957944488525e+01	7.816252946213e-06
246	2.460000000000e+02	1.753711499567e-02	9.979610158255e-01	6.136986630341e-02	9.958242034912e+01	7.598755928484e-06
247	2.470000000000e+02	1.755144135968e-02	9.979593203620e-01	6.139333684327e-02	9.957479095459e+01	7.365261808445e-06
248	2.480000000000e+02	1.745904652731e-02	9.979587246435e-01	6.142935456555e-02	9.957564544678e+01	7.149961220421e-06
249	2.490000000000e+02	1.738695281216e-02	9.979483734890e-01	6.161767378356e-02	9.957553863525e+01	6.924072749825e-06
250	2.500000000000e+02	1.730534372052e-02	9.979334388744e-01	6.188195742781e-02	9.957855224609e+01	6.693551767967e-06
251	2.510000000000e+02	1.734618012531e-02	9.979274639348e-01	6.196681982937e-02	9.957914733887e+01	6.472017958004e-06
252	2.520000000000e+02	1.708434351587e-02	9.979285733657e-01	6.202167094610e-02	9.958017730713e+01	6.255944299483e-06
253	2.530000000000e+02	1.708126900671e-02	9.979275613550e-01	6.203879864342e-02	9.958358001709e+01	6.031176781107e-06
254	2.540000000000e+02	1.710019330900e-02	9.979226937384e-01	6.211184034247e-02	9.958200073242e+01	5.811803475808e-06
255	2.550000000000e+02	1.702836989276e-02	9.979199713497e-01	6.217527965593e-02	9.958442687988e+01	5.592020443146e-06
256	2.560000000000e+02	1.702802481015e-02	9.979153273661e-01	6.224986569341e-02	9.958623504639e+01	5.380878974393e-06
257	2.570000000000e+02	1.680012125284e-02	9.979105154007e-01	6.238877446051e-02	9.958448791504e+01	5.167376457393e-06
258	2.580000000000e+02	1.673568181630e-02	9.978961834334e-01	6.263484687581e-02	9.958789062500e+01	4.959125817550e-06
259	2.590000000000e+02	1.646767546650e-02	9.978931336751e-01	6.275435784706e-02	9.959895324707e+01	4.755263034895e-06
260	2.600000000000e+02	1.678228075240e-02	9.978771444262e-01	6.292503225634e-02	9.959329986572e+01	4.549084678729e-06
261	2.610000000000e+02	1.687664718233e-02	9.978770306877e-01	6.290159302987e-02	9.959604644775e+01	4.361724677437e-06
262	2.620000000000e+02	1.677905481165e-02	9.978750016796e-01	6.295986294923e-02	9.960012054443e+01	4.170439751761e-06
263	2.630000000000e+02	1.696967520299e-02	9.978763552732e-01	6.288727780839e-02	9.960333251953e+01	3.972813374276e-06
264	2.640000000000e+02	1.715812655457e-02	9.978828707405e-01	6.273256710663e-02	9.961325073242e+01	3.783306965488e-06
265	2.650000000000e+02	1.718321211271e-02	9.978885298331e-01	6.263560687822e-02	9.960553741455e+01	3.596520627980e-06
266	2.660000000000e+02	1.725061817200e-02	9.978972263175e-01	6.247833128857e-02	9.960482025146e+01	3.419863560339e-06
267	2.670000000000e+02	1.715754022343e-02	9.978951520431e-01	6.253706374885e-02	9.960614776611e+01	3.246017968195e-06
268	2.680000000000e+02	1.703811946952e-02	9.978915512836e-01	6.262710564697e-02	9.960676574707e+01	3.078255758737e-06
269	2.690000000000e+02	1.684255163355e-02	9.978965231148e-01	6.260077962651e-02	9.961357116699e+01	2.921036184489e-06
270	2.700000000000e+02	1.670735400490e-02	9.978951759165e-01	6.265845676988e-02	9.961453247070e+01	2.771984554784e-06
271	2.710000000000e+02	1.677476659788e-02	9.978887323679e-01	6.274300772813e-02	9.962452697754e+01	2.625134357004e-06
272	2.720000000000e+02	1.693478996517e-02	9.978805415798e-01	6.283022859450e-02	9.962463378906e+01	2.485627419446e-06
273	2.730000000000e+02	1.684432871359e-02	9.978758140391e-01	6.292955065746e-02	9.963550567627e+01	2.351019247726e-06
274	2.740000000000e+02	1.672676082287e-02	9.978635314400e-01	6.315526972832e-02	9.965559387207e+01	2.221176146122e-06
275	2.750000000000e+02	1.617341989843e-02	9.978611915722e-01	6.333611010212e-02	9.965907287598e+01	2.095835498039e-06
276	2.760000000000e+02	1.617368663158e-02	9.978612481373e-01	6.333515079730e-02	9.966033935547e+01	1.975121449505e-06
277	2.770000000000e+02	1.640813949609e-02	9.978532842968e-01	6.340028372403e-02	9.967258453369e+01	1.859346866695e-06
278	2.780000000000e+02	1.617621306313e-02	9.978531220607e-01	6.346240560012e-02	9.969812774658e+01	1.749268449203e-06
279	2.790000000000e+02	-1.155126268158e-02	9.979020865641e-01	6.370238583886e-02	9.961871337891e+01	1.645795350669e-06
280	2.800000000000e+02	-1.169311890581e-02	9.979068160911e-01	6.360233776513e-02	9.964285278320e+01	1.542928089293e-06
281	2.810000000000e+02	-1.190116303601e-02	9.978894694384e-01	6.383548466408e-02	9.963876342773e+01	1.443304995519e-06
282	2.820000000000e+02	-1.187980397375e-02	9.978591037747e-01	6.431235706633e-02	9.965045166016e+01	1.349038484477e-06
283	2.830000000000e+02	-1.199061750958e-02	9.978354561367e-01	6.465777268234e-02	9.963944244385e+01	1.254996163880e-06
284	2.840000000000e+02	-1.196005129597e-02	9.978242231152e-01	6.483654014224e-02	9.966042327881e+01	1.164012928712e-06
285	2.850000000000e+02	-1.200052889078e-02	9.978198089232e-01	6.489696623761e-02	9.964263153076e+01	1.080219135474e-06
286	2.860000000000e+02	-1.185172679911e-02	9.978112344173e-01	6.505595316653e-02	9.965378570557e+01	9.962311651179e-07
287	2.870000000000e+02	-1.209810727990e-02	9.977901659267e-01	6.533315069828e-02	9.963908386230e+01	9.184583973365e-07
288	2.880000000000e+02	-1.208174439191e-02	9.977886594135e-01	6.535918143756e-02	9.966945648193e+01	8.419406185567e-07
289	2.890000000000e+02	-1.245991443013e-02	9.977766607251e-01	6.547125968424e-02	9.966027832031e+01	7.686892331549e-07
290	2.900000000000e+02	-1.264200499067e-02	9.977693946702e-01	6.554704241426e-02	9.968046569824e+01	6.999133006502e-07
291	2.910000000000e+02	-1.289029852006e-02	9.977644105760e-01	6.557454683032e-02	9.967898559570e+01	6.320446459540e-07
292	2.920000000000e+02	-1.278089647654e-02	9.977612984385e-01	6.564327858696e-02	9.966001129150e+01	5.683656354449e-07
293	2.930000000000e+02	-1.346995628396e-02	9.977264982452e-01	6.603328688665e-02	9.965667724609e+01	5.073827082924e-07
294	2.940000000000e+02	-1.333606928194e-02	9.977306375039e-01	6.599791089285e-02	9.968930053711e+01	4.494978327330e-07
295	2.950000000000e+02	-1.350048390510e-02	9.977337552171e-01	6.591730148170e-02	9.963467407227e+01	3.947419884298e-07
296	2.960000000000e+02	-1.474127195826e-02	9.976748800085e-01	6.653967764445e-02	9.966800689697e+01	3.439738236466e-07
297	2.970000000000e+02	-1.467502915221e-02	9.976791614343e-01	6.649010722725e-02	9.962745666504e+01	2.959777418710e-07
298	2.980000000000e+02	-1.518837458287e-02	9.976465290621e-01	6.686341546636e-02	9.964877319336e+01	2.516772781291e-07
299	2.990000000000e+02	-1.614335892930e-02	9.975394282702e-01	6.822375692437e-02	9.967071533203e+01	2.106502705601e-07
300	3.000000000000e+02	-1.567900127262e-02	9.975396028389e-01	6.832942036225e-02	9.971599578857e+01	1.731092140744e-07
301	3.010000000000e+02	-1.790084764522e-02	9.974299805088e-01	6.937574241633e-02	9.956394195557e+01	1.386233918765e-07
302	3.020000000000e+02	-1.952291217087e-02	9.972914228764e-01	7.091314234659e-02	9.966451263428e+01	1.076937721223e-07
303	3.030000000000e+02	-1.927095303202e-02	9.972460326191e-01	7.161690299642e-02	9.979895019531e+01	8.059495115731e-08
304	3.040000000000e+02	-1.995364831898e-02	9.970875447052e-01	7.360896760954e-02	9.938713836670e+01	5.739132546978e-08
305	3.050000000000e+02	-2.016789750509e-02	9.970746142082e-01	7.372563741235e-02	9.945688629150e+01	3.790638203327e-08
306	3.060000000000e+02	-1.903336095768e-02	9.967413064505e-01	7.838685595222e-02	9.949926757812e+01	2.237464613586e-08
307	3.070000000000e+02	-4.727563207422e-02	9.939388497210e-01	9.925007620825e-02	9.792159271240e+01	1.075801669970e-08
308	3.080000000000e+02	-3.132784665385e-02	9.929457095600e-01	1.143563898103e-01	1.025401000977e+02	3.368164191997e-09
309	3.090000000000e+02	1.246550994941e-01	9.905635652329e-01	-5.696428181931e-02	7.538970184326e+01	5.207095310489e-10
310	3.100000000000e+02	1.194447953658e-01	9.910424702971e-01	5.973075361581e-02	9.056568908691e+01	2.106896435095e-09
311	3.110000000000e+02	8.070195946320e-03	9.991233459877e-01	4.107811387671e-02	9.748782348633e+01	8.350543367897e-09
312	3.120000000000e+02	2.462173812161e-02	9.988689938082e-01	4.067558506485e-02	9.892781066895e+01	1.914682101756e-08
313	3.130000000000e+02	1.059598524235e-02	9.987261905563e-01	4.933276186913e-02	9.944714355469e+01	3.473446241742e-08
314	3.140000000000e+02	6.269040907347e-03	9.987500333918e-01	4.958901013345e-02	9.983425140381e+01	5.502177558014e-08
315	3.150000000000e+02	5.234566545275e-03	9.986172196370e-01	5.230915749206e-02	9.942019653320e+01	8.078777113951e-08
316	3.160000000000e+02	2.844828970173e-03	9.986091804438e-01	5.264609844426e-02	9.960089111328e+01	1.117239420978e-07
317	3.170000000000e+02	2.861316891088e-04	9.985187823036e-01	5.440734799251e-02	9.956890869141e+01	1.485087750552e-07
318	3.180000000000e+02	-2.071498119015e-04	9.985036170101e-01	5.468531710316e-02	9.959736633301e+01	1.904360118488e-07
319	3.190000000000e+02	-1.679460047286e-03	9.984577883041e-01	5.549075949066e-02	9.968633270264e+01	2.383302728504e-07
320	3.200000000000e+02	-1.592112070368e-03	9.984591549761e-01	5.546873915564e-02	9.968444824219e+01	2.920276358509e-07
321	3.210000000000e+02	-2.838720456547e-03	9.984250186760e-01	5.603056084022e-02	9.965416717529e+01	3.522176541537e-07
322	3.220000000000e+02	-2.884806010613e-03	9.984084420684e-01	5.632282575379e-02	9.967198181152e+01	4.192367555333e-07
323	3.230000000000e+02	-3.086625772612e-03	9.983672961462e-01	5.703695930757e-02	9.966793823242e+01	4.925791472488e-07
324	3.240000000000e+02	-3.401431799253e-03	9.983670755935e-01	5.702291322458e-02	9.970328521729e+01	5.740993742620e-07
325	3.250000000000e+02	-3.930026018965e-03	9.983371621795e-01	5.751056865293e-02	9.968934631348e+01	6.637274623245e-07
326	3.260000000000e+02	-4.129060748286e-03	9.983432902399e-01	5.739011840221e-02	9.968324279785e+01	7.629836886736e-07
327	3.270000000000e+02	-4.304636986074e-03	9.983346471278e-01	5.752740603079e-02	9.971260070801e+01	8.680869427735e-07
328	3.280000000000e+02	-4.547825078677e-03	9.983148647779e-01	5.785108512804e-02	9.968064880371e+01	9.817385944189e-07
329	3.290000000000e+02	-5.048104343377e-03	9.982961531994e-01	5.813180841744e-02	9.970114135742e+01	1.101900238609e-06
330	3.300000000000e+02	-5.043937838179e-03	9.982871412845e-01	5.828672436391e-02	9.968649291992e+01	1.231690930581e-06
331	3.310000000000e+02	-5.386922357048e-03	9.982654391392e-01	5.862673526459e-02	9.969263458252e+01	1.370293034597e-06
332	3.320000000000e+02	-5.564597870855e-03	9.982558693479e-01	5.877290670828e-02	9.969779205322e+01	1.516090492260e-06
333	3.330000000000e+02	-5.786916086236e-03	9.982660602635e-01	5.857802086332e-02	9.968967437744e+01	1.670923552410e-06
334	3.340000000000e+02	-6.262212336613e-03	9.982551217584e-01	5.871538622698e-02	9.969273376465e+01	1.831594431678e-06
335	3.350000000000e+02	2.124701972482e-02	9.980501043894e-01	5.869031675711e-02	9.974878692627e+01	1.997524350372e-06
336	3.360000000000e+02	2.122078342522e-02	9.980480602937e-01	5.873455281908e-02	9.975556945801e+01	2.176986754421e-06
337	3.370000000000e+02	2.129126007524e-02	9.980422350229e-01	5.880798716890e-02	9.974639892578e+01	2.365472710153e-06
338	3.380000000000e+02	2.108347183794e-02	9.980433688861e-01	5.886357989220e-02	9.973383331299e+01	2.557647576396e-06
339	3.390000000000e+02	2.078796352351e-02	9.980395233103e-01	5.903363857276e-02	9.972998809814e+01	2.761466248558e-06
340	3.400000000000e+02	2.057858955152e-02	9.980215713093e-01	5.940929938395e-02	9.972756958008e+01	2.970650257339e-06
341	3.410000000000e+02	2.071944556395e-02	9.980180753822e-01	5.941906921120e-02	9.972055816650e+01	3.187968559359e-06
342	3.420000000000e+02	2.073268048091e-02	9.980151761208e-01	5.946313305520e-02	9.971534729004e+01	3.415553919695e-06
343	3.430000000000e+02	2.030832687914e-02	9.980293550118e-01	5.937152848043e-02	9.971463012695e+01	3.648111487564e-06
344	3.440000000000e+02	2.008861501298e-02	9.980386736488e-01	5.928957284602e-02	9.971051025391e+01	3.887091679644e-06
345	3.450000000000e+02	1.987427493457e-02	9.980374471163e-01	5.938238248352e-02	9.970639801025e+01	4.134736173000e-06
346	3.460000000000e+02	1.972709837443e-02	9.980306208833e-01	5.954596014063e-02	9.970571136475e+01	4.388836714497e-06
347	3.470000000000e+02	1.972713372387e-02	9.980189572877e-01	5.974111724255e-02	9.970536041260e+01	4.641389750759e-06
348	3.480000000000e+02	1.977619206334e-02	9.980123061046e-01	5.983593478214e-02	9.969291687012e+01	4.898410224996e-06
349	3.490000000000e+02	1.983160130397e-02	9.980108407445e-01	5.984203661523e-02	9.969207763672e+01	5.165970833332e-06
350	3.500000000000e+02	1.980011520330e-02	9.980052486537e-01	5.994563451677e-02	9.969451141357e+01	5.435412276711e-06
351	3.510000000000e+02	1.954503083044e-02	9.980070514456e-01	5.999930861773e-02	9.969249725342e+01	5.694894298358e-06
352	3.520000000000e+02	1.932824852210e-02	9.980095226913e-01	6.002842182282e-02	9.969515991211e+01	5.965966920485e-06
353	3.530000000000e+02	1.912019869363e-02	9.980097782790e-01	6.009076852052e-02	9.968994140625e+01	6.245751592360e-06
354	3.540000000000e+02	1.896268701861e-02	9.980040396759e-01	6.023581402766e-02	9.968701934814e+01	6.526441666210e-06
355	3.550000000000e+02	1.884847362166e-02	9.979960494191e-01	6.040381102259e-02	9.968516540527e+01	6.793349257350e-06
356	3.560000000000e+02	1.894943417726e-02	9.979852043190e-01	6.055122546031e-02	9.968522644043e+01	7.056376944092e-06
357	3.570000000000e+02	1.894759940863e-02	9.979725889519e-01	6.075936287686e-02	9.968647766113e+01	7.314117738133e-06
358	3.580000000000e+02	1.898432899154e-02	9.979676626842e-01	6.082877188795e-02	9.968618011475e+01	7.565408850496e-06
359	3.590000000000e+02	1.882215872525e-02	9.979611748139e-01	6.098540731104e-02	9.967472076416e+01	7.826315595594e-06
360	3.600000000000e+02	1.866097335680e-02	9.979574289646e-01	6.109613774740e-02	9.967350769043e+01	8.079829967755e-06
