# Filename: 151432_polarimeter_vs_wheel.dat
# Timestamp: Tue May 28 15:14:32 2019

# Column 1:
#	name: measurement point
#	size: 0
#	type: coordinate
# Column 2:
#	name: angle
#	type: value
# Column 3:
#	name: S1
#	type: value
# Column 4:
#	name: S2
#	type: value
# Column 5:
#	name: S3
#	type: value
# Column 6:
#	name: DOP
#	type: value
# Column 7:
#	name: power
#	type: value

0	0.000000000000e+00	9.984440757755e-01	5.033685787842e-02	2.399225474525e-02	1.029860687256e+02	1.789735847524e-06
1	1.000000000000e+00	9.984404136052e-01	4.928451326779e-02	2.622550727348e-02	1.029711074829e+02	1.726590880935e-06
2	2.000000000000e+00	9.964683275292e-01	7.908998121249e-02	2.820721721564e-02	1.006360321045e+02	1.716585302347e-06
3	3.000000000000e+00	9.966033612279e-01	7.678669796823e-02	2.975808132993e-02	1.008427047729e+02	1.674560053289e-06
4	4.000000000000e+00	9.967933508185e-01	7.479959076878e-02	2.842599135991e-02	1.007677154541e+02	1.643930090722e-06
5	5.000000000000e+00	9.970209154668e-01	7.003358333366e-02	3.232013810637e-02	1.008647689819e+02	1.624212359275e-06
6	6.000000000000e+00	9.971651004578e-01	6.828443483516e-02	3.160693576250e-02	1.011388702393e+02	1.619545400899e-06
7	7.000000000000e+00	9.973463724814e-01	6.471980416729e-02	3.334006968592e-02	1.011165313721e+02	1.629175358175e-06
8	8.000000000000e+00	9.974377783938e-01	6.245642416507e-02	3.488657783994e-02	1.010020446777e+02	1.650441390666e-06
9	9.000000000000e+00	9.974611971305e-01	6.148124132653e-02	3.593351059943e-02	1.008278808594e+02	1.691030433904e-06
10	1.000000000000e+01	9.974130858771e-01	6.177570999028e-02	3.675456129871e-02	1.006785354614e+02	1.749249918248e-06
11	1.100000000000e+01	9.978590192347e-01	5.602717892572e-02	3.373919017366e-02	1.010461196899e+02	1.804287421692e-06
12	1.200000000000e+01	9.990405486290e-01	2.674777258286e-02	3.467764203312e-02	1.029589462280e+02	1.842533151830e-06
13	1.300000000000e+01	9.990879839368e-01	2.589950497472e-02	3.394725313220e-02	1.027341613770e+02	1.926048526002e-06
14	1.400000000000e+01	9.992644935563e-01	2.329194723100e-02	3.046238847774e-02	1.031445770264e+02	2.028192284342e-06
15	1.500000000000e+01	9.993595169813e-01	2.102308572338e-02	2.895834397187e-02	1.031096878052e+02	2.143466645066e-06
16	1.600000000000e+01	9.993306909279e-01	2.082881033509e-02	3.007209386748e-02	1.030449829102e+02	2.273736754432e-06
17	1.700000000000e+01	9.994087587960e-01	1.878795243710e-02	2.879488991140e-02	1.030732803345e+02	2.411702325844e-06
18	1.800000000000e+01	9.994435165287e-01	1.919002378861e-02	2.728369945206e-02	1.028703079224e+02	2.553605781941e-06
19	1.900000000000e+01	9.994570309421e-01	1.980685255806e-02	2.633119617737e-02	1.028133468628e+02	2.720651309573e-06
20	2.000000000000e+01	9.995599116963e-01	1.595853167328e-02	2.500616317134e-02	1.031215133667e+02	2.881699856516e-06
21	2.100000000000e+01	9.995683418835e-01	1.614793833845e-02	2.454330849082e-02	1.030165252686e+02	3.063477834075e-06
22	2.200000000000e+01	9.996398184730e-01	1.557897621344e-02	2.185243289482e-02	1.033953781128e+02	3.250802365073e-06
23	2.300000000000e+01	9.996923004259e-01	1.469473490512e-02	1.998422466139e-02	1.033563613892e+02	3.443186869845e-06
24	2.400000000000e+01	9.996956393911e-01	1.627849638644e-02	1.853750624853e-02	1.031017913818e+02	3.649785639936e-06
25	2.500000000000e+01	9.996910294308e-01	1.750529425308e-02	1.764682262072e-02	1.030118942261e+02	3.854208898701e-06
26	2.600000000000e+01	9.996910915994e-01	1.563091295955e-02	1.932345561516e-02	1.030511779785e+02	4.070081104146e-06
27	2.700000000000e+01	9.996963347532e-01	1.610554255783e-02	1.865073135367e-02	1.029650039673e+02	4.288925538276e-06
28	2.800000000000e+01	9.996922456158e-01	1.760056521277e-02	1.748239571300e-02	1.029060745239e+02	4.471357897273e-06
29	2.900000000000e+01	9.997011976465e-01	1.865754475744e-02	1.579276567834e-02	1.029841842651e+02	4.707385869551e-06
30	3.000000000000e+01	9.997692402992e-01	1.577292366118e-02	1.458358771907e-02	1.031562576294e+02	4.933580839861e-06
31	3.100000000000e+01	9.997565355435e-01	1.695089701570e-02	1.412574700363e-02	1.029707717896e+02	5.177641469345e-06
32	3.200000000000e+01	9.997324354092e-01	1.878867302324e-02	1.349234438066e-02	1.027918777466e+02	5.417729425972e-06
33	3.300000000000e+01	9.997281978759e-01	1.957545016065e-02	1.266223214116e-02	1.028287658691e+02	5.683931249223e-06
34	3.400000000000e+01	9.997557892527e-01	1.841201360075e-02	1.222127697013e-02	1.029971923828e+02	5.903338660573e-06
35	3.500000000000e+01	9.997684602748e-01	1.796111468585e-02	1.185007168872e-02	1.031134185791e+02	6.144705366751e-06
36	3.600000000000e+01	9.997799204832e-01	1.761188432815e-02	1.139877752513e-02	1.031376495361e+02	6.371677955030e-06
37	3.700000000000e+01	9.997772581703e-01	1.827208396181e-02	1.056243310598e-02	1.030439453125e+02	6.599021617149e-06
38	3.800000000000e+01	9.997582281551e-01	1.978432770378e-02	9.595082772087e-03	1.028420562744e+02	6.825915079389e-06
39	3.900000000000e+01	9.997368500729e-01	2.118208975575e-02	8.806229612167e-03	1.027571640015e+02	7.050368367345e-06
40	4.000000000000e+01	9.997351370028e-01	2.154654570665e-02	8.087163295212e-03	1.028849792480e+02	7.277719760168e-06
41	4.100000000000e+01	9.997876647997e-01	1.879173777246e-02	8.455525167422e-03	1.029588851929e+02	7.470199307136e-06
42	4.200000000000e+01	9.997425333492e-01	2.086982401020e-02	8.906034941907e-03	1.028042907715e+02	7.690054189879e-06
43	4.300000000000e+01	9.997268436478e-01	2.164533085426e-02	8.815766687600e-03	1.028297500610e+02	7.882883437560e-06
44	4.400000000000e+01	9.997476257509e-01	2.073519998603e-02	8.645015155501e-03	1.030525588989e+02	8.075247023953e-06
45	4.500000000000e+01	9.997565031650e-01	2.051337547951e-02	8.132392374004e-03	1.030629653931e+02	8.267707926279e-06
46	4.600000000000e+01	9.997314634665e-01	2.244967254820e-02	5.745707748613e-03	1.029873504639e+02	8.447488653474e-06
47	4.700000000000e+01	9.997346410179e-01	2.239692170363e-02	5.387526976084e-03	1.030220718384e+02	8.617576895631e-06
48	4.800000000000e+01	9.997677366884e-01	2.087523844626e-02	5.356967123431e-03	1.030886077881e+02	8.772710316407e-06
49	4.900000000000e+01	9.997752515575e-01	2.051900637445e-02	5.330736401532e-03	1.030471572876e+02	8.910383257899e-06
50	5.000000000000e+01	9.997604979104e-01	2.150536078259e-02	4.057865881825e-03	1.032218093872e+02	9.072794455278e-06
51	5.100000000000e+01	9.997733888593e-01	2.097491730878e-02	3.636450548734e-03	1.032773666382e+02	9.289307854488e-06
52	5.200000000000e+01	9.997157083334e-01	2.326049238405e-02	5.239466152300e-03	1.031721572876e+02	9.537806363369e-06
53	5.300000000000e+01	9.997082562345e-01	2.397791155905e-02	2.908981580196e-03	1.030892562866e+02	9.647216757003e-06
54	5.400000000000e+01	9.996571917643e-01	2.603613239504e-02	2.760210821476e-03	1.031104888916e+02	1.042971598508e-05
55	5.500000000000e+01	9.996603083636e-01	2.573046072135e-02	4.148647181659e-03	1.028972473145e+02	1.052059906215e-05
56	5.600000000000e+01	9.996288345325e-01	2.700453025475e-02	3.598404784709e-03	1.029009857178e+02	1.061767034116e-05
57	5.700000000000e+01	9.996742766194e-01	2.529783038572e-02	3.370525663902e-03	1.029217071533e+02	1.063777563104e-05
58	5.800000000000e+01	9.996348424292e-01	2.683070477423e-02	3.208595162755e-03	1.028129196167e+02	1.070741018339e-05
59	5.900000000000e+01	9.995968391704e-01	2.824436777954e-02	2.900829064722e-03	1.028747634888e+02	1.076241187548e-05
60	6.000000000000e+01	9.996071583434e-01	2.790251175237e-02	2.641746878383e-03	1.030359268188e+02	1.077793695003e-05
61	6.100000000000e+01	9.996235921148e-01	2.743381765654e-02	2.444101761999e-04	1.030936279297e+02	1.078024433809e-05
62	6.200000000000e+01	9.996059688638e-01	2.806967573163e-02	-1.778324436162e-05	1.030829391479e+02	1.077149954654e-05
63	6.300000000000e+01	9.995893777027e-01	2.865189557759e-02	-3.806097281624e-04	1.031085586548e+02	1.074539886758e-05
64	6.400000000000e+01	9.996130502457e-01	2.780464831645e-02	-8.070381113781e-04	1.031460571289e+02	1.069990048563e-05
65	6.500000000000e+01	9.995834295918e-01	2.886102311736e-02	9.289850819230e-05	1.027906723022e+02	1.065470769390e-05
66	6.600000000000e+01	9.995788328178e-01	2.901807404463e-02	-3.291829919433e-04	1.028819961548e+02	1.060167232936e-05
67	6.700000000000e+01	9.995981648885e-01	2.833098415536e-02	-9.295635009793e-04	1.031069259644e+02	1.051873368851e-05
68	6.800000000000e+01	9.996123900930e-01	2.783957248534e-02	-1.666628113718e-04	1.029529495239e+02	1.042736494128e-05
69	6.900000000000e+01	9.996381689583e-01	2.680885050396e-02	-2.194697329046e-03	1.033295364380e+02	1.034295928548e-05
70	7.000000000000e+01	9.996143120306e-01	2.764941362923e-02	-2.595594246882e-03	1.032831954956e+02	1.026098470902e-05
71	7.100000000000e+01	9.995587187787e-01	2.956798911193e-02	-2.846354381561e-03	1.031191101074e+02	1.019127648760e-05
72	7.200000000000e+01	9.995300753989e-01	3.049320274924e-02	-3.129370419269e-03	1.029952545166e+02	1.008455365081e-05
73	7.300000000000e+01	9.995139359023e-01	3.100005932888e-02	-3.299736166968e-03	1.029985809326e+02	9.957620932255e-06
74	7.400000000000e+01	9.995369718385e-01	3.024582096692e-02	-3.321481902426e-03	1.030872650146e+02	9.813003089221e-06
75	7.500000000000e+01	9.995820253266e-01	2.873790843495e-02	-3.147580473760e-03	1.031416397095e+02	9.664721801528e-06
76	7.600000000000e+01	9.995975222138e-01	2.820765425866e-02	-3.020235946144e-03	1.031121673584e+02	9.512714314042e-06
77	7.700000000000e+01	9.995835781508e-01	2.871076107339e-02	-2.891796981366e-03	1.030172882080e+02	9.379199582327e-06
78	7.800000000000e+01	9.995837324283e-01	2.847928753881e-02	-4.614330493759e-03	1.033423385620e+02	9.240532563126e-06
79	7.900000000000e+01	9.995821754147e-01	2.846445474112e-02	-5.024879052326e-03	1.032600402832e+02	9.097309884964e-06
80	8.000000000000e+01	9.995462925761e-01	2.961806812366e-02	-5.475311689066e-03	1.031542282104e+02	8.976993740362e-06
81	8.100000000000e+01	9.994876476446e-01	3.146389794727e-02	-5.870718166483e-03	1.030193786621e+02	8.834636901156e-06
82	8.200000000000e+01	9.994842615316e-01	3.153558945303e-02	-6.059500679503e-03	1.030866699219e+02	8.712217095308e-06
83	8.300000000000e+01	9.995320124654e-01	3.000535848150e-02	-5.952690080745e-03	1.032051620483e+02	8.559260095353e-06
84	8.400000000000e+01	9.995487440586e-01	2.943138084894e-02	-6.008499992511e-03	1.031706008911e+02	8.429547051492e-06
85	8.500000000000e+01	9.995268332930e-01	3.014521463000e-02	-6.113555606559e-03	1.030275802612e+02	8.298740794999e-06
86	8.600000000000e+01	9.994942976637e-01	3.120780570641e-02	-6.100967203694e-03	1.029099807739e+02	8.175578841474e-06
87	8.700000000000e+01	9.995240925803e-01	2.981275575947e-02	-7.923884503746e-03	1.031833648682e+02	8.045804861467e-06
88	8.800000000000e+01	9.994946826705e-01	3.079051402469e-02	-7.894527191895e-03	1.030695114136e+02	7.920959433250e-06
89	8.900000000000e+01	9.994501874237e-01	3.224485768291e-02	-7.719586246770e-03	1.030731277466e+02	7.809405360604e-06
90	9.000000000000e+01	9.994982399871e-01	3.105467334978e-02	-6.235024125594e-03	1.029113693237e+02	7.696286047576e-06
91	9.100000000000e+01	9.995402202649e-01	2.934144913785e-02	-7.643784099649e-03	1.031952514648e+02	7.580575584143e-06
92	9.200000000000e+01	9.995513736797e-01	2.886641876287e-02	-7.986315970706e-03	1.031368103027e+02	7.466043825843e-06
93	9.300000000000e+01	9.995018663660e-01	3.056592520844e-02	-7.857693487578e-03	1.028882141113e+02	7.389887286990e-06
94	9.400000000000e+01	9.994587076008e-01	3.189508287665e-02	-8.061977998476e-03	1.028514556885e+02	7.315978109546e-06
95	9.500000000000e+01	9.995148828483e-01	2.999590023226e-02	-8.381225085805e-03	1.030964508057e+02	7.232628831844e-06
96	9.600000000000e+01	9.995225471728e-01	2.960686995897e-02	-8.838039625367e-03	1.030364837646e+02	7.145791641960e-06
97	9.700000000000e+01	9.994902899066e-01	3.053396812333e-02	-9.318646530242e-03	1.028763961792e+02	7.071132131387e-06
98	9.800000000000e+01	9.994579838772e-01	3.142050726889e-02	-9.822941872936e-03	1.028403778076e+02	7.007644853729e-06
99	9.900000000000e+01	9.995170369215e-01	2.951404450638e-02	-9.726976951423e-03	1.029192199707e+02	6.935461442481e-06
100	1.000000000000e+02	9.994876891212e-01	3.055225348589e-02	-9.535150865521e-03	1.028355484009e+02	6.891323209857e-06
101	1.010000000000e+02	9.995059903018e-01	2.923013474298e-02	-1.154879100389e-02	1.030341262817e+02	6.843777100585e-06
102	1.020000000000e+02	9.994802378942e-01	2.991949162114e-02	-1.200325289268e-02	1.029212417603e+02	6.809360456828e-06
103	1.030000000000e+02	9.994500940831e-01	3.096826459292e-02	-1.185225824008e-02	1.028837890625e+02	6.783901426388e-06
104	1.040000000000e+02	9.994811869046e-01	3.002732538418e-02	-1.164975338669e-02	1.030248489380e+02	6.751943601557e-06
105	1.050000000000e+02	9.994914314718e-01	3.023394830280e-02	-1.013838175171e-02	1.027565383911e+02	6.734008366038e-06
106	1.060000000000e+02	9.995742902500e-01	2.709058295753e-02	-1.083229366965e-02	1.030737228394e+02	6.705425676046e-06
107	1.070000000000e+02	9.995686572710e-01	2.756300759255e-02	-1.013804783344e-02	1.028735427856e+02	6.716436928400e-06
108	1.080000000000e+02	9.995267116398e-01	2.906879282204e-02	-1.006767115173e-02	1.027472229004e+02	6.732123438269e-06
109	1.090000000000e+02	9.995037374177e-01	2.985484260757e-02	-1.004824666283e-02	1.028281402588e+02	6.739834134351e-06
110	1.100000000000e+02	9.995122601278e-01	2.948122769790e-02	-1.030044016467e-02	1.028972702026e+02	6.750702596037e-06
111	1.110000000000e+02	9.994794308604e-01	2.980009478952e-02	-1.236210489974e-02	1.029158554077e+02	6.755396043445e-06
112	1.120000000000e+02	9.995476591176e-01	2.810452762281e-02	-1.070573115751e-02	1.028966369629e+02	6.762099474145e-06
113	1.130000000000e+02	9.995532536917e-01	2.744262019230e-02	-1.184042360818e-02	1.031892852783e+02	6.785642199247e-06
114	1.140000000000e+02	9.995726679353e-01	2.685336110460e-02	-1.154896160127e-02	1.031481475830e+02	6.794584805903e-06
115	1.150000000000e+02	9.995050649930e-01	2.935055336752e-02	-1.132122212432e-02	1.030567932129e+02	6.807759291405e-06
116	1.160000000000e+02	9.995362555439e-01	2.822989555823e-02	-1.141695449728e-02	1.031703414917e+02	6.814899279561e-06
117	1.170000000000e+02	9.995578921105e-01	2.747255927942e-02	-1.137008382399e-02	1.030877838135e+02	6.823082912888e-06
118	1.180000000000e+02	9.995433782115e-01	2.811060949687e-02	-1.108281134643e-02	1.029977722168e+02	6.846811174910e-06
119	1.190000000000e+02	9.995886756571e-01	2.738527874749e-02	-8.516220168284e-03	1.030320968628e+02	6.862972895760e-06
120	1.200000000000e+02	9.995943051523e-01	2.731615040986e-02	-8.065546102205e-03	1.029567794800e+02	6.850939371361e-06
121	1.210000000000e+02	9.995647404147e-01	2.808616560271e-02	-9.027570069858e-03	1.030906906128e+02	6.885176844662e-06
122	1.220000000000e+02	9.995818014400e-01	2.766187019113e-02	-8.428710899618e-03	1.030272979736e+02	6.902388577146e-06
123	1.230000000000e+02	9.995056791555e-01	3.044284596444e-02	-7.850507335480e-03	1.028126373291e+02	7.022584668448e-06
124	1.240000000000e+02	9.995244819996e-01	2.971151736563e-02	-8.248370709612e-03	1.029052734375e+02	7.028940217424e-06
125	1.250000000000e+02	9.995330528645e-01	2.969781803371e-02	-7.191372294150e-03	1.026076660156e+02	7.055842615955e-06
126	1.260000000000e+02	9.995073306059e-01	3.061713736818e-02	-6.905574876243e-03	1.026754760742e+02	7.078530870785e-06
127	1.270000000000e+02	9.995497910058e-01	2.924202892435e-02	-6.717071136716e-03	1.028602752686e+02	7.095002729329e-06
128	1.280000000000e+02	9.995771449867e-01	2.836557009440e-02	-6.397316109534e-03	1.028493423462e+02	7.118983830878e-06
129	1.290000000000e+02	9.995287528864e-01	2.967908628445e-02	-7.837345898942e-03	1.030179824829e+02	7.146718871809e-06
130	1.300000000000e+02	9.995518621268e-01	2.900846588061e-02	-7.388086766341e-03	1.030725631714e+02	7.154267677834e-06
131	1.310000000000e+02	9.995769988743e-01	2.831166221105e-02	-6.653803749403e-03	1.029626312256e+02	7.144289156713e-06
132	1.320000000000e+02	9.995539797788e-01	2.919623690032e-02	-6.278635135518e-03	1.028777999878e+02	7.168008323788e-06
133	1.330000000000e+02	9.995615622239e-01	2.854508087016e-02	-7.865219805966e-03	1.031974029541e+02	7.179960448411e-06
134	1.340000000000e+02	9.995610840933e-01	2.851906874943e-02	-8.018845545781e-03	1.032105789185e+02	7.148118129408e-06
135	1.350000000000e+02	9.995049422844e-01	3.095219380329e-02	-5.641989708480e-03	1.030460510254e+02	7.121358066797e-06
136	1.360000000000e+02	9.995096991282e-01	3.086802114309e-02	-5.246581688035e-03	1.030655899048e+02	7.085356173775e-06
137	1.370000000000e+02	9.994385808313e-01	3.275292435412e-02	-7.054721267342e-03	1.030404129028e+02	7.047471171973e-06
138	1.380000000000e+02	9.994746668815e-01	3.171490240923e-02	-6.674970208523e-03	1.031311874390e+02	6.974305506446e-06
139	1.390000000000e+02	9.995162288281e-01	3.051722783693e-02	-6.000592835276e-03	1.030131454468e+02	6.909159310453e-06
140	1.400000000000e+02	9.995101303375e-01	3.076272457845e-02	-5.757962248100e-03	1.028843383789e+02	6.851225862192e-06
141	1.410000000000e+02	9.994565859894e-01	3.262148124820e-02	-4.729871412790e-03	1.027678070068e+02	6.855054380139e-06
142	1.420000000000e+02	9.994342522004e-01	3.333268318322e-02	-4.484167761902e-03	1.026847991943e+02	6.711878995702e-06
143	1.430000000000e+02	9.994804436304e-01	3.157101207460e-02	-6.489529788976e-03	1.029666061401e+02	6.592655154236e-06
144	1.440000000000e+02	9.994476759430e-01	3.258994057251e-02	-6.499140372913e-03	1.028801345825e+02	6.489053248515e-06
145	1.450000000000e+02	9.993239097991e-01	3.628805687537e-02	-5.907641838558e-03	1.028491744995e+02	6.050466254237e-06
146	1.460000000000e+02	9.993682574252e-01	3.537485275851e-02	-3.421380304204e-03	1.028417892456e+02	5.914701887377e-06
147	1.470000000000e+02	9.993144038651e-01	3.675101938239e-02	-4.481607095826e-03	1.030101242065e+02	5.761168267782e-06
148	1.480000000000e+02	9.992695325534e-01	3.811022170488e-02	-2.830602783436e-03	1.026909103394e+02	5.610658718069e-06
149	1.490000000000e+02	9.993391734139e-01	3.619759225068e-02	-3.309198659553e-03	1.030324783325e+02	5.453760422824e-06
150	1.500000000000e+02	9.993234444480e-01	3.667631682214e-02	-2.738824730479e-03	1.029533233643e+02	5.294031780068e-06
151	1.510000000000e+02	9.992302916367e-01	3.910901873227e-02	-3.051053831459e-03	1.030440902710e+02	5.138931101101e-06
152	1.520000000000e+02	9.992322716867e-01	3.908726248762e-02	-2.655773157686e-03	1.031051864624e+02	4.977079242963e-06
153	1.530000000000e+02	9.991647963130e-01	4.086088892693e-02	-3.123537132626e-04	1.027575149536e+02	4.806386641576e-06
154	1.540000000000e+02	9.991506692388e-01	4.120296331960e-02	5.059380051461e-04	1.028345260620e+02	4.642013209377e-06
155	1.550000000000e+02	9.991938355706e-01	4.013226064200e-02	1.039525603105e-03	1.030170745850e+02	4.470065505302e-06
156	1.560000000000e+02	9.991722404016e-01	4.066146855039e-02	1.216135723013e-03	1.030169677734e+02	4.299957254261e-06
157	1.570000000000e+02	9.990650691891e-01	4.322795299441e-02	-5.758524428679e-04	1.029445343018e+02	4.139723841945e-06
158	1.580000000000e+02	9.990618329006e-01	4.330632477123e-02	-1.275777287626e-04	1.030182037354e+02	3.949278379878e-06
159	1.590000000000e+02	9.990246636318e-01	4.411012913948e-02	2.004485628918e-03	1.027352294922e+02	3.784231012105e-06
160	1.600000000000e+02	9.990572510727e-01	4.338989034225e-02	1.387982418289e-03	1.031197433472e+02	3.611102329160e-06
161	1.610000000000e+02	9.989145458083e-01	4.649403061689e-02	2.834658626266e-03	1.027985839844e+02	3.449634277786e-06
162	1.620000000000e+02	9.988990469666e-01	4.680000685460e-02	3.233160615793e-03	1.028609466553e+02	3.279776137788e-06
163	1.630000000000e+02	9.988980515667e-01	4.678767132850e-02	3.687328027697e-03	1.029386138916e+02	3.118216227449e-06
164	1.640000000000e+02	9.988857526043e-01	4.684437755967e-02	5.732149257025e-03	1.026329345703e+02	2.950913312816e-06
165	1.650000000000e+02	9.989363523318e-01	4.584943327325e-02	4.898311798918e-03	1.029689712524e+02	2.789135578496e-06
166	1.660000000000e+02	9.988588622424e-01	4.738276050036e-02	5.987263745405e-03	1.028128890991e+02	2.640058937686e-06
167	1.670000000000e+02	9.987432569258e-01	4.918607850711e-02	9.624781888561e-03	1.027818450928e+02	2.505011707399e-06
168	1.680000000000e+02	9.987667448722e-01	4.846483174098e-02	1.077726411460e-02	1.028318328857e+02	2.373681354584e-06
169	1.690000000000e+02	9.986483125692e-01	5.105385489278e-02	9.749446307629e-03	1.027780380249e+02	2.243127482870e-06
170	1.700000000000e+02	9.987238169665e-01	4.870918400038e-02	1.334738992572e-02	1.028557052612e+02	2.118727707057e-06
171	1.710000000000e+02	9.986073052097e-01	5.066112157969e-02	1.472755044262e-02	1.026564483643e+02	2.015696054514e-06
172	1.720000000000e+02	9.985252079205e-01	5.170791829233e-02	1.654389111180e-02	1.026069717407e+02	1.911129629661e-06
173	1.730000000000e+02	9.986390069722e-01	4.907127712975e-02	1.766758371768e-02	1.028325424194e+02	1.819564772632e-06
174	1.740000000000e+02	9.986067644578e-01	4.890525563045e-02	1.981933275366e-02	1.027612533569e+02	1.734087618388e-06
175	1.750000000000e+02	9.968511085157e-01	7.601723346683e-02	2.256651650408e-02	1.007321395874e+02	1.699539780020e-06
176	1.760000000000e+02	9.968256914772e-01	7.583039863100e-02	2.425472025161e-02	1.006703414917e+02	1.634394948269e-06
177	1.770000000000e+02	9.968539438599e-01	7.482517019786e-02	2.614208323613e-02	1.006801605225e+02	1.581878564139e-06
178	1.780000000000e+02	9.968957889686e-01	7.356486401268e-02	2.805346180817e-02	1.007297515869e+02	1.534349280519e-06
179	1.790000000000e+02	9.969906892599e-01	7.217186076726e-02	2.829819857393e-02	1.010489501953e+02	1.500833150203e-06
180	1.800000000000e+02	9.970750477291e-01	7.028345657459e-02	3.002640384614e-02	1.010157928467e+02	1.478824515289e-06
181	1.810000000000e+02	9.970270102527e-01	6.969182111891e-02	3.286625770776e-02	1.006027755737e+02	1.468710706831e-06
182	1.820000000000e+02	9.973740662817e-01	6.465402585177e-02	3.263171539789e-02	1.009890441895e+02	1.465739728701e-06
183	1.830000000000e+02	9.971999615369e-01	6.632659093416e-02	3.454012226157e-02	1.005776214600e+02	1.485979964855e-06
184	1.840000000000e+02	9.973150553831e-01	6.438515903565e-02	3.488884638681e-02	1.006271896362e+02	1.508104105596e-06
185	1.850000000000e+02	9.976825541693e-01	5.837773987297e-02	3.495083108535e-02	1.008140029907e+02	1.539443815091e-06
186	1.860000000000e+02	9.977858156821e-01	5.661575223967e-02	3.490161345747e-02	1.007546463013e+02	1.584135361554e-06
187	1.870000000000e+02	9.978404497016e-01	5.536115117266e-02	3.534939716846e-02	1.006076507568e+02	1.642031861593e-06
188	1.880000000000e+02	9.979317911977e-01	5.395932145531e-02	3.493610947170e-02	1.005436401367e+02	1.704269379843e-06
189	1.890000000000e+02	9.980185952599e-01	5.308800122520e-02	3.377199492858e-02	1.005417098999e+02	1.784906999092e-06
190	1.900000000000e+02	9.980921225878e-01	5.245310599673e-02	3.256971752261e-02	1.005003356934e+02	1.878553348433e-06
191	1.910000000000e+02	9.993683451460e-01	1.998053100980e-02	2.938858793258e-02	1.030476074219e+02	1.917993586176e-06
192	1.920000000000e+02	9.994105649482e-01	1.864949764762e-02	2.882219470031e-02	1.028850936890e+02	2.027243453995e-06
193	1.930000000000e+02	9.994389069322e-01	1.968539851769e-02	2.709901096613e-02	1.029825897217e+02	2.149237161575e-06
194	1.940000000000e+02	9.993981424628e-01	1.967363113902e-02	2.857098317858e-02	1.025309600830e+02	2.269369133501e-06
195	1.950000000000e+02	9.994313479684e-01	1.946701695915e-02	2.753208943713e-02	1.027138061523e+02	2.403537337159e-06
196	1.960000000000e+02	9.995013455979e-01	1.732831966449e-02	2.639677036308e-02	1.028036041260e+02	2.541029061831e-06
197	1.970000000000e+02	9.995862364283e-01	1.785413923108e-02	2.255184372479e-02	1.028326568604e+02	2.690093651836e-06
198	1.980000000000e+02	9.996269551060e-01	1.677049829048e-02	2.155692493489e-02	1.029566497803e+02	2.855038246707e-06
199	1.990000000000e+02	9.995905979810e-01	1.768340589443e-02	2.249296743304e-02	1.026616897583e+02	3.018776624231e-06
200	2.000000000000e+02	9.996159091492e-01	1.770912277814e-02	2.131715614899e-02	1.027894592285e+02	3.196428906449e-06
201	2.010000000000e+02	9.996729815630e-01	1.480923726904e-02	2.084745606760e-02	1.028353881836e+02	3.363541736690e-06
202	2.020000000000e+02	9.996839475074e-01	1.537464014060e-02	1.989033777003e-02	1.027446441650e+02	3.553140459189e-06
203	2.030000000000e+02	9.996775379644e-01	1.700725261106e-02	1.885665527213e-02	1.027263946533e+02	3.752373004318e-06
204	2.040000000000e+02	9.997006037925e-01	1.722162448818e-02	1.738155421476e-02	1.027871551514e+02	3.945692242269e-06
205	2.050000000000e+02	9.997783577849e-01	1.598443220412e-02	1.370157771751e-02	1.029120635986e+02	4.145599177718e-06
206	2.060000000000e+02	9.997664214707e-01	1.727843339215e-02	1.298299808391e-02	1.028486862183e+02	4.345006345829e-06
207	2.070000000000e+02	9.997648472903e-01	1.578739791328e-02	1.486634419503e-02	1.029042510986e+02	4.547022399493e-06
208	2.080000000000e+02	9.997576407905e-01	1.649671120351e-02	1.457800399680e-02	1.027322616577e+02	4.751835149364e-06
209	2.090000000000e+02	9.997747574439e-01	1.694905970181e-02	1.277355679434e-02	1.029559936523e+02	4.960204933013e-06
210	2.100000000000e+02	9.997874095808e-01	1.618485692800e-02	1.277442953257e-02	1.029617767334e+02	5.155772214493e-06
211	2.110000000000e+02	9.997668170835e-01	1.695464807574e-02	1.337353234394e-02	1.027070465088e+02	5.357368081604e-06
212	2.120000000000e+02	9.997414128399e-01	1.864398785148e-02	1.301956872489e-02	1.025540847778e+02	5.564115781453e-06
213	2.130000000000e+02	9.997992510984e-01	1.737366163826e-02	9.980650493773e-03	1.027925643921e+02	5.761713509855e-06
214	2.140000000000e+02	9.997641282615e-01	1.844495242817e-02	1.146610532729e-02	1.027973785400e+02	5.958294877928e-06
215	2.150000000000e+02	9.997646126921e-01	1.988019317152e-02	8.688908331319e-03	1.028291473389e+02	6.169489552121e-06
216	2.160000000000e+02	9.997619857268e-01	1.924585680782e-02	1.027467232390e-02	1.026721725464e+02	6.396653134288e-06
217	2.170000000000e+02	9.997164863640e-01	2.188583560644e-02	9.378544231225e-03	1.026985244751e+02	6.591461442440e-06
218	2.180000000000e+02	9.997289720926e-01	2.162451070229e-02	8.623392341836e-03	1.028520660400e+02	6.772253527743e-06
219	2.190000000000e+02	9.997559253489e-01	2.067933343585e-02	7.775274810804e-03	1.029365234375e+02	6.934014891158e-06
220	2.200000000000e+02	9.997746535268e-01	1.993654936437e-02	7.292198905591e-03	1.029707870483e+02	7.095910859789e-06
221	2.210000000000e+02	9.997177374950e-01	2.198077155203e-02	9.016153271640e-03	1.027271652222e+02	7.248193469422e-06
222	2.220000000000e+02	9.997457730039e-01	2.071668055675e-02	8.899916155695e-03	1.028825836182e+02	7.391037343041e-06
223	2.230000000000e+02	9.997614585329e-01	2.001950883162e-02	8.731855376074e-03	1.028399734497e+02	7.540465048805e-06
224	2.240000000000e+02	9.997421220266e-01	2.166080325230e-02	6.819021057981e-03	1.029230575562e+02	7.665162229387e-06
225	2.250000000000e+02	9.997634067282e-01	2.046987905814e-02	7.356263896418e-03	1.028737411499e+02	7.792882570357e-06
226	2.260000000000e+02	9.997477833137e-01	2.122309870678e-02	7.345055515970e-03	1.027736740112e+02	7.938843737065e-06
227	2.270000000000e+02	9.997367782901e-01	2.216087939095e-02	5.938817961448e-03	1.029888458252e+02	8.063419045357e-06
228	2.280000000000e+02	9.997496680715e-01	2.169983871760e-02	5.451439302893e-03	1.030232772827e+02	8.174175491149e-06
229	2.290000000000e+02	9.996883098097e-01	2.435864995273e-02	5.471690988548e-03	1.029405517578e+02	8.759539923631e-06
230	2.300000000000e+02	9.997111343738e-01	2.346822214122e-02	5.185591447459e-03	1.029685287476e+02	8.807501217234e-06
231	2.310000000000e+02	9.996993968361e-01	2.408740176386e-02	4.573077939563e-03	1.028098526001e+02	8.885805073078e-06
232	2.320000000000e+02	9.996728995722e-01	2.524687791998e-02	4.085219232325e-03	1.027458877563e+02	8.926363989303e-06
233	2.330000000000e+02	9.996431066858e-01	2.648175834172e-02	3.517915671568e-03	1.027309112549e+02	8.998043995234e-06
234	2.340000000000e+02	9.997088505952e-01	2.396695588935e-02	2.792680975825e-03	1.030097198486e+02	8.986833563540e-06
235	2.350000000000e+02	9.996564101883e-01	2.605757848216e-02	2.839748780471e-03	1.030277938843e+02	9.028541171574e-06
236	2.360000000000e+02	9.996614687866e-01	2.588622835166e-02	2.617442496575e-03	1.031092529297e+02	9.032876732817e-06
237	2.370000000000e+02	9.996829549972e-01	2.508602830929e-02	2.163486013420e-03	1.031650238037e+02	9.024190148921e-06
238	2.380000000000e+02	9.996883867113e-01	2.489143492322e-02	1.883067168794e-03	1.031448516846e+02	9.015770956466e-06
239	2.390000000000e+02	9.996781162270e-01	2.533763797211e-02	1.291525749051e-03	1.030181350708e+02	8.959440492617e-06
240	2.400000000000e+02	9.996591345864e-01	2.608686470857e-02	1.044091790574e-03	1.029666366577e+02	8.932499440562e-06
241	2.410000000000e+02	9.996635480670e-01	2.578301305999e-02	2.833179069371e-03	1.030669631958e+02	8.900633474695e-06
242	2.420000000000e+02	9.996583797649e-01	2.601648886779e-02	2.503212505779e-03	1.029801712036e+02	8.876370884536e-06
243	2.430000000000e+02	9.996227976959e-01	2.738812219071e-02	2.037913043693e-03	1.028336334229e+02	8.838273060974e-06
244	2.440000000000e+02	9.995898322196e-01	2.861660725049e-02	1.121210349657e-03	1.028214797974e+02	8.783171324467e-06
245	2.450000000000e+02	9.995787666855e-01	2.902117143521e-02	2.465768065739e-04	1.029211883545e+02	8.740004886931e-06
246	2.460000000000e+02	9.995779478379e-01	2.904881665830e-02	-3.040508733341e-04	1.029510192871e+02	8.657289981784e-06
247	2.470000000000e+02	9.996079785314e-01	2.799794000748e-02	6.790986003114e-05	1.027966003418e+02	8.566380529373e-06
248	2.480000000000e+02	9.995937004284e-01	2.849865208636e-02	-5.107769474156e-04	1.027827529907e+02	8.490166692354e-06
249	2.490000000000e+02	9.995545230704e-01	2.983369803010e-02	-8.401614912933e-04	1.027838821411e+02	8.416442142334e-06
250	2.500000000000e+02	9.995478159649e-01	3.004268430391e-02	-1.265195455771e-03	1.028153381348e+02	8.317195351992e-06
251	2.510000000000e+02	9.995473932768e-01	3.004267159948e-02	-1.564121724114e-03	1.028650665283e+02	8.217579306802e-06
252	2.520000000000e+02	9.995608265141e-01	2.956936280641e-02	-1.951123163101e-03	1.029174652100e+02	8.103198524623e-06
253	2.530000000000e+02	9.995215062113e-01	3.065024989112e-02	-4.161826854456e-03	1.028200683594e+02	8.029324817471e-06
254	2.540000000000e+02	9.995693537167e-01	2.921374155967e-02	-2.768467889678e-03	1.028370132446e+02	7.921371434350e-06
255	2.550000000000e+02	9.995309822407e-01	3.047116595415e-02	-3.053454826445e-03	1.027456054688e+02	7.816371180525e-06
256	2.560000000000e+02	9.995096695962e-01	3.115688059873e-02	-3.109529705610e-03	1.027666473389e+02	7.691020073253e-06
257	2.570000000000e+02	9.995664676675e-01	2.922009727743e-02	-3.614226043325e-03	1.029940338135e+02	7.587457275804e-06
258	2.580000000000e+02	9.995517993971e-01	2.975395111254e-02	-3.301925980857e-03	1.028652038574e+02	7.461810128007e-06
259	2.590000000000e+02	9.995555578993e-01	2.943623357289e-02	-4.711138467865e-03	1.031069564819e+02	7.373312200798e-06
260	2.600000000000e+02	9.995672746512e-01	2.897480455469e-02	-5.071897810547e-03	1.030802001953e+02	7.266426564456e-06
261	2.610000000000e+02	9.995231888277e-01	3.038016951879e-02	-5.517272487172e-03	1.028761596680e+02	7.184307378338e-06
262	2.620000000000e+02	9.995684324157e-01	2.908992362985e-02	-4.089652942383e-03	1.029667816162e+02	7.080558589223e-06
263	2.630000000000e+02	9.995359144994e-01	2.983481405004e-02	-6.151381665575e-03	1.030781021118e+02	6.998368462519e-06
264	2.640000000000e+02	9.994984173231e-01	3.114770397935e-02	-5.721390158623e-03	1.027987365723e+02	6.922934971954e-06
265	2.650000000000e+02	9.995552739050e-01	2.907761409078e-02	-6.614133925091e-03	1.029653320312e+02	6.829287485743e-06
266	2.660000000000e+02	9.995360393055e-01	2.969552140703e-02	-6.773635495414e-03	1.028797454834e+02	6.764601039322e-06
267	2.670000000000e+02	9.995279611360e-01	2.961597426380e-02	-8.170004633779e-03	1.030751342773e+02	6.693785508105e-06
268	2.680000000000e+02	9.995329594598e-01	2.936615887776e-02	-8.455274464735e-03	1.029876403809e+02	6.619939540542e-06
269	2.690000000000e+02	9.994937816493e-01	3.058404501270e-02	-8.763368936715e-03	1.027956695557e+02	6.566684987774e-06
270	2.700000000000e+02	9.994815800378e-01	3.094479076747e-02	-8.887693145857e-03	1.027483596802e+02	6.498275070044e-06
271	2.710000000000e+02	9.995458750306e-01	2.923678780124e-02	-7.297530287397e-03	1.027545013428e+02	6.447038231272e-06
272	2.720000000000e+02	9.995499291688e-01	2.902236147866e-02	-7.592208696403e-03	1.027275238037e+02	6.408886292775e-06
273	2.730000000000e+02	9.995262584221e-01	2.975474150841e-02	-7.868550214714e-03	1.026716384888e+02	6.354016932164e-06
274	2.740000000000e+02	9.995122752189e-01	3.018067266093e-02	-8.021139847689e-03	1.026877746582e+02	6.314122401818e-06
275	2.750000000000e+02	9.995082664794e-01	3.027691343753e-02	-8.156822425645e-03	1.027367706299e+02	6.286502866715e-06
276	2.760000000000e+02	9.995048774654e-01	3.030400107776e-02	-8.465662501776e-03	1.028046340942e+02	6.261432190513e-06
277	2.770000000000e+02	9.995305123718e-01	2.929978162332e-02	-8.959778717230e-03	1.029599838257e+02	6.251138984226e-06
278	2.780000000000e+02	9.995387198651e-01	2.892866103095e-02	-9.245542786857e-03	1.030304183960e+02	6.238440164452e-06
279	2.790000000000e+02	9.995604008034e-01	2.799756064738e-02	-9.754062927522e-03	1.030807571411e+02	6.237835350476e-06
280	2.800000000000e+02	9.995607255534e-01	2.795010756164e-02	-9.856339000930e-03	1.030598678589e+02	6.240125458135e-06
281	2.810000000000e+02	9.995189459886e-01	2.991933695043e-02	-8.167612029819e-03	1.028688430786e+02	6.257680070121e-06
282	2.820000000000e+02	9.995483262733e-01	2.819660871785e-02	-1.039686015800e-02	1.029549331665e+02	6.276895874180e-06
283	2.830000000000e+02	9.995745893555e-01	2.793666267558e-02	-8.377541002259e-03	1.029705047607e+02	6.326338279905e-06
284	2.840000000000e+02	9.995289423727e-01	2.901066259420e-02	-1.001373133500e-02	1.029032135010e+02	6.362584372255e-06
285	2.850000000000e+02	9.995380787818e-01	2.886329157175e-02	-9.515222794220e-03	1.029824371338e+02	6.409004072339e-06
286	2.860000000000e+02	9.996016855838e-01	2.723764510665e-02	-7.387886514576e-03	1.028938140869e+02	6.453876267187e-06
287	2.870000000000e+02	9.995978878066e-01	2.739626449369e-02	-7.314874181212e-03	1.028548049927e+02	6.518676855194e-06
288	2.880000000000e+02	9.995723634497e-01	2.825214319543e-02	-7.543648488925e-03	1.027962112427e+02	6.587742973352e-06
289	2.890000000000e+02	9.995410344763e-01	2.924809402275e-02	-7.891095878133e-03	1.028118591309e+02	6.650047907897e-06
290	2.900000000000e+02	9.995333946423e-01	2.947815444870e-02	-8.001962582425e-03	1.028561019897e+02	6.714710707456e-06
291	2.910000000000e+02	9.996095955499e-01	2.692960002948e-02	-7.446685621384e-03	1.029993057251e+02	6.757349183317e-06
292	2.920000000000e+02	9.996012092500e-01	2.737834789213e-02	-6.917263377538e-03	1.030063400269e+02	6.837554337835e-06
293	2.930000000000e+02	9.995571239543e-01	2.911237167886e-02	-6.166503660472e-03	1.029191818237e+02	6.909086096130e-06
294	2.940000000000e+02	9.995403216860e-01	2.972283894746e-02	-5.974794444846e-03	1.029096221924e+02	6.979910722293e-06
295	2.950000000000e+02	9.995446354603e-01	2.960406691200e-02	-5.841313627176e-03	1.030167541504e+02	6.997443506407e-06
296	2.960000000000e+02	9.995453571870e-01	2.961028899681e-02	-5.684163204923e-03	1.030377044678e+02	7.045174697851e-06
297	2.970000000000e+02	9.995110109516e-01	3.026817107674e-02	-7.847089023844e-03	1.029633102417e+02	7.115912012523e-06
298	2.980000000000e+02	9.995672204936e-01	2.884421590988e-02	-5.777795706366e-03	1.029808654785e+02	7.113142601156e-06
299	2.990000000000e+02	9.994897562282e-01	3.097319033339e-02	-7.803119603921e-03	1.029701004028e+02	7.190469659690e-06
300	3.000000000000e+02	9.995125170897e-01	3.021788847878e-02	-7.849037960815e-03	1.029968490601e+02	7.199899755506e-06
301	3.010000000000e+02	9.995093413824e-01	3.064045585896e-02	-6.499150255529e-03	1.026730880737e+02	7.194908448582e-06
302	3.020000000000e+02	9.994872438011e-01	3.130919897690e-02	-6.706976839246e-03	1.026678390503e+02	7.253599960677e-06
303	3.030000000000e+02	9.994826526385e-01	3.145598890605e-02	-6.704314778305e-03	1.026856765747e+02	7.230508799694e-06
304	3.040000000000e+02	9.994815335792e-01	3.152250388130e-02	-6.557116986655e-03	1.027044219971e+02	7.222924978123e-06
305	3.050000000000e+02	9.995661382844e-01	2.864407359689e-02	-6.859463750251e-03	1.030365295410e+02	7.214193374239e-06
306	3.060000000000e+02	9.995764484965e-01	2.849422637692e-02	-5.916305803214e-03	1.029933242798e+02	7.208886017906e-06
307	3.070000000000e+02	9.995479685438e-01	2.966570256876e-02	-4.879003071452e-03	1.028076477051e+02	7.215587174869e-06
308	3.080000000000e+02	9.995394669334e-01	3.003324972095e-02	-4.342574535466e-03	1.027773361206e+02	7.234677013912e-06
309	3.090000000000e+02	9.994971595436e-01	3.145859369110e-02	-3.973027460120e-03	1.026613464355e+02	7.184734840848e-06
310	3.100000000000e+02	9.995452587954e-01	2.964809192760e-02	-5.501478413109e-03	1.030481948853e+02	7.129629011615e-06
311	3.110000000000e+02	9.995463088360e-01	2.955009187803e-02	-5.828255517593e-03	1.031118698120e+02	7.088965048752e-06
312	3.120000000000e+02	9.995187035944e-01	3.044061786196e-02	-5.977453397264e-03	1.030407333374e+02	7.066480520734e-06
313	3.130000000000e+02	9.995059687214e-01	3.113756468333e-02	-4.274407086809e-03	1.030921401978e+02	7.074850145727e-06
314	3.140000000000e+02	9.994955630244e-01	3.145532319874e-02	-4.379741663894e-03	1.030381240845e+02	6.991601367190e-06
315	3.150000000000e+02	9.994699726971e-01	3.224621209699e-02	-4.467155950531e-03	1.029913330078e+02	6.931119514775e-06
316	3.160000000000e+02	9.994423618999e-01	3.324409452983e-02	-3.129763389650e-03	1.028492050171e+02	6.730732366123e-06
317	3.170000000000e+02	9.994355972681e-01	3.335551054987e-02	-3.987082805625e-03	1.031186065674e+02	6.615538950427e-06
318	3.180000000000e+02	9.994357124916e-01	3.340835312959e-02	-3.484040418092e-03	1.031263961792e+02	6.492135071312e-06
319	3.190000000000e+02	9.994336365507e-01	3.351312676202e-02	-3.045729094466e-03	1.030841140747e+02	6.394976935553e-06
320	3.200000000000e+02	9.994015917109e-01	3.442880382256e-02	-3.334059547298e-03	1.030848007202e+02	6.255992957449e-06
321	3.210000000000e+02	9.992682852981e-01	3.809741089323e-02	-3.388403851147e-03	1.029081344604e+02	6.137222499092e-06
322	3.220000000000e+02	9.992392704809e-01	3.880503574809e-02	-3.879372296614e-03	1.029185943604e+02	6.015929557179e-06
323	3.230000000000e+02	9.992491001686e-01	3.845324859381e-02	-4.752208425389e-03	1.030365829468e+02	5.868351763638e-06
324	3.240000000000e+02	9.992657817976e-01	3.801082575437e-02	-4.803587602462e-03	1.030764083862e+02	5.701528152713e-06
325	3.250000000000e+02	9.992833211674e-01	3.762975157429e-02	-4.104367564131e-03	1.030635681152e+02	5.538604455069e-06
326	3.260000000000e+02	9.992535508373e-01	3.849720276545e-02	-3.210376662707e-03	1.029986343384e+02	5.372308351070e-06
327	3.270000000000e+02	9.992236865778e-01	3.939519842458e-02	-2.062111104718e-04	1.030581970215e+02	5.203557520872e-06
328	3.280000000000e+02	9.992223144789e-01	3.942843055086e-02	4.063395293481e-04	1.030860443115e+02	5.034013156546e-06
329	3.290000000000e+02	9.991195451522e-01	4.193937720569e-02	-1.105954139126e-03	1.029994201660e+02	4.871878900303e-06
330	3.300000000000e+02	9.990788483464e-01	4.290924568159e-02	-5.014199295232e-04	1.030090866089e+02	4.697976692114e-06
331	3.310000000000e+02	9.990447006840e-01	4.367046496172e-02	1.605155809510e-03	1.027000961304e+02	4.548393008008e-06
332	3.320000000000e+02	9.989772108894e-01	4.518088624400e-02	1.794336070803e-03	1.026511383057e+02	4.373639058031e-06
333	3.330000000000e+02	9.989302762125e-01	4.620715955570e-02	1.789321585788e-03	1.026843261719e+02	4.185485977359e-06
334	3.340000000000e+02	9.989159577628e-01	4.651355009432e-02	1.843633467696e-03	1.027868118286e+02	4.014248588646e-06
335	3.350000000000e+02	9.989748553925e-01	4.515476665463e-02	3.207076856657e-03	1.027116317749e+02	3.830729383481e-06
336	3.360000000000e+02	9.989044561030e-01	4.661934309150e-02	4.065024888729e-03	1.026978073120e+02	3.663907136797e-06
337	3.370000000000e+02	9.988345736485e-01	4.798285159108e-02	5.209648517728e-03	1.028123855591e+02	3.494712700558e-06
338	3.380000000000e+02	9.988125745738e-01	4.833911331688e-02	6.063909378465e-03	1.028423995972e+02	3.331103243909e-06
339	3.390000000000e+02	9.988777700494e-01	4.685653351978e-02	6.904039954167e-03	1.029104919434e+02	3.160361757182e-06
340	3.400000000000e+02	9.988331228822e-01	4.766509326669e-02	7.773771106502e-03	1.027969055176e+02	3.006352471857e-06
341	3.410000000000e+02	9.987101912294e-01	5.008279585267e-02	8.346705587810e-03	1.027011795044e+02	2.855429784177e-06
342	3.420000000000e+02	9.986348847791e-01	5.145051898611e-02	9.011714503395e-03	1.027901611328e+02	2.714132051551e-06
343	3.430000000000e+02	9.986739773219e-01	5.060924143873e-02	9.433541276159e-03	1.030760040283e+02	2.574312020442e-06
344	3.440000000000e+02	9.987253699311e-01	4.941207858547e-02	1.029960901122e-02	1.031146240234e+02	2.441592869218e-06
345	3.450000000000e+02	9.985077328919e-01	5.267773958115e-02	1.440010790781e-02	1.028057785034e+02	2.321374495295e-06
346	3.460000000000e+02	9.985217737476e-01	5.189297893821e-02	1.616743915752e-02	1.028079681396e+02	2.202804353146e-06
347	3.470000000000e+02	9.984512556042e-01	5.329197292822e-02	1.597046661407e-02	1.027720565796e+02	2.095448280670e-06
348	3.480000000000e+02	9.984383211496e-01	5.229382290281e-02	1.965387865481e-02	1.025503234863e+02	1.994542799366e-06
349	3.490000000000e+02	9.983571693817e-01	5.330437412557e-02	2.101442464804e-02	1.025798645020e+02	1.912092784551e-06
350	3.500000000000e+02	9.985356235807e-01	4.912084785685e-02	2.266607037175e-02	1.028304977417e+02	1.827392111409e-06
351	3.510000000000e+02	9.984466836516e-01	4.990801999485e-02	2.476710409574e-02	1.026910476685e+02	1.761412477208e-06
352	3.520000000000e+02	9.985950380365e-01	4.713366024078e-02	2.421503832612e-02	1.031515274048e+02	1.702182657937e-06
353	3.530000000000e+02	9.966622135105e-01	7.687669061969e-02	2.746646318279e-02	1.006165237427e+02	1.702719032437e-06
354	3.540000000000e+02	9.967106840217e-01	7.580838443200e-02	2.865137355832e-02	1.007091827393e+02	1.667306946729e-06
355	3.550000000000e+02	9.968505553286e-01	7.338744441015e-02	3.005417348744e-02	1.008430252075e+02	1.644702933845e-06
356	3.560000000000e+02	9.969783424095e-01	7.040945605615e-02	3.281300449909e-02	1.005993652344e+02	1.633101760490e-06
357	3.570000000000e+02	9.970079773859e-01	6.921946230897e-02	3.440579989615e-02	1.005370712280e+02	1.640666027924e-06
358	3.580000000000e+02	9.971346677280e-01	6.681141780360e-02	3.547800538401e-02	1.007002868652e+02	1.659422309785e-06
359	3.590000000000e+02	9.972762299141e-01	6.426028926907e-02	3.620409467642e-02	1.007530593872e+02	1.691649572422e-06
