# Filename: 155011_polarimeter_vs_wheel.dat
# Timestamp: Thu Apr 18 15:50:11 2019

# Column 1:
#	name: measurement point
#	size: 0
#	type: coordinate
# Column 2:
#	name: angle
#	type: value
# Column 3:
#	name: S1
#	type: value
# Column 4:
#	name: S2
#	type: value
# Column 5:
#	name: S3
#	type: value
# Column 6:
#	name: DOP
#	type: value
# Column 7:
#	name: power
#	type: value

0	0.000000000000e+00	2.438986423184e-01	-9.692340511895e-01	-3.314824716258e-02	1.050023803711e+02	7.934865607240e-06
1	1.000000000000e+00	2.771315771802e-01	-9.602894237315e-01	-3.228485092123e-02	1.050265350342e+02	8.147590961016e-06
2	2.000000000000e+00	3.103215010798e-01	-9.500926271149e-01	-3.200884048976e-02	1.049994583130e+02	8.362846529053e-06
3	3.000000000000e+00	3.426440100878e-01	-9.389442187256e-01	-3.128636240749e-02	1.049818344116e+02	8.573794730182e-06
4	4.000000000000e+00	3.753735039053e-01	-9.263629692081e-01	-3.076331981081e-02	1.049366531372e+02	8.788085324340e-06
5	5.000000000000e+00	4.065341060349e-01	-9.131445457150e-01	-2.995094758481e-02	1.050702819824e+02	8.979157428257e-06
6	6.000000000000e+00	4.379121170756e-01	-8.985439510482e-01	-2.918468353663e-02	1.049607543945e+02	9.195857273880e-06
7	7.000000000000e+00	4.687189608409e-01	-8.828869478288e-01	-2.851619016779e-02	1.050414886475e+02	9.393758773513e-06
8	8.000000000000e+00	4.989772523630e-01	-8.661665570384e-01	-2.787825483133e-02	1.049712524414e+02	9.592707101547e-06
9	9.000000000000e+00	5.285225949115e-01	-8.484849615922e-01	-2.715026003415e-02	1.049026718140e+02	9.781636435946e-06
10	1.000000000000e+01	5.569056143928e-01	-8.301663916529e-01	-2.607486966087e-02	1.049003829956e+02	9.967525329557e-06
11	1.100000000000e+01	5.853541554047e-01	-8.103740421495e-01	-2.558172317682e-02	1.048528823853e+02	1.015179714159e-05
12	1.200000000000e+01	6.123681561602e-01	-7.901798389192e-01	-2.492114537028e-02	1.048545608521e+02	1.033402713801e-05
13	1.300000000000e+01	6.391547430250e-01	-7.686939679391e-01	-2.430633914529e-02	1.047926330566e+02	1.051816252584e-05
14	1.400000000000e+01	6.656746454809e-01	-7.458705094726e-01	-2.354675058068e-02	1.047680435181e+02	1.069441532309e-05
15	1.500000000000e+01	6.906466384389e-01	-7.228351494307e-01	-2.272812268034e-02	1.047035140991e+02	1.086595239030e-05
16	1.600000000000e+01	7.153264778599e-01	-6.984568472104e-01	-2.158848437003e-02	1.045746459961e+02	1.103443628381e-05
17	1.700000000000e+01	7.391173774490e-01	-6.732636790041e-01	-2.053097383970e-02	1.045638885498e+02	1.119531225413e-05
18	1.800000000000e+01	7.624809507734e-01	-6.467040812356e-01	-1.991559742576e-02	1.045095596313e+02	1.135065213020e-05
19	1.900000000000e+01	7.846564840083e-01	-6.196371726955e-01	-1.907816337072e-02	1.044024887085e+02	1.149462605099e-05
20	2.000000000000e+01	8.055256302391e-01	-5.922776454082e-01	-1.832074719067e-02	1.044081878662e+02	1.163297929452e-05
21	2.100000000000e+01	8.256084829410e-01	-5.639820997063e-01	-1.717044282501e-02	1.042862701416e+02	1.177185640699e-05
22	2.200000000000e+01	8.445794933349e-01	-5.351831344907e-01	-1.626320985756e-02	1.042785034180e+02	1.190058264910e-05
23	2.300000000000e+01	8.626807937640e-01	-5.055070547639e-01	-1.563539749282e-02	1.042135467529e+02	1.203706597153e-05
24	2.400000000000e+01	8.796248516006e-01	-4.754488898116e-01	-1.443861571002e-02	1.041213836670e+02	1.216930013470e-05
25	2.500000000000e+01	8.953966428174e-01	-4.450695495271e-01	-1.333971945638e-02	1.040380554199e+02	1.223687650054e-05
26	2.600000000000e+01	9.105282007308e-01	-4.132615461770e-01	-1.238103894206e-02	1.039190368652e+02	1.235709896719e-05
27	2.700000000000e+01	9.242566908369e-01	-3.815865775428e-01	-1.188500241202e-02	1.038821716309e+02	1.247079308087e-05
28	2.800000000000e+01	9.370062029726e-01	-3.491440831715e-01	-1.085286954069e-02	1.037555236816e+02	1.254943799722e-05
29	2.900000000000e+01	9.484334177448e-01	-3.168122241889e-01	-1.020130920191e-02	1.037369384766e+02	1.263750982616e-05
30	3.000000000000e+01	9.588199916817e-01	-2.838515534404e-01	-9.618688109066e-03	1.036729812622e+02	1.270770280826e-05
31	3.100000000000e+01	9.681091942751e-01	-2.503724680544e-01	-8.843935800023e-03	1.035489578247e+02	1.279412663280e-05
32	3.200000000000e+01	9.762009339634e-01	-2.167174620873e-01	-8.079489792879e-03	1.034895401001e+02	1.284502377530e-05
33	3.300000000000e+01	9.831589949511e-01	-1.826050902794e-01	-7.332915573415e-03	1.033623962402e+02	1.288891871809e-05
34	3.400000000000e+01	9.888916472783e-01	-1.484955384143e-01	-6.510377426619e-03	1.032831802368e+02	1.295031597692e-05
35	3.500000000000e+01	9.934445676967e-01	-1.141810770779e-01	-5.529245086183e-03	1.032051315308e+02	1.298407096328e-05
36	3.600000000000e+01	9.968546422361e-01	-7.911456544388e-02	-4.659161624004e-03	1.031393127441e+02	1.302217424382e-05
37	3.700000000000e+01	9.989865454065e-01	-4.483180973474e-02	-3.998866419287e-03	1.030869979858e+02	1.303752378590e-05
38	3.800000000000e+01	9.999457106078e-01	-9.935353921269e-03	-3.140792827498e-03	1.030071563721e+02	1.306497870246e-05
39	3.900000000000e+01	9.996880775349e-01	2.487032143070e-02	-2.283581928096e-03	1.029124832153e+02	1.305673777097e-05
40	4.000000000000e+01	9.981771040293e-01	6.033424101213e-02	-1.499450938068e-03	1.027840652466e+02	1.300583699049e-05
41	4.100000000000e+01	9.955155375067e-01	9.459315618044e-02	-9.743647291764e-04	1.027593078613e+02	1.308813170908e-05
42	4.200000000000e+01	9.916358983874e-01	1.290667884576e-01	-9.563785479284e-05	1.026643753052e+02	1.309407252847e-05
43	4.300000000000e+01	9.865564013013e-01	1.634198333465e-01	6.520125938891e-04	1.025404205322e+02	1.303760109295e-05
44	4.400000000000e+01	9.803721532523e-01	1.971517132746e-01	1.281826935307e-03	1.024608688354e+02	1.301328848058e-05
45	4.500000000000e+01	9.729080852994e-01	2.311840827754e-01	1.943561256359e-03	1.023587417603e+02	1.294099092775e-05
46	4.600000000000e+01	9.643400619655e-01	2.646534213265e-01	2.609879040883e-03	1.022625885010e+02	1.288307066716e-05
47	4.700000000000e+01	9.545609607602e-01	2.979970499494e-01	3.336227514816e-03	1.021328277588e+02	1.287012310058e-05
48	4.800000000000e+01	9.438331822337e-01	3.303998874818e-01	3.852073018827e-03	1.020535964966e+02	1.280092419620e-05
49	4.900000000000e+01	9.318024403200e-01	3.629403503000e-01	4.302829048062e-03	1.019481964111e+02	1.263430112886e-05
50	5.000000000000e+01	9.188986592834e-01	3.944702045206e-01	4.302523983703e-03	1.019134521484e+02	1.254052949662e-05
51	5.100000000000e+01	9.047537817223e-01	4.258994580204e-01	5.499646997417e-03	1.018046722412e+02	1.256527502846e-05
52	5.200000000000e+01	8.894216404911e-01	4.570411763931e-01	6.519854854028e-03	1.016870422363e+02	1.243367933057e-05
53	5.300000000000e+01	8.729258090674e-01	4.878085618446e-01	6.583225284633e-03	1.016092681885e+02	1.229882309417e-05
54	5.400000000000e+01	8.556612499235e-01	5.174859415318e-01	7.219812763853e-03	1.015283508301e+02	1.215810516442e-05
55	5.500000000000e+01	8.371197906317e-01	5.469666314688e-01	7.613159158389e-03	1.014396133423e+02	1.219161003974e-05
56	5.600000000000e+01	8.175917297740e-01	5.757420546935e-01	8.052941229183e-03	1.013475418091e+02	1.203705687658e-05
57	5.700000000000e+01	7.970375129294e-01	6.038715877081e-01	8.385018916745e-03	1.012694091797e+02	1.194346805278e-05
58	5.800000000000e+01	7.755226880742e-01	6.312614439304e-01	8.576111537662e-03	1.011809234619e+02	1.178476486530e-05
59	5.900000000000e+01	7.531978920403e-01	6.577355902908e-01	8.765197709129e-03	1.010934066772e+02	1.165141929960e-05
60	6.000000000000e+01	7.298967785930e-01	6.834961423701e-01	9.149642875647e-03	1.010027923584e+02	1.151065134763e-05
61	6.100000000000e+01	7.057672938225e-01	7.083807847649e-01	9.444085259881e-03	1.009173431396e+02	1.135130514740e-05
62	6.200000000000e+01	6.809221233472e-01	7.322923323553e-01	9.643749789190e-03	1.008384704590e+02	1.120298202295e-05
63	6.300000000000e+01	6.549306458602e-01	7.556223266752e-01	1.003735737986e-02	1.007473449707e+02	1.103125305235e-05
64	6.400000000000e+01	6.285870477302e-01	7.776720082023e-01	1.022600041066e-02	1.006716384888e+02	1.088652061298e-05
65	6.500000000000e+01	6.015870770314e-01	7.987387853881e-01	1.045664695487e-02	1.006062088013e+02	1.071545284503e-05
66	6.600000000000e+01	5.739772351019e-01	8.188035404831e-01	1.053070164201e-02	1.005349655151e+02	1.050958053384e-05
67	6.700000000000e+01	5.454124203554e-01	8.380999146053e-01	1.066887344864e-02	1.004660415649e+02	1.034449360304e-05
68	6.800000000000e+01	5.163151926711e-01	8.563311172940e-01	1.075357479701e-02	1.004026412964e+02	1.014947883959e-05
69	6.900000000000e+01	4.866323934874e-01	8.735408182856e-01	1.074022335224e-02	1.003367767334e+02	9.983888958232e-06
70	7.000000000000e+01	4.562202430198e-01	8.898026768037e-01	1.069047294992e-02	1.002709503174e+02	9.758272426552e-06
71	7.100000000000e+01	4.251427304003e-01	9.050633555541e-01	1.067619880501e-02	1.002079544067e+02	9.564664651407e-06
72	7.200000000000e+01	3.935943609894e-01	9.192256807988e-01	1.037433165443e-02	1.001437530518e+02	9.368671271659e-06
73	7.300000000000e+01	3.614941467905e-01	9.323183430875e-01	1.022198507296e-02	1.000908889771e+02	9.134590982285e-06
74	7.400000000000e+01	3.289166916235e-01	9.443052506066e-01	1.006993784464e-02	1.000322036743e+02	8.914654245018e-06
75	7.500000000000e+01	2.961548810211e-01	9.550884031323e-01	9.921121387954e-03	9.998011779785e+01	8.711427653907e-06
76	7.600000000000e+01	2.625635482006e-01	9.648659892791e-01	9.695663398766e-03	9.993087768555e+01	8.483070814691e-06
77	7.700000000000e+01	2.293904828026e-01	9.732884138187e-01	9.469420567695e-03	9.988675689697e+01	8.274555511889e-06
78	7.800000000000e+01	1.955061400447e-01	9.806582441859e-01	9.314360691374e-03	9.983589935303e+01	8.046345101320e-06
79	7.900000000000e+01	1.619781531129e-01	9.867535031189e-01	8.977861477880e-03	9.979376983643e+01	7.814684067853e-06
80	8.000000000000e+01	1.279820642384e-01	9.917372497513e-01	8.821490180783e-03	9.975005340576e+01	7.579680641356e-06
81	8.100000000000e+01	9.396079980983e-02	9.955405573156e-01	8.388494427791e-03	9.970780181885e+01	7.340252977883e-06
82	8.200000000000e+01	5.997767872212e-02	9.981668765432e-01	8.097198714680e-03	9.967232513428e+01	7.118291250663e-06
83	8.300000000000e+01	2.582755146008e-02	9.996364429038e-01	7.740775429374e-03	9.963730621338e+01	6.884486992931e-06
84	8.400000000000e+01	-7.981065269787e-03	9.999417605443e-01	7.264854895221e-03	9.961362457275e+01	6.657675385213e-06
85	8.500000000000e+01	-4.225181042687e-02	9.990823846280e-01	7.012363489625e-03	9.958384704590e+01	6.432030659198e-06
86	8.600000000000e+01	-7.616511300370e-02	9.970738217208e-01	6.532197198521e-03	9.955567932129e+01	6.194381057867e-06
87	8.700000000000e+01	-1.101159320929e-01	9.938994008410e-01	6.201814836812e-03	9.953150177002e+01	5.964641331957e-06
88	8.800000000000e+01	-1.442218494550e-01	9.895287303360e-01	5.740207267345e-03	9.950965118408e+01	5.725682967750e-06
89	8.900000000000e+01	-1.780443832094e-01	9.840079245181e-01	5.348092474288e-03	9.949634552002e+01	5.498696737050e-06
90	9.000000000000e+01	-2.115845420246e-01	9.773478584410e-01	4.810943459678e-03	9.948429107666e+01	5.279164270178e-06
91	9.100000000000e+01	-2.446995669136e-01	9.695892973914e-01	4.326238120188e-03	9.947126770020e+01	5.045916168456e-06
92	9.200000000000e+01	-2.778384267694e-01	9.606204231731e-01	3.769773616417e-03	9.946752166748e+01	4.824850748264e-06
93	9.300000000000e+01	-3.103648504347e-01	9.506121925142e-01	3.181046670378e-03	9.945993804932e+01	4.595460268320e-06
94	9.400000000000e+01	-3.426872744897e-01	9.394453768310e-01	2.795684822555e-03	9.945124053955e+01	4.379001438792e-06
95	9.500000000000e+01	-3.745001650385e-01	9.272239980265e-01	2.298666979587e-03	9.944347381592e+01	4.161407105130e-06
96	9.600000000000e+01	-4.056856210010e-01	9.140111032560e-01	1.697067381130e-03	9.944236755371e+01	3.945847765863e-06
97	9.700000000000e+01	-4.362536564068e-01	8.998229525904e-01	1.183749600873e-03	9.945800781250e+01	3.733799985639e-06
98	9.800000000000e+01	-4.662137043198e-01	8.846719873014e-01	5.067430976259e-04	9.945967102051e+01	3.523768100422e-06
99	9.900000000000e+01	-4.955494117302e-01	8.685797375256e-01	1.417525839624e-04	9.946337127686e+01	3.321159738334e-06
100	1.000000000000e+02	-5.242707017654e-01	8.515515513452e-01	-4.320556438547e-04	9.948059082031e+01	3.121971985820e-06
101	1.010000000000e+02	-5.523494234096e-01	8.336119592035e-01	-1.102693069151e-03	9.948950195312e+01	2.924708496721e-06
102	1.020000000000e+02	-5.796459539635e-01	8.148668538326e-01	-1.605795331452e-03	9.950817108154e+01	2.735802127063e-06
103	1.030000000000e+02	-6.065364463853e-01	7.950528136205e-01	-2.136061889385e-03	9.954250335693e+01	2.550435965532e-06
104	1.040000000000e+02	-6.324217545312e-01	7.746196948646e-01	-2.655696436030e-03	9.955593872070e+01	2.369775984334e-06
105	1.050000000000e+02	-6.576706843268e-01	7.532982717687e-01	-3.314321575517e-03	9.957191467285e+01	2.194448825321e-06
106	1.060000000000e+02	-6.821345390850e-01	7.312166298446e-01	-3.835469476414e-03	9.960239410400e+01	2.021927230089e-06
107	1.070000000000e+02	-7.057663196386e-01	7.084316887971e-01	-4.294691137545e-03	9.964419555664e+01	1.856467406469e-06
108	1.080000000000e+02	-7.287428205653e-01	6.847693613450e-01	-4.982292414684e-03	9.970023345947e+01	1.695815285530e-06
109	1.090000000000e+02	-7.684445535964e-01	6.398948744960e-01	-5.245726055280e-03	1.010303497314e+02	1.526131427454e-06
110	1.100000000000e+02	-7.885092988890e-01	6.149965635669e-01	-5.684396747894e-03	1.010631179810e+02	1.381484821650e-06
111	1.110000000000e+02	-8.078727034035e-01	5.893259371013e-01	-6.052681655748e-03	1.011321334839e+02	1.240781784873e-06
112	1.120000000000e+02	-8.264923838057e-01	5.629113224477e-01	-6.417364827710e-03	1.012169418335e+02	1.104932721319e-06
113	1.130000000000e+02	-8.434940586268e-01	5.370953202243e-01	-6.811024478335e-03	1.012429275513e+02	9.797172424442e-07
114	1.140000000000e+02	-8.597611475023e-01	5.106488733985e-01	-6.964003329580e-03	1.013338775635e+02	8.602225989307e-07
115	1.150000000000e+02	-8.746993995866e-01	4.846135551231e-01	-7.117763261326e-03	1.014002914429e+02	7.476386372218e-07
116	1.160000000000e+02	-8.883978872055e-01	4.590177030043e-01	-7.207103262257e-03	1.014151382446e+02	6.464740636147e-07
117	1.170000000000e+02	-9.010360008045e-01	4.336845020882e-01	-7.202631660374e-03	1.015125808716e+02	5.497618076333e-07
118	1.180000000000e+02	-9.124328083607e-01	4.091610350105e-01	-7.322407812496e-03	1.015365142822e+02	4.613273461018e-07
119	1.190000000000e+02	-9.224287805040e-01	3.861012993454e-01	-7.136633775062e-03	1.014968795776e+02	3.804547361597e-07
120	1.200000000000e+02	-9.311509866574e-01	3.645713028363e-01	-6.753161872521e-03	1.015403442383e+02	3.073363927797e-07
121	1.210000000000e+02	-9.385140967476e-01	3.451855798075e-01	-6.181075867339e-03	1.016467971802e+02	2.417392011012e-07
122	1.220000000000e+02	-9.439292480730e-01	3.301084697238e-01	-5.096356444420e-03	1.014951095581e+02	1.844562831366e-07
123	1.230000000000e+02	-9.472847920889e-01	3.203463180142e-01	-5.455200441857e-03	1.012649765015e+02	1.341088449180e-07
124	1.240000000000e+02	-9.472696345389e-01	3.204244068824e-01	-2.904987895733e-03	1.015491485596e+02	9.187768768015e-08
125	1.250000000000e+02	-9.408390324751e-01	3.388166390991e-01	-5.019964229717e-03	1.013233108521e+02	5.750747433808e-08
126	1.260000000000e+02	-9.186581150143e-01	3.947263791893e-01	-1.607337209603e-02	9.962873840332e+01	3.179406604659e-08
127	1.270000000000e+02	-8.481589234311e-01	5.278179269708e-01	-4.510738933293e-02	9.706136322021e+01	1.393061843658e-08
128	1.280000000000e+02	-4.462861400386e-01	8.302458346555e-01	-3.339469048317e-01	8.848427581787e+01	4.272587172949e-09
129	1.290000000000e+02	-9.015840169346e-02	-4.424174397716e-01	-8.922658076997e-01	7.476497650146e+01	2.705196733288e-09
130	1.300000000000e+02	-7.272194622451e-01	-6.047840378384e-01	-3.246353666927e-01	9.744618225098e+01	9.341259321616e-09
131	1.310000000000e+02	-8.688571631959e-01	-4.655374939726e-01	-1.684104262480e-01	1.003807144165e+02	2.436197732436e-08
132	1.320000000000e+02	-9.037062515630e-01	-4.110546669863e-01	-1.197876105228e-01	1.018165435791e+02	4.732198988222e-08
133	1.330000000000e+02	-9.167739209285e-01	-3.883066305215e-01	-9.350689064677e-02	1.027145385742e+02	7.810584179424e-08
134	1.340000000000e+02	-9.195779225490e-01	-3.847454153299e-01	-7.967063287775e-02	1.030711059570e+02	1.167893231013e-07
135	1.350000000000e+02	-9.169325038696e-01	-3.925965747999e-01	-7.143327517899e-02	1.029092025757e+02	1.639080977611e-07
136	1.360000000000e+02	-9.105283860171e-01	-4.079960221398e-01	-6.691266079841e-02	1.031462326050e+02	2.181470506457e-07
137	1.370000000000e+02	-9.024392783949e-01	-4.262180744295e-01	-6.278138131379e-02	1.032683715820e+02	2.805137171435e-07
138	1.380000000000e+02	-8.926729496234e-01	-4.467222059490e-01	-5.978524669769e-02	1.033411407471e+02	3.499317244859e-07
139	1.390000000000e+02	-8.812865292437e-01	-4.690553972859e-01	-5.762887861573e-02	1.035113754272e+02	4.275095761841e-07
140	1.400000000000e+02	-8.686823350539e-01	-4.922240948295e-01	-5.573545760599e-02	1.035617370605e+02	5.119999286762e-07
141	1.410000000000e+02	-8.542836346750e-01	-5.169170559025e-01	-5.473781913445e-02	1.036544799805e+02	6.048023237781e-07
142	1.420000000000e+02	-8.388523237036e-01	-5.417041542632e-01	-5.369719053229e-02	1.037011184692e+02	7.047668191262e-07
143	1.430000000000e+02	-8.223754194095e-01	-5.665031300164e-01	-5.265807851230e-02	1.037794723511e+02	8.132420248330e-07
144	1.440000000000e+02	-8.047416739856e-01	-5.913346430051e-01	-5.209777474045e-02	1.038007583618e+02	9.289038871430e-07
145	1.450000000000e+02	-7.858285806196e-01	-6.162823453769e-01	-5.166732679450e-02	1.038463821411e+02	1.050174773809e-06
146	1.460000000000e+02	-7.658843245559e-01	-6.409398437990e-01	-5.115973055524e-02	1.039302291870e+02	1.179516630145e-06
147	1.470000000000e+02	-7.449023276500e-01	-6.652215069090e-01	-5.099871574249e-02	1.039496688843e+02	1.315762119702e-06
148	1.480000000000e+02	-7.230113538151e-01	-6.889865128860e-01	-5.051897975631e-02	1.040193939209e+02	1.460103362660e-06
149	1.490000000000e+02	-7.000856803534e-01	-7.122973814746e-01	-5.012464971081e-02	1.040582122803e+02	1.608491515981e-06
150	1.500000000000e+02	-6.763754090115e-01	-7.348774648875e-01	-4.971335519896e-02	1.041326370239e+02	1.762652800608e-06
151	1.510000000000e+02	-6.728966152258e-01	-7.381136122164e-01	-4.897387751162e-02	1.031563186646e+02	1.936871512953e-06
152	1.520000000000e+02	-6.480507516322e-01	-7.600261073494e-01	-4.889314324394e-02	1.032196197510e+02	2.103183987856e-06
153	1.530000000000e+02	-6.226225542406e-01	-7.810141085933e-01	-4.856044819707e-02	1.032724151611e+02	2.275077576996e-06
154	1.540000000000e+02	-5.960985822757e-01	-8.014622662993e-01	-4.821530781185e-02	1.033426132202e+02	2.451650289004e-06
155	1.550000000000e+02	-5.690322547927e-01	-8.209288746459e-01	-4.772919209752e-02	1.034127426147e+02	2.635910277604e-06
156	1.560000000000e+02	-5.413929494529e-01	-8.394217434410e-01	-4.759002964116e-02	1.034410552979e+02	2.822167971317e-06
157	1.570000000000e+02	-5.130798017649e-01	-8.570415561341e-01	-4.721110123916e-02	1.035954132080e+02	3.011350827364e-06
158	1.580000000000e+02	-4.846270273264e-01	-8.734724318377e-01	-4.671782533912e-02	1.036753387451e+02	3.207638428648e-06
159	1.590000000000e+02	-4.546592596466e-01	-8.894460067981e-01	-4.659140058602e-02	1.038323974609e+02	3.406778432691e-06
160	1.600000000000e+02	-4.243392146070e-01	-9.043361102591e-01	-4.596118610431e-02	1.039629669189e+02	3.612552973209e-06
161	1.610000000000e+02	-3.930667784265e-01	-9.183693196289e-01	-4.578537388557e-02	1.040274124146e+02	3.822318376479e-06
162	1.620000000000e+02	-3.620206279374e-01	-9.310640572196e-01	-4.539588419241e-02	1.040972290039e+02	4.036772224936e-06
163	1.630000000000e+02	-3.299454454355e-01	-9.429219114481e-01	-4.510290397942e-02	1.042265014648e+02	4.252719008946e-06
164	1.640000000000e+02	-2.973241566618e-01	-9.537201305551e-01	-4.490276649866e-02	1.042054519653e+02	4.476146841625e-06
165	1.650000000000e+02	-2.649520478229e-01	-9.632327222959e-01	-4.453240452686e-02	1.043046493530e+02	4.696340056398e-06
166	1.660000000000e+02	-2.318303619884e-01	-9.717511288633e-01	-4.420889970630e-02	1.043990325928e+02	4.921704658045e-06
167	1.670000000000e+02	-1.989694768733e-01	-9.790298393734e-01	-4.372323054454e-02	1.045047302246e+02	5.154697191756e-06
168	1.680000000000e+02	-1.650783260972e-01	-9.853423355448e-01	-4.300730212529e-02	1.045572891235e+02	5.383257303038e-06
169	1.690000000000e+02	-1.312746872086e-01	-9.904368706351e-01	-4.244716462702e-02	1.047434005737e+02	5.609284926322e-06
170	1.700000000000e+02	-9.791939202212e-02	-9.943076435871e-01	-4.200122105808e-02	1.047028884888e+02	5.841076017532e-06
171	1.710000000000e+02	-6.374764102467e-02	-9.971072132310e-01	-4.139376265197e-02	1.047184371948e+02	6.079597824282e-06
172	1.720000000000e+02	-2.942725255458e-02	-9.987342061176e-01	-4.079242990621e-02	1.047047653198e+02	6.315046903183e-06
173	1.730000000000e+02	4.668476575254e-03	-9.991851437315e-01	-4.009057087154e-02	1.048008499146e+02	6.548285455210e-06
174	1.740000000000e+02	3.754851318417e-02	-9.985253083611e-01	-3.920864343449e-02	1.048892822266e+02	6.779278010072e-06
175	1.750000000000e+02	7.190865076146e-02	-9.966530844653e-01	-3.888155310056e-02	1.048690872192e+02	7.014707080089e-06
176	1.760000000000e+02	1.062774278435e-01	-9.936004299931e-01	-3.825302404380e-02	1.050348663330e+02	7.246277618833e-06
177	1.770000000000e+02	1.403591755286e-01	-9.893816409213e-01	-3.772625680983e-02	1.049686126709e+02	7.484874913644e-06
178	1.780000000000e+02	1.742677225970e-01	-9.839963889444e-01	-3.717347717305e-02	1.050660247803e+02	7.717435437371e-06
179	1.790000000000e+02	2.073317538204e-01	-9.775946780797e-01	-3.636192030211e-02	1.051710281372e+02	7.947499398142e-06
180	1.800000000000e+02	2.407629198917e-01	-9.699229786909e-01	-3.581384945179e-02	1.051504745483e+02	8.184266334865e-06
181	1.810000000000e+02	2.730291771421e-01	-9.613801379224e-01	-3.468859809050e-02	1.050811691284e+02	8.417482604273e-06
182	1.820000000000e+02	3.057065226136e-01	-9.515111536994e-01	-3.420594125635e-02	1.051318130493e+02	8.644723493489e-06
183	1.830000000000e+02	3.386488393710e-01	-9.403200537757e-01	-3.339401233659e-02	1.051871948242e+02	8.874403647496e-06
184	1.840000000000e+02	3.713636305332e-01	-9.279143207734e-01	-3.262004323756e-02	1.051023559570e+02	9.099009730562e-06
185	1.850000000000e+02	4.037899647816e-01	-9.142959821186e-01	-3.188293310505e-02	1.050546112061e+02	9.324940947408e-06
186	1.860000000000e+02	4.345796777928e-01	-9.001071767081e-01	-3.078269137079e-02	1.050829315186e+02	9.543065061735e-06
187	1.870000000000e+02	4.654777371766e-01	-8.845441378298e-01	-3.020172882235e-02	1.050359115601e+02	9.762289664650e-06
188	1.880000000000e+02	4.952830632441e-01	-8.682364447297e-01	-2.932854081946e-02	1.051122589111e+02	9.972464795283e-06
189	1.890000000000e+02	5.244311274422e-01	-8.509753228535e-01	-2.851302271070e-02	1.051446304321e+02	1.017577778839e-05
190	1.900000000000e+02	5.538147436499e-01	-8.321762889981e-01	-2.778225594403e-02	1.051350097656e+02	1.038700975187e-05
191	1.910000000000e+02	5.825658021968e-01	-8.123281751260e-01	-2.720334551598e-02	1.051625747681e+02	1.059187434294e-05
192	1.920000000000e+02	6.096148284741e-01	-7.922573781067e-01	-2.641983611000e-02	1.051304168701e+02	1.078871900972e-05
193	1.930000000000e+02	6.364398974521e-01	-7.709034318964e-01	-2.553733779338e-02	1.049984283447e+02	1.097672520700e-05
194	1.940000000000e+02	6.623293247249e-01	-7.488029009275e-01	-2.478066124912e-02	1.049984130859e+02	1.116102339438e-05
195	1.950000000000e+02	6.873879461024e-01	-7.259141981092e-01	-2.337495532953e-02	1.049889221191e+02	1.134994454333e-05
196	1.960000000000e+02	7.118996425070e-01	-7.019214204835e-01	-2.247706530870e-02	1.048689270020e+02	1.153627636086e-05
197	1.970000000000e+02	7.357856071823e-01	-6.768692958919e-01	-2.162166834820e-02	1.049017791748e+02	1.170636915049e-05
198	1.980000000000e+02	7.589089568159e-01	-6.508664502165e-01	-2.073786987950e-02	1.048317794800e+02	1.188397436636e-05
199	1.990000000000e+02	7.807917221959e-01	-6.244828519352e-01	-1.963298727501e-02	1.047316284180e+02	1.203072952194e-05
200	2.000000000000e+02	8.021583028784e-01	-5.968125536462e-01	-1.889002206528e-02	1.046665725708e+02	1.219130626851e-05
201	2.010000000000e+02	8.223262954700e-01	-5.687315091260e-01	-1.799817507059e-02	1.046005935669e+02	1.234463707078e-05
202	2.020000000000e+02	8.414351381086e-01	-5.400909914635e-01	-1.698909344813e-02	1.045537109375e+02	1.249239903700e-05
203	2.030000000000e+02	8.599630352881e-01	-5.100959828954e-01	-1.629926906387e-02	1.044370422363e+02	1.263692684006e-05
204	2.040000000000e+02	8.769872869548e-01	-4.802731038657e-01	-1.520013891268e-02	1.043630523682e+02	1.275422528124e-05
205	2.050000000000e+02	8.930984834817e-01	-4.496284162692e-01	-1.447017919353e-02	1.043664855957e+02	1.289404553972e-05
206	2.060000000000e+02	9.079691963684e-01	-4.188252574198e-01	-1.331698889902e-02	1.042844772339e+02	1.302082091570e-05
207	2.070000000000e+02	9.217872085758e-01	-3.874998611660e-01	-1.233692434335e-02	1.042572708130e+02	1.311966479989e-05
208	2.080000000000e+02	9.348174773389e-01	-3.549387193532e-01	-1.160989084986e-02	1.041303253174e+02	1.322897605860e-05
209	2.090000000000e+02	9.467009676861e-01	-3.219356915874e-01	-1.070926068390e-02	1.040446701050e+02	1.333360978606e-05
210	2.100000000000e+02	9.571352719954e-01	-2.894763921994e-01	-9.771870928264e-03	1.039592895508e+02	1.341903862340e-05
211	2.110000000000e+02	9.665070291822e-01	-2.564745177661e-01	-9.218691777285e-03	1.039289550781e+02	1.349553713226e-05
212	2.120000000000e+02	9.748037799013e-01	-2.229141077696e-01	-8.178706950089e-03	1.038042221069e+02	1.356795473839e-05
213	2.130000000000e+02	9.819677300527e-01	-1.889028567341e-01	-7.422119159404e-03	1.036897125244e+02	1.363895080431e-05
214	2.140000000000e+02	9.879258080528e-01	-1.547950611645e-01	-6.409900327958e-03	1.035696105957e+02	1.369643723592e-05
215	2.150000000000e+02	9.927283559260e-01	-1.202348755148e-01	-5.829755600816e-03	1.034929962158e+02	1.374090243189e-05
216	2.160000000000e+02	9.963374560485e-01	-8.537871512766e-02	-4.706238201754e-03	1.033574752808e+02	1.379413060931e-05
217	2.170000000000e+02	9.987023848478e-01	-5.077159527453e-02	-3.973866193197e-03	1.032949447632e+02	1.381362471875e-05
218	2.180000000000e+02	9.998691657396e-01	-1.584306910165e-02	-3.263213866047e-03	1.032136230469e+02	1.384108327329e-05
219	2.190000000000e+02	9.998149201049e-01	1.909080067381e-02	-2.380517867327e-03	1.030830001831e+02	1.386430540151e-05
220	2.200000000000e+02	9.985378120644e-01	5.403542506699e-02	-1.552647909004e-03	1.030223846436e+02	1.386748863297e-05
221	2.210000000000e+02	9.960779750410e-01	8.847779450091e-02	-5.895070578274e-04	1.029233474731e+02	1.387668180541e-05
222	2.220000000000e+02	9.924431924990e-01	1.227049576950e-01	5.494948274363e-05	1.028432693481e+02	1.385998893966e-05
223	2.230000000000e+02	9.875902500624e-01	1.570499269921e-01	9.046621100184e-04	1.027459640503e+02	1.383217204420e-05
224	2.240000000000e+02	9.814987654216e-01	1.914610971614e-01	1.679806402808e-03	1.025994567871e+02	1.380942558171e-05
225	2.250000000000e+02	9.744090572158e-01	2.247702523902e-01	2.307131596204e-03	1.025269393921e+02	1.375925239699e-05
226	2.260000000000e+02	9.659852276807e-01	2.585809814561e-01	2.901022559206e-03	1.024121246338e+02	1.372012047796e-05
227	2.270000000000e+02	9.563079552517e-01	2.923385687110e-01	3.640874383720e-03	1.022736816406e+02	1.367961340293e-05
228	2.280000000000e+02	9.456740815072e-01	3.250911240712e-01	4.036411226077e-03	1.021668090820e+02	1.361687191093e-05
229	2.290000000000e+02	9.337747775737e-01	3.578293877784e-01	4.774307210250e-03	1.020695877075e+02	1.354386859020e-05
230	2.300000000000e+02	9.207751849913e-01	3.900568537489e-01	5.358129118840e-03	1.019683227539e+02	1.346469798591e-05
231	2.310000000000e+02	9.067667880967e-01	4.215921729551e-01	5.833670172992e-03	1.018973846436e+02	1.339229220321e-05
232	2.320000000000e+02	8.915347664440e-01	4.529083820317e-01	6.305371287197e-03	1.017980194092e+02	1.329117640125e-05
233	2.330000000000e+02	8.752466029891e-01	4.836290109443e-01	6.809091650771e-03	1.017126541138e+02	1.317801070400e-05
234	2.340000000000e+02	8.580188048198e-01	5.135675009657e-01	7.221670686396e-03	1.016174621582e+02	1.308635546593e-05
235	2.350000000000e+02	8.395855453913e-01	5.431763851259e-01	7.451618054181e-03	1.015211715698e+02	1.295567835768e-05
236	2.360000000000e+02	8.200325081486e-01	5.722623276890e-01	7.906572418400e-03	1.014113693237e+02	1.281931781705e-05
237	2.370000000000e+02	7.995513525526e-01	6.005423741822e-01	8.154228530593e-03	1.013100357056e+02	1.268341839022e-05
238	2.380000000000e+02	7.780479687115e-01	6.281476198812e-01	8.480921034799e-03	1.012127075195e+02	1.255418374058e-05
239	2.390000000000e+02	7.558353766387e-01	6.547029802516e-01	8.768755389168e-03	1.011336212158e+02	1.239405810338e-05
240	2.400000000000e+02	7.326562962924e-01	6.805394512697e-01	8.989258515184e-03	1.010426864624e+02	1.225715186592e-05
241	2.410000000000e+02	7.085659721338e-01	7.055843383633e-01	9.219793405307e-03	1.009588851929e+02	1.207902278111e-05
242	2.420000000000e+02	6.838503070539e-01	7.295592843300e-01	9.592089974486e-03	1.008856048584e+02	1.191885166918e-05
243	2.430000000000e+02	6.580250286667e-01	7.529316595180e-01	9.847727837815e-03	1.008016586304e+02	1.174673434434e-05
244	2.440000000000e+02	6.316880838521e-01	7.751586374037e-01	9.962508610860e-03	1.007256469727e+02	1.156274902314e-05
245	2.450000000000e+02	6.044508194744e-01	7.965786497717e-01	1.008273597257e-02	1.006502380371e+02	1.137525123340e-05
246	2.460000000000e+02	5.766962434624e-01	8.168938373630e-01	1.029083352829e-02	1.005717697144e+02	1.118970612879e-05
247	2.470000000000e+02	5.480169134728e-01	8.364037011667e-01	1.031073335982e-02	1.005001525879e+02	1.098980828829e-05
248	2.480000000000e+02	5.187742523857e-01	8.548458780441e-01	1.057354494120e-02	1.004249343872e+02	1.078969489754e-05
249	2.490000000000e+02	4.889746782447e-01	8.722342584230e-01	1.054336135731e-02	1.003618545532e+02	1.058956513589e-05
250	2.500000000000e+02	4.582974710163e-01	8.887352066133e-01	1.063769646757e-02	1.002861709595e+02	1.037731635734e-05
251	2.510000000000e+02	4.273102061225e-01	9.040432955814e-01	1.056917489644e-02	1.002260513306e+02	1.016564601741e-05
252	2.520000000000e+02	3.958895945545e-01	9.182380358474e-01	1.050421089624e-02	1.001632461548e+02	9.945858437277e-06
253	2.530000000000e+02	3.635943440797e-01	9.314989545302e-01	1.043315208174e-02	1.000986557007e+02	9.721490641823e-06
254	2.540000000000e+02	3.309089505152e-01	9.436060907494e-01	1.033498763930e-02	1.000402984619e+02	9.489442163613e-06
255	2.550000000000e+02	2.979309852562e-01	9.545325338394e-01	1.023571523868e-02	9.998204040527e+01	9.250788934878e-06
256	2.560000000000e+02	2.645988536825e-01	9.643053071795e-01	1.013514555309e-02	9.993267822266e+01	9.029839930008e-06
257	2.570000000000e+02	2.312459658647e-01	9.728446824554e-01	9.926081281247e-03	9.988393402100e+01	8.798086128081e-06
258	2.580000000000e+02	1.975515048315e-01	9.802446548414e-01	9.686051503078e-03	9.983850097656e+01	8.550357051718e-06
259	2.590000000000e+02	1.636819995534e-01	9.864684676718e-01	9.389638513418e-03	9.979352569580e+01	8.293068276544e-06
260	2.600000000000e+02	1.298700502484e-01	9.914891449295e-01	9.112932314470e-03	9.975080108643e+01	8.051664735831e-06
261	2.610000000000e+02	9.606181017917e-02	9.953366800514e-01	8.776216114318e-03	9.971192169189e+01	7.809072485543e-06
262	2.620000000000e+02	6.156496655871e-02	9.980654671977e-01	8.664760819129e-03	9.967244720459e+01	7.562330665678e-06
263	2.630000000000e+02	2.714201039074e-02	9.995975918165e-01	8.244131642249e-03	9.963085174561e+01	7.309269221878e-06
264	2.640000000000e+02	-7.119406435766e-03	9.999425934350e-01	8.007739168252e-03	9.960530090332e+01	7.069748335198e-06
265	2.650000000000e+02	-4.155915321302e-02	9.991067304906e-01	7.653618262507e-03	9.957010650635e+01	6.809682872699e-06
266	2.660000000000e+02	-7.578506641870e-02	9.970967433950e-01	7.396486937518e-03	9.955028533936e+01	6.559198482137e-06
267	2.670000000000e+02	-1.097658583191e-01	9.939331565219e-01	6.952460990312e-03	9.952455139160e+01	6.309785476333e-06
268	2.680000000000e+02	-1.438119464685e-01	9.895830157654e-01	6.601436333453e-03	9.949903106689e+01	6.063956334401e-06
269	2.690000000000e+02	-1.774889476703e-01	9.841031419410e-01	6.219282652054e-03	9.947851562500e+01	5.818467343488e-06
270	2.700000000000e+02	-2.111129439653e-01	9.774444501867e-01	5.802731214647e-03	9.946856689453e+01	5.568857432081e-06
271	2.710000000000e+02	-2.447710029065e-01	9.695665367929e-01	5.280801793675e-03	9.945413970947e+01	5.331155989552e-06
272	2.720000000000e+02	-2.779139233667e-01	9.605934186903e-01	4.912755632998e-03	9.944228363037e+01	5.091260845802e-06
273	2.730000000000e+02	-3.106892283664e-01	9.505018283676e-01	4.298563348430e-03	9.942992401123e+01	4.844302111451e-06
274	2.740000000000e+02	-3.431501617813e-01	9.392723722636e-01	3.921373720571e-03	9.942719268799e+01	4.602597982739e-06
275	2.750000000000e+02	-3.746656723136e-01	9.271544831046e-01	3.193501046402e-03	9.942959594727e+01	4.368998816062e-06
276	2.760000000000e+02	-4.060417862041e-01	9.138505237775e-01	2.699638436482e-03	9.942929077148e+01	4.140168130107e-06
277	2.770000000000e+02	-4.367260038977e-01	8.995918705802e-01	2.205426409292e-03	9.942626953125e+01	3.915126399079e-06
278	2.780000000000e+02	-4.667140524458e-01	8.844067090664e-01	1.663192097900e-03	9.943222045898e+01	3.695500026879e-06
279	2.790000000000e+02	-4.960776737939e-01	8.682773916934e-01	1.145703873796e-03	9.943894958496e+01	3.481459771137e-06
280	2.800000000000e+02	-5.252178188616e-01	8.509675989702e-01	6.230996819035e-04	9.945349121094e+01	3.272678668509e-06
281	2.810000000000e+02	-5.537161158761e-01	8.327055009875e-01	1.079084214666e-04	9.947268676758e+01	3.064815928155e-06
282	2.820000000000e+02	-5.811164272481e-01	8.138203858107e-01	-2.786062102247e-04	9.949216461182e+01	2.862050905605e-06
283	2.830000000000e+02	-6.080882017092e-01	7.938688835753e-01	-9.667641906393e-04	9.950918579102e+01	2.664484554771e-06
284	2.840000000000e+02	-6.341099191128e-01	7.732415520842e-01	-1.453483111271e-03	9.953357696533e+01	2.472271035003e-06
285	2.850000000000e+02	-6.589802780677e-01	7.521577025350e-01	-1.945156809328e-03	9.954243469238e+01	2.288503537784e-06
286	2.860000000000e+02	-6.836362293035e-01	7.298182528815e-01	-2.612229844695e-03	9.958240509033e+01	2.110034984071e-06
287	2.870000000000e+02	-7.073818496458e-01	7.068251962150e-01	-3.010114159491e-03	9.960871124268e+01	1.933042767632e-06
288	2.880000000000e+02	-7.302537374681e-01	6.831676573412e-01	-3.380957965867e-03	9.964242553711e+01	1.763397563082e-06
289	2.890000000000e+02	-7.703443005834e-01	6.376175564561e-01	-3.675630223897e-03	1.010042190552e+02	1.585300310580e-06
290	2.900000000000e+02	-7.905705211898e-01	6.123581738452e-01	-3.964587074444e-03	1.010718231201e+02	1.431765326743e-06
291	2.910000000000e+02	-8.099369476684e-01	5.865009323311e-01	-4.335571059893e-03	1.011712493896e+02	1.284717427552e-06
292	2.920000000000e+02	-8.285808678573e-01	5.598488681254e-01	-4.794817997210e-03	1.012480316162e+02	1.143796566794e-06
293	2.930000000000e+02	-8.456086243631e-01	5.337820898673e-01	-4.768116991621e-03	1.012808761597e+02	1.013070345834e-06
294	2.940000000000e+02	-8.614587567526e-01	5.078027024712e-01	-5.022526969809e-03	1.013626098633e+02	8.879087545210e-07
295	2.950000000000e+02	-8.766362548193e-01	4.811274483770e-01	-5.025450688475e-03	1.014030532837e+02	7.722719033154e-07
296	2.960000000000e+02	-8.904701194687e-01	4.550149676195e-01	-4.934123600718e-03	1.014918289185e+02	6.644029326708e-07
297	2.970000000000e+02	-9.030573370302e-01	4.294920048933e-01	-4.905483522345e-03	1.014703292847e+02	5.634510671371e-07
298	2.980000000000e+02	-9.142488061737e-01	4.051275369008e-01	-4.560619989151e-03	1.014796676636e+02	4.715765271612e-07
299	2.990000000000e+02	-9.246007720300e-01	3.809162490480e-01	-4.027849648889e-03	1.016238784790e+02	3.871044782500e-07
300	3.000000000000e+02	-9.331613805268e-01	3.594459853091e-01	-2.901988731257e-03	1.016313858032e+02	3.120962048797e-07
301	3.010000000000e+02	-9.405185586839e-01	3.397335416523e-01	-2.441607588297e-03	1.016792602539e+02	2.439095680984e-07
302	3.020000000000e+02	-9.459180217850e-01	3.244032937520e-01	-1.264541499404e-03	1.014872436523e+02	1.848460442488e-07
303	3.030000000000e+02	-9.486339315641e-01	3.163755872207e-01	-3.894816754697e-04	1.013091278076e+02	1.339525965705e-07
304	3.040000000000e+02	-9.488699843774e-01	3.156595495628e-01	2.191236528323e-03	1.013782424927e+02	9.091367303427e-08
305	3.050000000000e+02	-9.420746598044e-01	3.354007053780e-01	1.304678606855e-03	1.007448120117e+02	5.659008195380e-08
306	3.060000000000e+02	-9.187812409827e-01	3.947065306265e-01	-6.912734551521e-03	9.984534454346e+01	3.055947672692e-08
307	3.070000000000e+02	-8.410669919228e-01	5.394541384873e-01	-3.994430581282e-02	9.719322204590e+01	1.289032081075e-08
308	3.080000000000e+02	-3.871035984430e-01	8.439741898729e-01	-3.712928371256e-01	9.092973327637e+01	3.537641957152e-09
309	3.090000000000e+02	-2.904953225601e-01	-5.479380434313e-01	-7.844592839220e-01	9.024258422852e+01	2.734352522182e-09
310	3.100000000000e+02	-7.630743136267e-01	-5.757027399860e-01	-2.937412927319e-01	9.947421264648e+01	1.055559906149e-08
311	3.110000000000e+02	-8.747526871880e-01	-4.552395227772e-01	-1.660262423801e-01	1.024559860229e+02	2.635531615169e-08
312	3.120000000000e+02	-9.072387745885e-01	-4.031707439160e-01	-1.198797611501e-01	1.021010208130e+02	5.071771624898e-08
313	3.130000000000e+02	-9.178847131712e-01	-3.851025095219e-01	-9.583167788620e-02	1.028297729492e+02	8.277802265866e-08
314	3.140000000000e+02	-9.200261706213e-01	-3.835221119547e-01	-8.039051569521e-02	1.030494308472e+02	1.233370312548e-07
315	3.150000000000e+02	-9.166388159363e-01	-3.930666141176e-01	-7.260797466577e-02	1.031498184204e+02	1.710567119062e-07
316	3.160000000000e+02	-9.103818844421e-01	-4.083400637586e-01	-6.680731104630e-02	1.034125137329e+02	2.269045040748e-07
317	3.170000000000e+02	-9.024985258205e-01	-4.262151910093e-01	-6.194369899137e-02	1.034245147705e+02	2.911674528150e-07
318	3.180000000000e+02	-8.919877503965e-01	-4.481909515152e-01	-5.901460939925e-02	1.035802383423e+02	3.622920132784e-07
319	3.190000000000e+02	-8.804595283693e-01	-4.707420485438e-01	-5.650612919412e-02	1.036618423462e+02	4.422232393608e-07
320	3.200000000000e+02	-8.674789597529e-01	-4.944197661506e-01	-5.503952421313e-02	1.036806106567e+02	5.280343202685e-07
321	3.210000000000e+02	-8.529114363908e-01	-5.193137870986e-01	-5.343474715128e-02	1.038134536743e+02	6.215913117558e-07
322	3.220000000000e+02	-8.372151752401e-01	-5.443779043178e-01	-5.218666149739e-02	1.039095230103e+02	7.230790970425e-07
323	3.230000000000e+02	-8.202013377966e-01	-5.697662556625e-01	-5.134373754409e-02	1.039801712036e+02	8.315536206283e-07
324	3.240000000000e+02	-8.024167774044e-01	-5.946171225742e-01	-5.057462685462e-02	1.040596313477e+02	9.473027944296e-07
325	3.250000000000e+02	-7.833132851253e-01	-6.195990517466e-01	-5.017282552297e-02	1.041274185181e+02	1.070377834367e-06
326	3.260000000000e+02	-7.635254809718e-01	-6.438770937442e-01	-4.950886848136e-02	1.042410812378e+02	1.199810071739e-06
327	3.270000000000e+02	-7.426882352982e-01	-6.678683107392e-01	-4.864262184495e-02	1.042823791504e+02	1.336069885838e-06
328	3.280000000000e+02	-7.202841086854e-01	-6.919586277813e-01	-4.882683907850e-02	1.044194641113e+02	1.479337015553e-06
329	3.290000000000e+02	-6.977100973465e-01	-7.147529282330e-01	-4.825838417423e-02	1.044116744995e+02	1.626759853934e-06
330	3.300000000000e+02	-6.738289694836e-01	-7.373567239349e-01	-4.753505603898e-02	1.044659805298e+02	1.780485831659e-06
331	3.310000000000e+02	-6.701301565670e-01	-7.407488441252e-01	-4.708208987157e-02	1.034309921265e+02	1.951790636667e-06
332	3.320000000000e+02	-6.448079211734e-01	-7.628866761722e-01	-4.718754190515e-02	1.035915603638e+02	2.119972123182e-06
333	3.330000000000e+02	-6.195411865447e-01	-7.835921888391e-01	-4.638965148839e-02	1.035971679688e+02	2.289323219884e-06
334	3.340000000000e+02	-5.934584635867e-01	-8.035484903454e-01	-4.600951706838e-02	1.036683654785e+02	2.461453959768e-06
335	3.350000000000e+02	-5.660891478100e-01	-8.230640879588e-01	-4.591931885727e-02	1.037108383179e+02	2.640773800522e-06
336	3.360000000000e+02	-5.383292854527e-01	-8.414974224475e-01	-4.564721720035e-02	1.036987686157e+02	2.823913064276e-06
337	3.370000000000e+02	-5.088188380823e-01	-8.596826364184e-01	-4.526758943434e-02	1.039051284790e+02	3.015301899723e-06
338	3.380000000000e+02	-4.797597912171e-01	-8.762308789662e-01	-4.527680948886e-02	1.038585586548e+02	3.205369466741e-06
339	3.390000000000e+02	-4.499598026507e-01	-8.919224701771e-01	-4.483841201129e-02	1.040057601929e+02	3.397948603379e-06
340	3.400000000000e+02	-4.201302542420e-01	-9.063824939082e-01	-4.428706591414e-02	1.042059020996e+02	3.591814675019e-06
341	3.410000000000e+02	-3.892856841443e-01	-9.200701426285e-01	-4.390431372630e-02	1.042810058594e+02	3.795833208642e-06
342	3.420000000000e+02	-3.583844563003e-01	-9.325598936993e-01	-4.350432330107e-02	1.043253479004e+02	4.002947662229e-06
343	3.430000000000e+02	-3.265339656328e-01	-9.442070194305e-01	-4.299620618460e-02	1.044528198242e+02	4.211512987240e-06
344	3.440000000000e+02	-2.944762251352e-01	-9.547183810994e-01	-4.238591300178e-02	1.046022415161e+02	4.425111910678e-06
345	3.450000000000e+02	-2.618454410032e-01	-9.641919735473e-01	-4.208091221409e-02	1.045047836304e+02	4.639652615879e-06
346	3.460000000000e+02	-2.282579664550e-01	-9.727006313003e-01	-4.185430226167e-02	1.045353851318e+02	4.859697128268e-06
347	3.470000000000e+02	-1.955391971362e-01	-9.798285087611e-01	-4.123731080319e-02	1.045599975586e+02	5.077560217615e-06
348	3.480000000000e+02	-1.624512161206e-01	-9.858710812995e-01	-4.083887165714e-02	1.045706634521e+02	5.305615104589e-06
349	3.490000000000e+02	-1.285514142660e-01	-9.908900083167e-01	-4.014380784682e-02	1.045401916504e+02	5.524185780814e-06
350	3.500000000000e+02	-9.446688697930e-02	-9.947402376689e-01	-3.959629814541e-02	1.046300430298e+02	5.733322723245e-06
351	3.510000000000e+02	-6.007716359776e-02	-9.974311377716e-01	-3.901102174696e-02	1.046587753296e+02	5.952975243417e-06
352	3.520000000000e+02	-2.585802907703e-02	-9.989099609290e-01	-3.886196455429e-02	1.048445205688e+02	6.169570497150e-06
353	3.530000000000e+02	8.113026774038e-03	-9.992530542599e-01	-3.778243439560e-02	1.050087738037e+02	6.390406724677e-06
354	3.540000000000e+02	4.187052452311e-02	-9.984214894382e-01	-3.743512527294e-02	1.049657440186e+02	6.610781838390e-06
355	3.550000000000e+02	7.527180207377e-02	-9.964909106743e-01	-3.660629394200e-02	1.049486694336e+02	6.832609415142e-06
356	3.560000000000e+02	1.093168809144e-01	-9.933493427149e-01	-3.615111167144e-02	1.049743652344e+02	7.059849394864e-06
357	3.570000000000e+02	1.430890468863e-01	-9.890807557083e-01	-3.528148733634e-02	1.049936294556e+02	7.272819857462e-06
358	3.580000000000e+02	1.765866996371e-01	-9.836726216461e-01	-3.471758826815e-02	1.050493774414e+02	7.490903044527e-06
359	3.590000000000e+02	2.102478486661e-01	-9.770738556534e-01	-3.350407034674e-02	1.049569549561e+02	7.713782906649e-06
360	3.600000000000e+02	2.431989394118e-01	-9.694213503668e-01	-3.281038436146e-02	1.050038833618e+02	7.935168468975e-06
