# Filename: 151440_polarimeter_vs_wheel.dat
# Timestamp: Thu Apr 18 15:14:40 2019

# Column 1:
#	name: measurement point
#	size: 0
#	type: coordinate
# Column 2:
#	name: angle
#	type: value
# Column 3:
#	name: S1
#	type: value
# Column 4:
#	name: S2
#	type: value
# Column 5:
#	name: S3
#	type: value
# Column 6:
#	name: DOP
#	type: value
# Column 7:
#	name: power
#	type: value

0	0.000000000000e+00	-2.814919168416e-02	9.978742786322e-01	5.877539495175e-02	9.960573577881e+01	5.435648745333e-06
1	1.000000000000e+00	-2.778245839336e-02	9.978894620107e-01	5.869204898182e-02	9.960106658936e+01	5.494671768247e-06
2	2.000000000000e+00	-2.797028180377e-02	9.978819228068e-01	5.873100945203e-02	9.959793853760e+01	5.556040377996e-06
3	3.000000000000e+00	-2.818263503192e-02	9.978907113094e-01	5.847963205280e-02	9.959763336182e+01	5.614901510853e-06
4	4.000000000000e+00	-2.816697232698e-02	9.978823269296e-01	5.863005433572e-02	9.959806823730e+01	5.654538199451e-06
5	5.000000000000e+00	-2.860220727084e-02	9.978398630830e-01	5.913984597346e-02	9.959750366211e+01	5.694147603208e-06
6	6.000000000000e+00	-2.834563138831e-02	9.978658334416e-01	5.882434556372e-02	9.958751678467e+01	5.719879936805e-06
7	7.000000000000e+00	-2.855148490481e-02	9.978564535212e-01	5.888387619627e-02	9.959188842773e+01	5.742268513131e-06
8	8.000000000000e+00	-2.851003769605e-02	9.978626108502e-01	5.879955457220e-02	9.958464813232e+01	5.752364359068e-06
9	9.000000000000e+00	-2.835923329338e-02	9.978765229353e-01	5.863615660621e-02	9.959201812744e+01	5.760523436038e-06
10	1.000000000000e+01	-2.887916351720e-02	9.978475863930e-01	5.887434283503e-02	9.958509063721e+01	5.751341177529e-06
11	1.100000000000e+01	-2.844387555100e-02	9.978881379946e-01	5.839700329093e-02	9.957846069336e+01	5.738129857491e-06
12	1.200000000000e+01	-2.851415640475e-02	9.978810956184e-01	5.848300515549e-02	9.958057403564e+01	5.725794380851e-06
13	1.300000000000e+01	-2.869747745501e-02	9.978418290556e-01	5.906046879864e-02	9.958451843262e+01	5.699280791305e-06
14	1.400000000000e+01	-2.873849206777e-02	9.978668795228e-01	5.861561076366e-02	9.958747863770e+01	5.659670023306e-06
15	1.500000000000e+01	-2.867227671394e-02	9.978672506128e-01	5.864171469684e-02	9.958367919922e+01	5.600853000942e-06
16	1.600000000000e+01	-2.867288710456e-02	9.978699810126e-01	5.859493612106e-02	9.958213806152e+01	5.542428880290e-06
17	1.700000000000e+01	-2.862540409832e-02	9.978743471307e-01	5.854377489220e-02	9.958093261719e+01	5.466738912219e-06
18	1.800000000000e+01	-2.909414107764e-02	9.978547579694e-01	5.864650844469e-02	9.958574676514e+01	5.421562946140e-06
19	1.900000000000e+01	-2.894727566171e-02	9.978576112382e-01	5.867063086244e-02	9.957506561279e+01	5.342214990378e-06
20	2.000000000000e+01	-2.925626013304e-02	9.978323910550e-01	5.894565806248e-02	9.957931518555e+01	5.255218638922e-06
21	2.100000000000e+01	-2.885417760877e-02	9.978572969987e-01	5.872181247950e-02	9.957960510254e+01	5.163942660147e-06
22	2.200000000000e+01	-2.927079151086e-02	9.978290901946e-01	5.899430079029e-02	9.958168029785e+01	5.061238425697e-06
23	2.300000000000e+01	-2.904557890379e-02	9.978722569498e-01	5.837219506008e-02	9.957666778564e+01	4.962256753061e-06
24	2.400000000000e+01	-2.928114930429e-02	9.978693694843e-01	5.830382269146e-02	9.957908630371e+01	4.856579380430e-06
25	2.500000000000e+01	-2.931538209108e-02	9.978757563273e-01	5.817717170036e-02	9.958392333984e+01	4.734460162581e-06
26	2.600000000000e+01	-2.925195458532e-02	9.978715111688e-01	5.828181835375e-02	9.958249664307e+01	4.615363195626e-06
27	2.700000000000e+01	-2.961033627488e-02	9.978302683150e-01	5.880462243870e-02	9.958087158203e+01	4.500283012021e-06
28	2.800000000000e+01	-2.925183561631e-02	9.978583796089e-01	5.850627622253e-02	9.958452606201e+01	4.373323463369e-06
29	2.900000000000e+01	-2.949762416305e-02	9.978367883694e-01	5.875060804264e-02	9.958015441895e+01	4.252719463693e-06
30	3.000000000000e+01	-2.919857394467e-02	9.978697268661e-01	5.833910766998e-02	9.958341979980e+01	4.127809916099e-06
31	3.100000000000e+01	-2.921275235290e-02	9.978725161913e-01	5.828427343606e-02	9.957603454590e+01	3.989634933532e-06
32	3.200000000000e+01	-2.927731981516e-02	9.978657633284e-01	5.836743031370e-02	9.957199859619e+01	3.861810910166e-06
33	3.300000000000e+01	-2.942237959782e-02	9.978692218917e-01	5.823520910996e-02	9.958271789551e+01	3.725192300408e-06
34	3.400000000000e+01	-2.922656522434e-02	9.978809844862e-01	5.813216567453e-02	9.957726287842e+01	3.601186335800e-06
35	3.500000000000e+01	-2.990468579395e-02	9.978407652007e-01	5.847663696969e-02	9.958418273926e+01	3.473341621429e-06
36	3.600000000000e+01	-2.953550455338e-02	9.978765264434e-01	5.805249300448e-02	9.957978057861e+01	3.348190830366e-06
37	3.700000000000e+01	-2.976960434781e-02	9.978642511364e-01	5.814384714654e-02	9.958415222168e+01	3.225272848795e-06
38	3.800000000000e+01	-2.951498309256e-02	9.978526676063e-01	5.847152746469e-02	9.958888244629e+01	3.107810016445e-06
39	3.900000000000e+01	-2.924548826712e-02	9.978959105415e-01	5.786582014058e-02	9.959651184082e+01	2.992104782606e-06
40	4.000000000000e+01	-2.972653415971e-02	9.978693579249e-01	5.807820315258e-02	9.959349060059e+01	2.880045030906e-06
41	4.100000000000e+01	-2.925958778528e-02	9.979050624661e-01	5.770063108078e-02	9.957962799072e+01	2.771745585051e-06
42	4.200000000000e+01	-2.930174844715e-02	9.979141797091e-01	5.752127844020e-02	9.959391784668e+01	2.672239361345e-06
43	4.300000000000e+01	-2.955414617862e-02	9.978952573585e-01	5.772008129817e-02	9.959315490723e+01	2.578265593911e-06
44	4.400000000000e+01	-2.915651120646e-02	9.979275803893e-01	5.736237575863e-02	9.959348297119e+01	2.489885673640e-06
45	4.500000000000e+01	-2.927541780806e-02	9.979323929545e-01	5.721790807248e-02	9.959687042236e+01	2.408152795397e-06
46	4.600000000000e+01	-2.928871222775e-02	9.979050242049e-01	5.768651491186e-02	9.960838317871e+01	2.332851408937e-06
47	4.700000000000e+01	-2.929473703257e-02	9.979154507471e-01	5.750279595213e-02	9.959955596924e+01	2.266867568324e-06
48	4.800000000000e+01	-2.920992609646e-02	9.979486116276e-01	5.696796264597e-02	9.960514831543e+01	2.206789758930e-06
49	4.900000000000e+01	-2.905642265928e-02	9.979523696869e-01	5.698062950291e-02	9.961022186279e+01	2.155030870199e-06
50	5.000000000000e+01	-2.915573367821e-02	9.979419366816e-01	5.711246979265e-02	9.961547851562e+01	2.113833488693e-06
51	5.100000000000e+01	-2.865793704089e-02	9.979652861406e-01	5.695621390985e-02	9.959620666504e+01	2.078992793031e-06
52	5.200000000000e+01	-2.905254727578e-02	9.979471678140e-01	5.707363444530e-02	9.960521697998e+01	2.051735236819e-06
53	5.300000000000e+01	-2.904543930272e-02	9.979405671969e-01	5.719254145868e-02	9.961221313477e+01	2.036016894635e-06
54	5.400000000000e+01	-2.890675145802e-02	9.979369022222e-01	5.732659856737e-02	9.960675811768e+01	2.027111122516e-06
55	5.500000000000e+01	-2.877773702902e-02	9.979411700309e-01	5.731721389714e-02	9.961831665039e+01	2.027698656093e-06
56	5.600000000000e+01	-2.880988618447e-02	9.979399396175e-01	5.732248576431e-02	9.962754058838e+01	2.041613470283e-06
57	5.700000000000e+01	-2.803241953140e-02	9.979920850451e-01	5.679772568066e-02	9.959140777588e+01	2.055608092633e-06
58	5.800000000000e+01	-2.797389368110e-02	9.979918027738e-01	5.683153058530e-02	9.959844207764e+01	2.084621883114e-06
59	5.900000000000e+01	-2.776451559655e-02	9.979662804976e-01	5.737974088064e-02	9.960675811768e+01	2.123652620867e-06
60	6.000000000000e+01	-2.810412468173e-02	9.979833644966e-01	5.691539654576e-02	9.959603881836e+01	2.169288109144e-06
61	6.100000000000e+01	-2.774317184945e-02	9.979926338702e-01	5.692994955682e-02	9.960611724854e+01	2.220677060905e-06
62	6.200000000000e+01	-2.795618235155e-02	9.979482543754e-01	5.759976959599e-02	9.959428405762e+01	2.283750518473e-06
63	6.300000000000e+01	-2.776711403937e-02	9.979640752071e-01	5.741682657471e-02	9.960455322266e+01	2.357367975492e-06
64	6.400000000000e+01	-2.746646186774e-02	9.979750227749e-01	5.737113725418e-02	9.958659362793e+01	2.433923782519e-06
65	6.500000000000e+01	-2.746158779589e-02	9.979718805480e-01	5.742810140764e-02	9.958713531494e+01	2.522070190025e-06
66	6.600000000000e+01	-2.759065910222e-02	9.979456195596e-01	5.782124118470e-02	9.958337402344e+01	2.606669113447e-06
67	6.700000000000e+01	-2.708008225025e-02	9.979780641709e-01	5.750176153044e-02	9.958036804199e+01	2.705334281927e-06
68	6.800000000000e+01	-2.709500594215e-02	9.979399544480e-01	5.815245454187e-02	9.959019470215e+01	2.806014435919e-06
69	6.900000000000e+01	-2.690963924220e-02	9.979452145826e-01	5.814825885260e-02	9.957864379883e+01	2.915292043326e-06
70	7.000000000000e+01	-2.712904498809e-02	9.979397962328e-01	5.813929835238e-02	9.957373046875e+01	3.030477500943e-06
71	7.100000000000e+01	-2.746445652840e-02	9.979214873765e-01	5.829587172203e-02	9.957518768311e+01	3.152872068313e-06
72	7.200000000000e+01	-2.734770048317e-02	9.979264025660e-01	5.826661428283e-02	9.958255004883e+01	3.274556092947e-06
73	7.300000000000e+01	-2.720345167465e-02	9.979277159325e-01	5.831162826338e-02	9.956140899658e+01	3.398996113901e-06
74	7.400000000000e+01	-2.675357967492e-02	9.979523961404e-01	5.809699658596e-02	9.956335449219e+01	3.534981715347e-06
75	7.500000000000e+01	-2.715982102929e-02	9.979076952643e-01	5.867346805863e-02	9.957534790039e+01	3.667305691124e-06
76	7.600000000000e+01	-2.735749983771e-02	9.979297470083e-01	5.820470117256e-02	9.957571411133e+01	3.802707169598e-06
77	7.700000000000e+01	-2.739656126273e-02	9.978945512823e-01	5.878684335941e-02	9.956626129150e+01	3.941663635487e-06
78	7.800000000000e+01	-2.735010315084e-02	9.978927671035e-01	5.883873911035e-02	9.956991577148e+01	4.077689027326e-06
79	7.900000000000e+01	-2.702503960118e-02	9.979245547637e-01	5.844852636510e-02	9.956772613525e+01	4.212902695144e-06
80	8.000000000000e+01	-2.726941952649e-02	9.978939894642e-01	5.885545471740e-02	9.956959533691e+01	4.354286375019e-06
81	8.100000000000e+01	-2.707903244941e-02	9.979050719737e-01	5.875536852774e-02	9.957087707520e+01	4.492387233768e-06
82	8.200000000000e+01	-2.688972509016e-02	9.979069586030e-01	5.881024278395e-02	9.957128143311e+01	4.624242592399e-06
83	8.300000000000e+01	-2.773200617570e-02	9.978588505079e-01	5.923386106339e-02	9.956702423096e+01	4.754207111546e-06
84	8.400000000000e+01	-2.705543383592e-02	9.979027959067e-01	5.880487583199e-02	9.955680084229e+01	4.878921117779e-06
85	8.500000000000e+01	-2.691763771490e-02	9.978719946786e-01	5.938790294393e-02	9.956501770020e+01	5.003699243389e-06
86	8.600000000000e+01	-2.729711273910e-02	9.978612052476e-01	5.939598216978e-02	9.956423950195e+01	5.122756192577e-06
87	8.700000000000e+01	-2.687274965461e-02	9.978938330561e-01	5.904026824703e-02	9.956105804443e+01	5.239352503850e-06
88	8.800000000000e+01	-2.711124280049e-02	9.978817001791e-01	5.913622376712e-02	9.957529449463e+01	5.353861979529e-06
89	8.900000000000e+01	-2.676885739275e-02	9.978973031644e-01	5.902881170301e-02	9.955989837646e+01	5.453720405058e-06
90	9.000000000000e+01	-2.746676085507e-02	9.978747598994e-01	5.908925963143e-02	9.956005859375e+01	5.549796242121e-06
91	9.100000000000e+01	-2.747347099031e-02	9.978431800597e-01	5.961708144624e-02	9.956508636475e+01	5.642401447403e-06
92	9.200000000000e+01	-2.723211587547e-02	9.978719274290e-01	5.924549193096e-02	9.956536102295e+01	5.727115421905e-06
93	9.300000000000e+01	-2.767667811541e-02	9.978393020145e-01	5.958799244511e-02	9.957501220703e+01	5.800148755952e-06
94	9.400000000000e+01	-2.742106148800e-02	9.978473356281e-01	5.957163894618e-02	9.956283569336e+01	5.871907433175e-06
95	9.500000000000e+01	-2.773254583954e-02	9.978256382519e-01	5.979048041674e-02	9.957184600830e+01	5.930123279541e-06
96	9.600000000000e+01	-2.739803399754e-02	9.978271125659e-01	5.991995628705e-02	9.957536315918e+01	5.977268756396e-06
97	9.700000000000e+01	-2.741723391590e-02	9.978580559201e-01	5.939356463320e-02	9.956909942627e+01	6.021917215548e-06
98	9.800000000000e+01	-2.712624302008e-02	9.978660742683e-01	5.939246386471e-02	9.957132720947e+01	6.054232471797e-06
99	9.900000000000e+01	-2.751118538604e-02	9.978269134612e-01	5.987140762665e-02	9.957147216797e+01	6.077903890400e-06
100	1.000000000000e+02	-2.727526736502e-02	9.978452258478e-01	5.967382209096e-02	9.956804656982e+01	6.094627678976e-06
101	1.010000000000e+02	-2.707744595044e-02	9.978564073258e-01	5.957686027079e-02	9.956744384766e+01	6.101544840931e-06
102	1.020000000000e+02	-2.777913316307e-02	9.978082343589e-01	6.005869800662e-02	9.956960296631e+01	6.091848263168e-06
103	1.030000000000e+02	-2.753774890754e-02	9.978402652160e-01	5.963620962802e-02	9.956219482422e+01	6.077791113057e-06
104	1.040000000000e+02	-2.737200329058e-02	9.978040132280e-01	6.031521053585e-02	9.957220458984e+01	6.059930001356e-06
105	1.050000000000e+02	-2.773661999924e-02	9.978286970240e-01	5.973752008867e-02	9.957263183594e+01	6.025963557477e-06
106	1.060000000000e+02	-2.743137739406e-02	9.978017715206e-01	6.032532042743e-02	9.956472778320e+01	5.992241312924e-06
107	1.070000000000e+02	-2.738063525783e-02	9.978326936419e-01	5.983490880999e-02	9.956949615479e+01	5.948863417871e-06
108	1.080000000000e+02	-2.763577410262e-02	9.977979520112e-01	6.029519841504e-02	9.957112884521e+01	5.885250175197e-06
109	1.090000000000e+02	-2.772081674185e-02	9.977959260357e-01	6.028968656265e-02	9.957054901123e+01	5.819373200211e-06
110	1.100000000000e+02	-2.735047499077e-02	9.978190081736e-01	6.007643835425e-02	9.957068634033e+01	5.743730980612e-06
111	1.110000000000e+02	-2.752759829889e-02	9.978000837579e-01	6.030940378349e-02	9.956553649902e+01	5.662497642334e-06
112	1.120000000000e+02	-2.700231190319e-02	9.978316210347e-01	6.002442182349e-02	9.957461547852e+01	5.571998826781e-06
113	1.130000000000e+02	-2.721631610173e-02	9.978240586687e-01	6.005347683303e-02	9.956182098389e+01	5.471552867675e-06
114	1.140000000000e+02	-2.757040878512e-02	9.977806654657e-01	6.061036365301e-02	9.958551788330e+01	5.372367013479e-06
115	1.150000000000e+02	-2.747890193493e-02	9.978134506853e-01	6.011012876317e-02	9.957708740234e+01	5.268156655802e-06
116	1.160000000000e+02	-2.727832701877e-02	9.977771821998e-01	6.079956871888e-02	9.957717132568e+01	5.160603450349e-06
117	1.170000000000e+02	-2.749770328701e-02	9.978057203503e-01	6.022973310752e-02	9.958152770996e+01	5.046075784776e-06
118	1.180000000000e+02	-2.767045410658e-02	9.977683059457e-01	6.076803123151e-02	9.958179473877e+01	4.921892013954e-06
119	1.190000000000e+02	-2.724530330139e-02	9.978045923193e-01	6.036297701927e-02	9.958338928223e+01	4.800372153113e-06
120	1.200000000000e+02	-2.727668427016e-02	9.977949103289e-01	6.050867224662e-02	9.958049011230e+01	4.673918738263e-06
121	1.210000000000e+02	-2.745250257540e-02	9.977818449317e-01	6.064445586465e-02	9.957546997070e+01	4.542780970951e-06
122	1.220000000000e+02	-2.689474518519e-02	9.978169315100e-01	6.031619909578e-02	9.958496093750e+01	4.414838713274e-06
123	1.230000000000e+02	-2.729507678127e-02	9.977770587098e-01	6.079407780289e-02	9.959411621094e+01	4.281240308046e-06
124	1.240000000000e+02	-2.706493624170e-02	9.977824888297e-01	6.080784662432e-02	9.958742523193e+01	4.148609605181e-06
125	1.250000000000e+02	-2.717261904056e-02	9.978209782870e-01	6.012440490273e-02	9.959494781494e+01	4.014277692477e-06
126	1.260000000000e+02	-2.689209484768e-02	9.978221968088e-01	6.023021492915e-02	9.958999633789e+01	3.885099431500e-06
127	1.270000000000e+02	-2.689849420634e-02	9.978129648135e-01	6.038011476911e-02	9.958861541748e+01	3.754008048418e-06
128	1.280000000000e+02	-2.671420479399e-02	9.977979513634e-01	6.070913866382e-02	9.959439086914e+01	3.624204055086e-06
129	1.290000000000e+02	-2.696768309138e-02	9.977852157419e-01	6.080630983336e-02	9.959506225586e+01	3.495020109767e-06
130	1.300000000000e+02	-2.634650656690e-02	9.978205824147e-01	6.049749500065e-02	9.960350036621e+01	3.376177119208e-06
131	1.310000000000e+02	-2.699826026442e-02	9.977703377342e-01	6.103644059535e-02	9.961431121826e+01	3.257753405705e-06
132	1.320000000000e+02	-2.663008489103e-02	9.978195140368e-01	6.039086012087e-02	9.959142303467e+01	3.141562046949e-06
133	1.330000000000e+02	-2.691315408602e-02	9.978043624652e-01	6.051558793012e-02	9.961024475098e+01	3.033135953956e-06
134	1.340000000000e+02	-2.669693571199e-02	9.978084777399e-01	6.054349984843e-02	9.961799621582e+01	2.932938969025e-06
135	1.350000000000e+02	-2.646788432023e-02	9.977698731017e-01	6.127586335702e-02	9.960158538818e+01	2.839001126631e-06
136	1.360000000000e+02	-2.641865589113e-02	9.978087124917e-01	6.066158501446e-02	9.962414550781e+01	2.751518650257e-06
137	1.370000000000e+02	-2.622136044732e-02	9.978143537713e-01	6.065439525953e-02	9.962246704102e+01	2.667440867299e-06
138	1.380000000000e+02	-2.601120812395e-02	9.978215385911e-01	6.062667874557e-02	9.961950683594e+01	2.591959173515e-06
139	1.390000000000e+02	-2.641998938715e-02	9.977887742398e-01	6.098808212863e-02	9.962624359131e+01	2.523416242184e-06
140	1.400000000000e+02	-2.610698594724e-02	9.978284409750e-01	6.047170963432e-02	9.963250732422e+01	2.461331860104e-06
141	1.410000000000e+02	-2.538302489644e-02	9.978542489338e-01	6.035395539490e-02	9.962427520752e+01	2.407411784588e-06
142	1.420000000000e+02	-2.582871173859e-02	9.978339148639e-01	6.050087600413e-02	9.964019012451e+01	2.366840590184e-06
143	1.430000000000e+02	-2.520894918300e-02	9.978686896872e-01	6.018793087472e-02	9.963237762451e+01	2.330837560294e-06
144	1.440000000000e+02	-2.616517808357e-02	9.978115377067e-01	6.072494277655e-02	9.964696502686e+01	2.303111841684e-06
145	1.450000000000e+02	-2.577612977368e-02	9.978726393749e-01	5.988143886814e-02	9.961968231201e+01	2.281400838910e-06
146	1.460000000000e+02	-2.529560145469e-02	9.978514865228e-01	6.043627545763e-02	9.962080383301e+01	2.279511363668e-06
147	1.470000000000e+02	-2.507832970408e-02	9.979035704760e-01	5.966189244871e-02	9.963448333740e+01	2.276396344314e-06
148	1.480000000000e+02	-2.582835373386e-02	9.978611777374e-01	6.004969698477e-02	9.963608551025e+01	2.288431005582e-06
149	1.490000000000e+02	-2.578379835537e-02	9.978658177792e-01	5.999171151245e-02	9.962282562256e+01	2.304174131496e-06
150	1.500000000000e+02	-2.566484242857e-02	9.978624063445e-01	6.009936661434e-02	9.963889312744e+01	2.332366648261e-06
151	1.510000000000e+02	-2.558204231757e-02	9.979104355344e-01	5.933229948768e-02	9.962348175049e+01	2.367574325035e-06
152	1.520000000000e+02	-2.544993123356e-02	9.979179158384e-01	5.926326221951e-02	9.962660217285e+01	2.412411504338e-06
153	1.530000000000e+02	-2.584037459679e-02	9.978838114530e-01	5.966719266686e-02	9.963578033447e+01	2.469447736075e-06
154	1.540000000000e+02	-2.578426751093e-02	9.979045587805e-01	5.934360213254e-02	9.962458038330e+01	2.524559931771e-06
155	1.550000000000e+02	-2.530583589753e-02	9.979352481197e-01	5.903266239870e-02	9.962168121338e+01	2.588881216070e-06
156	1.560000000000e+02	-2.577349545180e-02	9.979302359641e-01	5.891494785490e-02	9.961025238037e+01	2.661598273335e-06
157	1.570000000000e+02	-2.604691226551e-02	9.979312444340e-01	5.877745948737e-02	9.962052154541e+01	2.745818164840e-06
158	1.580000000000e+02	-2.557048259963e-02	9.979419000460e-01	5.880573570753e-02	9.960624694824e+01	2.831416622939e-06
159	1.590000000000e+02	-2.572966819380e-02	9.979374547647e-01	5.881173821918e-02	9.961305999756e+01	2.926084562205e-06
160	1.600000000000e+02	-2.640121110914e-02	9.978981472558e-01	5.917992696386e-02	9.962022399902e+01	3.024506895599e-06
161	1.610000000000e+02	-2.628530363979e-02	9.979351196510e-01	5.860528798463e-02	9.960772705078e+01	3.126476713078e-06
162	1.620000000000e+02	-2.597362780367e-02	9.979357225823e-01	5.873384248412e-02	9.959854125977e+01	3.233718416595e-06
163	1.630000000000e+02	-2.651143408100e-02	9.979077637069e-01	5.896811847520e-02	9.959909057617e+01	3.347763367856e-06
164	1.640000000000e+02	-2.663318483585e-02	9.979257026715e-01	5.860857798169e-02	9.960035705566e+01	3.463156872385e-06
165	1.650000000000e+02	-2.664614165253e-02	9.978930185791e-01	5.915662774496e-02	9.959648132324e+01	3.584514388422e-06
166	1.660000000000e+02	-2.640850855264e-02	9.979126176390e-01	5.893214939965e-02	9.958304595947e+01	3.705800963871e-06
167	1.670000000000e+02	-2.710523679722e-02	9.978808839447e-01	5.915274800026e-02	9.960014343262e+01	3.833232767647e-06
168	1.680000000000e+02	-2.677854741883e-02	9.979214443919e-01	5.861484642129e-02	9.959371948242e+01	3.951254711865e-06
169	1.690000000000e+02	-2.667062243995e-02	9.979184146484e-01	5.871554823338e-02	9.959308624268e+01	4.069828264619e-06
170	1.700000000000e+02	-2.685329285145e-02	9.979120155211e-01	5.874104137439e-02	9.959208679199e+01	4.191873358650e-06
171	1.710000000000e+02	-2.723018242684e-02	9.978936607118e-01	5.887919051874e-02	9.959548950195e+01	4.312119472161e-06
172	1.720000000000e+02	-2.717729683910e-02	9.979195060900e-01	5.846412491083e-02	9.958901214600e+01	4.428099146025e-06
173	1.730000000000e+02	-2.719591818923e-02	9.978952631880e-01	5.886786679267e-02	9.959209442139e+01	4.543193881545e-06
174	1.740000000000e+02	-2.699599910361e-02	9.979079203836e-01	5.874519953177e-02	9.958483886719e+01	4.658654233936e-06
175	1.750000000000e+02	-2.740798033369e-02	9.978842482575e-01	5.895616756207e-02	9.959043121338e+01	4.764955065184e-06
176	1.760000000000e+02	-2.750664106890e-02	9.979032497307e-01	5.858744638598e-02	9.958693695068e+01	4.869515578321e-06
177	1.770000000000e+02	-2.763325572124e-02	9.978750662250e-01	5.900640121824e-02	9.958786010742e+01	4.966702817910e-06
178	1.780000000000e+02	-2.746409840661e-02	9.978891480382e-01	5.884701799036e-02	9.958631896973e+01	5.058000169811e-06
179	1.790000000000e+02	-2.757533766088e-02	9.978772308642e-01	5.899688869579e-02	9.958908843994e+01	5.151804543857e-06
180	1.800000000000e+02	-2.751619590235e-02	9.979073573840e-01	5.851294764360e-02	9.958720397949e+01	5.230905117060e-06
181	1.810000000000e+02	-2.734109154089e-02	9.979035996913e-01	5.865893313495e-02	9.957717132568e+01	5.311554559739e-06
182	1.820000000000e+02	-2.735923211906e-02	9.979056230091e-01	5.861603862922e-02	9.958230590820e+01	5.384199994296e-06
183	1.830000000000e+02	-2.774260629781e-02	9.978957511438e-01	5.860390469022e-02	9.958094787598e+01	5.443770533020e-06
184	1.840000000000e+02	-2.783073788790e-02	9.978706654631e-01	5.898800756737e-02	9.957720184326e+01	5.500551196747e-06
185	1.850000000000e+02	-2.772258297926e-02	9.978786467104e-01	5.890386092871e-02	9.957884216309e+01	5.553298706218e-06
186	1.860000000000e+02	-2.790639824597e-02	9.978705148397e-01	5.895480091209e-02	9.958538818359e+01	5.593261903414e-06
187	1.870000000000e+02	-2.789358324727e-02	9.978877882808e-01	5.866779366578e-02	9.958169555664e+01	5.625598532788e-06
188	1.880000000000e+02	-2.806505571734e-02	9.978662671837e-01	5.895138220970e-02	9.958370971680e+01	5.645882083627e-06
189	1.890000000000e+02	-2.803707236370e-02	9.978689436638e-01	5.891938428492e-02	9.957653808594e+01	5.655939730786e-06
190	1.900000000000e+02	-2.800062376579e-02	9.978921995763e-01	5.854163555523e-02	9.956915283203e+01	5.663781848853e-06
191	1.910000000000e+02	-2.800934345656e-02	9.978806890192e-01	5.873335646546e-02	9.957778930664e+01	5.664752734447e-06
192	1.920000000000e+02	-2.798999639948e-02	9.978688939076e-01	5.894260490623e-02	9.957872009277e+01	5.657891961164e-06
193	1.930000000000e+02	-2.800342885751e-02	9.978642121009e-01	5.901544018658e-02	9.957659912109e+01	5.635396519210e-06
194	1.940000000000e+02	-2.824240957040e-02	9.978554192338e-01	5.905022106141e-02	9.957814025879e+01	5.606847025774e-06
195	1.950000000000e+02	-2.843651568585e-02	9.978258713537e-01	5.945498324663e-02	9.958188629150e+01	5.571180736297e-06
196	1.960000000000e+02	-2.849391345770e-02	9.978334985146e-01	5.929929289654e-02	9.958407592773e+01	5.525579126697e-06
197	1.970000000000e+02	-2.845980690476e-02	9.978452333650e-01	5.911792995165e-02	9.958158111572e+01	5.471234544530e-06
198	1.980000000000e+02	-2.808225688588e-02	9.978773830583e-01	5.875470388767e-02	9.957123565674e+01	5.410724952526e-06
199	1.990000000000e+02	-2.821731260386e-02	9.978519909154e-01	5.912011075495e-02	9.957605743408e+01	5.340400548448e-06
200	2.000000000000e+02	-2.815529441379e-02	9.978737687957e-01	5.878112746453e-02	9.958159637451e+01	5.260926627670e-06
201	2.010000000000e+02	-2.847590604248e-02	9.978548560559e-01	5.894751072573e-02	9.957713317871e+01	5.173371846467e-06
202	2.020000000000e+02	-2.903794785037e-02	9.978248139276e-01	5.918140159688e-02	9.958639526367e+01	5.083446922072e-06
203	2.030000000000e+02	-2.876079901407e-02	9.978333889074e-01	5.917215917651e-02	9.959145355225e+01	4.988260116079e-06
204	2.040000000000e+02	-2.885687028496e-02	9.978630366509e-01	5.862287201454e-02	9.958208465576e+01	4.887477643933e-06
205	2.050000000000e+02	-2.848564104028e-02	9.978744499223e-01	5.861015651540e-02	9.958702087402e+01	4.782451469509e-06
206	2.060000000000e+02	-2.846115200254e-02	9.978690817404e-01	5.871335906990e-02	9.958300018311e+01	4.670634098147e-06
207	2.070000000000e+02	-2.814711920927e-02	9.978856651997e-01	5.858275231849e-02	9.958749389648e+01	4.560567504086e-06
208	2.080000000000e+02	-2.837969386320e-02	9.978524842455e-01	5.903399581091e-02	9.958798980713e+01	4.448786512512e-06
209	2.090000000000e+02	-2.857334630357e-02	9.978722171220e-01	5.860547907034e-02	9.958679962158e+01	4.324995188654e-06
210	2.100000000000e+02	-2.890764434615e-02	9.978391823815e-01	5.900266267294e-02	9.958833312988e+01	4.200287548883e-06
211	2.110000000000e+02	-2.874176197988e-02	9.978649806482e-01	5.864632566750e-02	9.959039306641e+01	4.079983227712e-06
212	2.120000000000e+02	-2.929107802592e-02	9.978225179619e-01	5.909530773550e-02	9.959901428223e+01	3.956136424677e-06
213	2.130000000000e+02	-2.899278262388e-02	9.978264738930e-01	5.917555706468e-02	9.959136199951e+01	3.829898105323e-06
214	2.140000000000e+02	-2.902462321149e-02	9.978330446057e-01	5.904901642226e-02	9.959416961670e+01	3.707463974933e-06
215	2.150000000000e+02	-2.868191913128e-02	9.978649752918e-01	5.867570707549e-02	9.959108734131e+01	3.590311735024e-06
216	2.160000000000e+02	-2.865855219852e-02	9.978801950869e-01	5.842776428395e-02	9.960011291504e+01	3.463362645562e-06
217	2.170000000000e+02	-2.921623542719e-02	9.978552142066e-01	5.857800840119e-02	9.960849761963e+01	3.339434897498e-06
218	2.180000000000e+02	-2.906627734529e-02	9.978888857226e-01	5.807687381964e-02	9.959928894043e+01	3.220219014111e-06
219	2.190000000000e+02	-2.908103581871e-02	9.978659529071e-01	5.846223896225e-02	9.959314727783e+01	3.107207021458e-06
220	2.200000000000e+02	-2.875805530460e-02	9.979043006888e-01	5.796534241968e-02	9.959845733643e+01	2.998408035637e-06
221	2.210000000000e+02	-2.909718052431e-02	9.978860240087e-01	5.811055991534e-02	9.959634399414e+01	2.891455096687e-06
222	2.220000000000e+02	-2.932083483198e-02	9.978712355862e-01	5.825191700144e-02	9.961796569824e+01	2.794636429826e-06
223	2.230000000000e+02	-2.930931978388e-02	9.979048043312e-01	5.767985147791e-02	9.960549163818e+01	2.696028104765e-06
224	2.240000000000e+02	-2.904958673614e-02	9.979139981285e-01	5.765217992077e-02	9.961914062500e+01	2.612187017803e-06
225	2.250000000000e+02	-2.916606135576e-02	9.978903042638e-01	5.800242685669e-02	9.962573242188e+01	2.537207819842e-06
226	2.260000000000e+02	-2.833834753114e-02	9.979465041538e-01	5.744312758295e-02	9.962314605713e+01	2.467633976266e-06
227	2.270000000000e+02	-2.883405121039e-02	9.979109389750e-01	5.781310720566e-02	9.963830566406e+01	2.403583266641e-06
228	2.280000000000e+02	-2.851481081793e-02	9.979133055962e-01	5.793047624616e-02	9.962813568115e+01	2.340872697459e-06
229	2.290000000000e+02	-2.845033638142e-02	9.979514996833e-01	5.730080836805e-02	9.963319396973e+01	2.285160235260e-06
230	2.300000000000e+02	-2.875281615343e-02	9.979163231256e-01	5.776060597589e-02	9.963177490234e+01	2.246832991659e-06
231	2.310000000000e+02	-2.865362687466e-02	9.979217090397e-01	5.771682851879e-02	9.962081146240e+01	2.215956328655e-06
232	2.320000000000e+02	-2.790596730303e-02	9.979835051135e-01	5.701035441323e-02	9.962204742432e+01	2.200428525612e-06
233	2.330000000000e+02	-2.813726567983e-02	9.979701083357e-01	5.713105240100e-02	9.962269592285e+01	2.194482476625e-06
234	2.340000000000e+02	-2.834052951277e-02	9.979484096289e-01	5.740893751077e-02	9.962970733643e+01	2.197735057052e-06
235	2.350000000000e+02	-2.772609833550e-02	9.979716733965e-01	5.730447250630e-02	9.962882995605e+01	2.205216333095e-06
236	2.360000000000e+02	-2.710093133737e-02	9.980112469660e-01	5.691300774033e-02	9.962745666504e+01	2.229926394648e-06
237	2.370000000000e+02	-2.696616614192e-02	9.979652650457e-01	5.777677427796e-02	9.963359832764e+01	2.261730742248e-06
238	2.380000000000e+02	-2.688006980184e-02	9.980076301311e-01	5.708092542692e-02	9.963009643555e+01	2.300741243744e-06
239	2.390000000000e+02	-2.680624992308e-02	9.979973166711e-01	5.729555726607e-02	9.962554168701e+01	2.348206862735e-06
240	2.400000000000e+02	-2.625735255175e-02	9.980149880500e-01	5.724189955416e-02	9.962673187256e+01	2.410482238702e-06
241	2.410000000000e+02	-2.651497119301e-02	9.979658205491e-01	5.797566143091e-02	9.964559936523e+01	2.478477426848e-06
242	2.420000000000e+02	-2.703647018022e-02	9.979439805140e-01	5.811059314860e-02	9.962422180176e+01	2.554730372140e-06
243	2.430000000000e+02	-2.664135708209e-02	9.979728068089e-01	5.779718819165e-02	9.962761688232e+01	2.640702859935e-06
244	2.440000000000e+02	-2.730739536184e-02	9.979259749794e-01	5.829283506554e-02	9.962516021729e+01	2.736240958257e-06
245	2.450000000000e+02	-2.665101597237e-02	9.979809366802e-01	5.765217576650e-02	9.961842346191e+01	2.838824002538e-06
246	2.460000000000e+02	-2.653258626881e-02	9.979831423042e-01	5.766861835151e-02	9.962915039062e+01	2.955517174996e-06
247	2.470000000000e+02	-2.682246726845e-02	9.979376782418e-01	5.831762679522e-02	9.962850952148e+01	3.079245061599e-06
248	2.480000000000e+02	-2.584863818717e-02	9.979872463735e-01	5.790771951811e-02	9.962135314941e+01	3.199708771717e-06
249	2.490000000000e+02	-2.630854627274e-02	9.979239674678e-01	5.878448389141e-02	9.963150024414e+01	3.333359472890e-06
250	2.500000000000e+02	-2.669975526288e-02	9.978989497639e-01	5.903227192905e-02	9.961688995361e+01	3.465405143288e-06
251	2.510000000000e+02	-2.636372578991e-02	9.979288206539e-01	5.867727729493e-02	9.961303710938e+01	3.604458697737e-06
252	2.520000000000e+02	-2.711039919482e-02	9.978751213178e-01	5.924751902420e-02	9.962511444092e+01	3.754761792152e-06
253	2.530000000000e+02	-2.689152200947e-02	9.979292293410e-01	5.843029411872e-02	9.961927795410e+01	3.902918706444e-06
254	2.540000000000e+02	-2.686550206225e-02	9.978814661856e-01	5.925220875331e-02	9.961822509766e+01	4.055904355482e-06
255	2.550000000000e+02	-2.666696932239e-02	9.979061134837e-01	5.892589769319e-02	9.962599945068e+01	4.212588919472e-06
256	2.560000000000e+02	-2.615088434708e-02	9.979307417205e-01	5.873981594320e-02	9.961308288574e+01	4.370471287984e-06
257	2.570000000000e+02	-2.670027158093e-02	9.978784890061e-01	5.937690355976e-02	9.961920166016e+01	4.529985744739e-06
258	2.580000000000e+02	-2.631676889380e-02	9.978828050903e-01	5.947549899061e-02	9.961068725586e+01	4.690565219789e-06
259	2.590000000000e+02	-2.626409288632e-02	9.979173902097e-01	5.891587003427e-02	9.960698699951e+01	4.847814579989e-06
260	2.600000000000e+02	-2.674596229987e-02	9.978815378297e-01	5.930505846232e-02	9.961347198486e+01	5.004776085116e-06
261	2.610000000000e+02	-2.693152620047e-02	9.978741976909e-01	5.934457413472e-02	9.960243225098e+01	5.155204689800e-06
262	2.620000000000e+02	-2.647866493753e-02	9.979156099509e-01	5.884994239055e-02	9.959660339355e+01	5.304635578796e-06
263	2.630000000000e+02	-2.674459683576e-02	9.979000497495e-01	5.899336615337e-02	9.960778808594e+01	5.450303888210e-06
264	2.640000000000e+02	-2.720553901133e-02	9.978481958735e-01	5.965598577729e-02	9.960977172852e+01	5.598451025435e-06
265	2.650000000000e+02	-2.689416700803e-02	9.978596132975e-01	5.960617359597e-02	9.959988403320e+01	5.736850198446e-06
266	2.660000000000e+02	-2.737059398949e-02	9.978253467300e-01	5.996188796001e-02	9.960832977295e+01	5.874121143279e-06
267	2.670000000000e+02	-2.661277093750e-02	9.978732731201e-01	5.950370757833e-02	9.960201263428e+01	6.005595878378e-06
268	2.680000000000e+02	-2.673132953391e-02	9.978316812532e-01	6.014459168367e-02	9.960151672363e+01	6.131401278253e-06
269	2.690000000000e+02	-2.707414480551e-02	9.978229547162e-01	6.013602684258e-02	9.960392761230e+01	6.239373760764e-06
270	2.700000000000e+02	-2.707303654909e-02	9.978409166137e-01	5.983774580976e-02	9.960816955566e+01	6.352143373078e-06
271	2.710000000000e+02	-2.735982835440e-02	9.978206726319e-01	6.004452565252e-02	9.961031341553e+01	6.448532076320e-06
272	2.720000000000e+02	-2.672539714037e-02	9.978335860207e-01	6.011561990705e-02	9.960250854492e+01	6.538327397720e-06
273	2.730000000000e+02	-2.651327886627e-02	9.978670927115e-01	5.965158277192e-02	9.959670257568e+01	6.616685368499e-06
274	2.740000000000e+02	-2.692827320536e-02	9.978324940344e-01	6.004316739873e-02	9.960813903809e+01	6.699616733385e-06
275	2.750000000000e+02	-2.748825018634e-02	9.978004414035e-01	6.032143264734e-02	9.960990905762e+01	6.759256848454e-06
276	2.760000000000e+02	-2.722528533727e-02	9.978360204125e-01	5.985031500058e-02	9.959780883789e+01	6.814439984737e-06
277	2.770000000000e+02	-2.708113359424e-02	9.978355004029e-01	5.992433845297e-02	9.960900115967e+01	6.855456831545e-06
278	2.780000000000e+02	-2.662950917573e-02	9.978427816916e-01	6.000543531302e-02	9.959925079346e+01	6.890498752909e-06
279	2.790000000000e+02	-2.687053952604e-02	9.978216370545e-01	6.024910564859e-02	9.960887145996e+01	6.921091880940e-06
280	2.800000000000e+02	-2.750421670881e-02	9.977815311075e-01	6.062618447493e-02	9.960171508789e+01	6.931468760740e-06
281	2.810000000000e+02	-2.683634995266e-02	9.977962578441e-01	6.068309611110e-02	9.960938262939e+01	6.930159543117e-06
282	2.820000000000e+02	-2.721509446131e-02	9.977890195450e-01	6.063341577754e-02	9.960041046143e+01	6.930225936230e-06
283	2.830000000000e+02	-2.684603302725e-02	9.978201103269e-01	6.028530449331e-02	9.960354614258e+01	6.913885499671e-06
284	2.840000000000e+02	-2.676380956661e-02	9.978181748682e-01	6.035385986202e-02	9.961025238037e+01	6.876452516735e-06
285	2.850000000000e+02	-2.667287839770e-02	9.978286984860e-01	6.021998037028e-02	9.959601593018e+01	6.839167326689e-06
286	2.860000000000e+02	-2.725104072832e-02	9.978150596455e-01	6.018710429930e-02	9.960266113281e+01	6.783352091588e-06
287	2.870000000000e+02	-2.738962385855e-02	9.977532496385e-01	6.114132269339e-02	9.960037994385e+01	6.679202215309e-06
288	2.880000000000e+02	-2.675958525874e-02	9.978093967393e-01	6.050068078651e-02	9.960334777832e+01	6.665894034086e-06
289	2.890000000000e+02	-2.709839609688e-02	9.977954739380e-01	6.057944468063e-02	9.960862731934e+01	6.583260983462e-06
290	2.900000000000e+02	-2.754016083681e-02	9.977638534760e-01	6.090018257538e-02	9.960845184326e+01	6.477559963969e-06
291	2.910000000000e+02	-2.701394569984e-02	9.977702023137e-01	6.103171399038e-02	9.961156463623e+01	6.379917977029e-06
292	2.920000000000e+02	-2.692834244724e-02	9.977660851492e-01	6.113676225504e-02	9.960379028320e+01	6.261629096116e-06
293	2.930000000000e+02	-2.676613823515e-02	9.978157641182e-01	6.039267108786e-02	9.960572052002e+01	6.153660706332e-06
294	2.940000000000e+02	-2.675891546816e-02	9.978042530319e-01	6.058574976327e-02	9.960251617432e+01	6.046958787920e-06
295	2.950000000000e+02	-2.695934244334e-02	9.977865422909e-01	6.078823799157e-02	9.960048675537e+01	5.918746410316e-06
296	2.960000000000e+02	-2.647840949515e-02	9.978107751307e-01	6.060157476242e-02	9.961141204834e+01	5.789817805635e-06
297	2.970000000000e+02	-2.685166740581e-02	9.978022006212e-01	6.057851428615e-02	9.959816741943e+01	5.649143076880e-06
298	2.980000000000e+02	-2.673534314551e-02	9.977581686715e-01	6.135029157309e-02	9.961401367188e+01	5.508948106581e-06
299	2.990000000000e+02	-2.688717530244e-02	9.977925959569e-01	6.072079757316e-02	9.961599731445e+01	5.376224635256e-06
300	3.000000000000e+02	-2.647451281058e-02	9.977891914977e-01	6.095760413454e-02	9.960932159424e+01	5.170477379579e-06
301	3.010000000000e+02	-2.683137837034e-02	9.977696009599e-01	6.112201350623e-02	9.960549163818e+01	5.058674105385e-06
302	3.020000000000e+02	-2.731738306369e-02	9.977419228801e-01	6.135809571729e-02	9.961471557617e+01	4.915043064102e-06
303	3.030000000000e+02	-2.709291552963e-02	9.977405399380e-01	6.147998773888e-02	9.963046264648e+01	4.768796316057e-06
304	3.040000000000e+02	-2.694684653425e-02	9.977817062993e-01	6.087309780471e-02	9.961741638184e+01	4.608960352925e-06
305	3.050000000000e+02	-2.698712078208e-02	9.977812423805e-01	6.086285949220e-02	9.963475036621e+01	4.458565854293e-06
306	3.060000000000e+02	-2.629323260847e-02	9.978020359122e-01	6.082567754240e-02	9.962268066406e+01	4.306280516175e-06
307	3.070000000000e+02	-2.681962828803e-02	9.977578534418e-01	6.131862224269e-02	9.963626861572e+01	4.160406206211e-06
308	3.080000000000e+02	-2.657009990401e-02	9.977738605515e-01	6.116660029123e-02	9.963374328613e+01	4.008887117379e-06
309	3.090000000000e+02	-2.697770918345e-02	9.977429590512e-01	6.149138859155e-02	9.963083648682e+01	3.863016900141e-06
310	3.100000000000e+02	-2.593845231882e-02	9.978102408812e-01	6.084340460406e-02	9.962413787842e+01	3.723702320713e-06
311	3.110000000000e+02	-2.639696207787e-02	9.977978503365e-01	6.084940638137e-02	9.963145446777e+01	3.589703055695e-06
312	3.120000000000e+02	-2.625281704541e-02	9.977566912879e-01	6.158225870730e-02	9.963222503662e+01	3.459204208411e-06
313	3.130000000000e+02	-2.644312674232e-02	9.977637983550e-01	6.138537073569e-02	9.964161682129e+01	3.331721245559e-06
314	3.140000000000e+02	-2.578136566082e-02	9.978076880531e-01	6.095193882657e-02	9.962928009033e+01	3.215586275473e-06
315	3.150000000000e+02	-2.615181951559e-02	9.977837786730e-01	6.118507459358e-02	9.963407135010e+01	3.101574748143e-06
316	3.160000000000e+02	-2.528883493955e-02	9.978363125810e-01	6.068911040765e-02	9.963934326172e+01	2.998427589773e-06
317	3.170000000000e+02	-2.554479279677e-02	9.978369870269e-01	6.057070976965e-02	9.963481140137e+01	2.894196313719e-06
318	3.180000000000e+02	-2.561276439817e-02	9.977811962357e-01	6.145462340876e-02	9.964873504639e+01	2.805428266583e-06
319	3.190000000000e+02	-2.602198298973e-02	9.977707589180e-01	6.145216879406e-02	9.964254760742e+01	2.728566641963e-06
320	3.200000000000e+02	-2.636425226496e-02	9.977675752637e-01	6.135790050989e-02	9.965325927734e+01	2.660547806954e-06
321	3.210000000000e+02	-2.601018801197e-02	9.977926064416e-01	6.110142919805e-02	9.966487121582e+01	2.596346348582e-06
322	3.220000000000e+02	-2.606048763853e-02	9.977942449509e-01	6.105322044726e-02	9.964890289307e+01	2.540505647630e-06
323	3.230000000000e+02	-2.479199517549e-02	9.978633871452e-01	6.044847037219e-02	9.964419555664e+01	2.497444711480e-06
324	3.240000000000e+02	-2.528195982860e-02	9.978588251668e-01	6.032070576528e-02	9.964519500732e+01	2.464391172907e-06
325	3.250000000000e+02	-2.570459633106e-02	9.978623453564e-01	6.008338744802e-02	9.966275024414e+01	2.440121079417e-06
326	3.260000000000e+02	-2.524249858683e-02	9.978336258140e-01	6.075254282652e-02	9.964820098877e+01	2.426473201922e-06
327	3.270000000000e+02	-2.560576098673e-02	9.978294980936e-01	6.066825972925e-02	9.965914154053e+01	2.419821385047e-06
328	3.280000000000e+02	-2.517453494221e-02	9.978853776080e-01	5.992508612097e-02	9.965629577637e+01	2.423292926323e-06
329	3.290000000000e+02	-2.538511958250e-02	9.978686450610e-01	6.011458149117e-02	9.965994262695e+01	2.437530156385e-06
330	3.300000000000e+02	-2.513484818085e-02	9.978933779433e-01	5.980840796889e-02	9.967041015625e+01	2.465986653988e-06
331	3.310000000000e+02	-2.606888550488e-02	9.978510566220e-01	6.011390859765e-02	9.965545654297e+01	2.497441528249e-06
332	3.320000000000e+02	-2.592059956421e-02	9.979112038267e-01	5.917222148498e-02	9.965109252930e+01	2.542885795265e-06
333	3.330000000000e+02	-2.588474186118e-02	9.978770193631e-01	5.976147894655e-02	9.964321136475e+01	2.593709950816e-06
334	3.340000000000e+02	-2.556354935111e-02	9.979307866350e-01	5.899703408373e-02	9.965679168701e+01	2.649550651768e-06
335	3.350000000000e+02	-2.585158744251e-02	9.979008981677e-01	5.937586094404e-02	9.965650177002e+01	2.723120132941e-06
336	3.360000000000e+02	-2.607383559779e-02	9.978980217310e-01	5.932700331741e-02	9.963714599609e+01	2.796422677420e-06
337	3.370000000000e+02	-2.612835032282e-02	9.978979227280e-01	5.930468046059e-02	9.965276336670e+01	2.879555040636e-06
338	3.380000000000e+02	-2.577644837707e-02	9.979210071730e-01	5.906977358910e-02	9.965966033936e+01	2.971217099912e-06
339	3.390000000000e+02	-2.611556193955e-02	9.979427606770e-01	5.855103617374e-02	9.964714050293e+01	3.064932116104e-06
340	3.400000000000e+02	-2.647935952804e-02	9.979016961978e-01	5.908509325079e-02	9.963703155518e+01	3.169035153405e-06
341	3.410000000000e+02	-2.661560697679e-02	9.978998380295e-01	5.905525146745e-02	9.964569091797e+01	3.274277332821e-06
342	3.420000000000e+02	-2.681585488964e-02	9.978945030445e-01	5.905481115121e-02	9.963436889648e+01	3.385663603694e-06
343	3.430000000000e+02	-2.662343579371e-02	9.979291217243e-01	5.855476651053e-02	9.962533569336e+01	3.503827201712e-06
344	3.440000000000e+02	-2.654345144597e-02	9.979016662627e-01	5.905683411347e-02	9.963833618164e+01	3.620622010203e-06
345	3.450000000000e+02	-2.671843357843e-02	9.979260991599e-01	5.856300814259e-02	9.964107513428e+01	3.751434178412e-06
346	3.460000000000e+02	-2.676952255892e-02	9.979171422932e-01	5.869216114025e-02	9.962789916992e+01	3.869186002703e-06
347	3.470000000000e+02	-2.709507505993e-02	9.978935237352e-01	5.894380539903e-02	9.962305450439e+01	3.995906808996e-06
348	3.480000000000e+02	-2.730513773751e-02	9.978872075245e-01	5.895379980977e-02	9.963282775879e+01	4.128508408030e-06
349	3.490000000000e+02	-2.714796689055e-02	9.979167688697e-01	5.852444192272e-02	9.962089538574e+01	4.249791800248e-06
350	3.500000000000e+02	-2.726622605999e-02	9.979085157860e-01	5.861012743715e-02	9.962689971924e+01	4.363643256511e-06
351	3.510000000000e+02	-2.727920886379e-02	9.979018544451e-01	5.871740507581e-02	9.961899566650e+01	4.482432359509e-06
352	3.520000000000e+02	-2.736822216740e-02	9.978940103799e-01	5.880922090314e-02	9.961412811279e+01	4.607597475115e-06
353	3.530000000000e+02	-2.717795509041e-02	9.979094966591e-01	5.863442022178e-02	9.962232208252e+01	4.721652203443e-06
354	3.540000000000e+02	-2.768365673420e-02	9.978751621143e-01	5.898114940561e-02	9.962990570068e+01	4.833464117837e-06
355	3.550000000000e+02	-2.785876013470e-02	9.978884250031e-01	5.867350959883e-02	9.961949157715e+01	4.953540155839e-06
356	3.560000000000e+02	-2.783363256822e-02	9.978647926661e-01	5.908590741898e-02	9.961231231689e+01	5.048701495980e-06
357	3.570000000000e+02	-2.764520050307e-02	9.978886304557e-01	5.877094602201e-02	9.961216735840e+01	5.156076440471e-06
358	3.580000000000e+02	-2.806163616249e-02	9.978628861957e-01	5.901021037966e-02	9.961305236816e+01	5.241712642601e-06
359	3.590000000000e+02	-2.824748113173e-02	9.978560678602e-01	5.903683294621e-02	9.960342407227e+01	5.286960458761e-06
360	3.600000000000e+02	-2.783388355630e-02	9.978976284770e-01	5.852860844120e-02	9.960143280029e+01	5.399543624662e-06
