# Filename: 111053_polarimeter_vs_wheel.dat
# Timestamp: Thu Apr 18 11:10:53 2019

# Column 1:
#	name: measurement point
#	size: 0
#	type: coordinate
# Column 2:
#	name: angle
#	type: value
# Column 3:
#	name: S1
#	type: value
# Column 4:
#	name: S2
#	type: value
# Column 5:
#	name: S3
#	type: value
# Column 6:
#	name: DOP
#	type: value
# Column 7:
#	name: power
#	type: value

0	0.000000000000e+00	-2.283966456153e-01	-8.123025458784e-01	5.366558918257e-01	1.032987060547e+02	1.922038427438e-05
1	1.000000000000e+00	-1.711417478022e-01	-8.253061015626e-01	5.381266959394e-01	1.034186859131e+02	1.919600072142e-05
2	2.000000000000e+00	-1.133335384831e-01	-8.347930274321e-01	5.387727817973e-01	1.034509582520e+02	1.920097929542e-05
3	3.000000000000e+00	-5.437406026022e-02	-8.399661076811e-01	5.399077694551e-01	1.035586929321e+02	1.917884947034e-05
4	4.000000000000e+00	4.678835068246e-03	-8.409624205346e-01	5.410732997949e-01	1.036345443726e+02	1.915980283229e-05
5	5.000000000000e+00	6.307713062625e-02	-8.379268743841e-01	5.421252888188e-01	1.037241897583e+02	1.913763662742e-05
6	6.000000000000e+00	1.207333090451e-01	-8.308001429791e-01	5.433181301162e-01	1.037854614258e+02	1.909469756356e-05
7	7.000000000000e+00	1.771765564385e-01	-8.194023986946e-01	5.451496829882e-01	1.036810836792e+02	1.911374783958e-05
8	8.000000000000e+00	2.333427822807e-01	-8.044689906512e-01	5.462424269848e-01	1.037326736450e+02	1.907969453896e-05
9	9.000000000000e+00	2.878655978970e-01	-7.859153407450e-01	5.472389557853e-01	1.038553161621e+02	1.907901059894e-05
10	1.000000000000e+01	3.411140422898e-01	-7.634287115600e-01	5.484686066846e-01	1.038344650269e+02	1.907395017042e-05
11	1.100000000000e+01	3.939939666724e-01	-7.367560331372e-01	5.495082363910e-01	1.037194519043e+02	1.908554077090e-05
12	1.200000000000e+01	4.436294183978e-01	-7.069932283821e-01	5.507753754063e-01	1.036913757324e+02	1.908375816129e-05
13	1.300000000000e+01	4.915450238444e-01	-6.736163008944e-01	5.519280466719e-01	1.036315155029e+02	1.906059878820e-05
14	1.400000000000e+01	5.367826603767e-01	-6.378658857708e-01	5.522603437590e-01	1.036801681519e+02	1.905025601445e-05
15	1.500000000000e+01	5.797871527008e-01	-5.976714648007e-01	5.537469437623e-01	1.035765533447e+02	1.905073804664e-05
16	1.600000000000e+01	6.194079577354e-01	-5.556807543585e-01	5.545743242610e-01	1.035156326294e+02	1.904617420223e-05
17	1.700000000000e+01	6.563338677997e-01	-5.097754883525e-01	5.561967326892e-01	1.033894500732e+02	1.906924080686e-05
18	1.800000000000e+01	6.903306782571e-01	-4.616654038642e-01	5.570535068841e-01	1.032632369995e+02	1.906553188746e-05
19	1.900000000000e+01	7.209666489453e-01	-4.110179219711e-01	5.579169821103e-01	1.031709060669e+02	1.909932507260e-05
20	2.000000000000e+01	7.471778336144e-01	-3.591253916528e-01	5.592443455463e-01	1.030556945801e+02	1.911353865580e-05
21	2.100000000000e+01	7.702659601517e-01	-3.044154319165e-01	5.603762980735e-01	1.028551177979e+02	1.914159838634e-05
22	2.200000000000e+01	7.898200682411e-01	-2.485658720018e-01	5.607131771945e-01	1.027986831665e+02	1.914529093483e-05
23	2.300000000000e+01	8.047480870110e-01	-1.916329050161e-01	5.618339133296e-01	1.025941390991e+02	1.915294342325e-05
24	2.400000000000e+01	8.159756874766e-01	-1.335765473313e-01	5.624419822969e-01	1.024371337891e+02	1.917026565934e-05
25	2.500000000000e+01	8.233472301796e-01	-7.535233182120e-02	5.625134350793e-01	1.023194427490e+02	1.919651185744e-05
26	2.600000000000e+01	8.260267906410e-01	-1.676058218958e-02	5.633815971684e-01	1.021176757812e+02	1.922259798448e-05
27	2.700000000000e+01	8.250801190585e-01	4.168836875526e-02	5.634757111402e-01	1.019969253540e+02	1.924571915879e-05
28	2.800000000000e+01	8.196765023725e-01	1.011049265540e-01	5.638335084800e-01	1.017879257202e+02	1.928903111548e-05
29	2.900000000000e+01	8.102955061399e-01	1.591016990638e-01	5.640104982041e-01	1.016338577271e+02	1.932027225848e-05
30	3.000000000000e+01	7.970286444953e-01	2.157912549189e-01	5.640739970559e-01	1.014713745117e+02	1.935055479407e-05
31	3.100000000000e+01	7.795360746477e-01	2.721780578043e-01	5.641299612436e-01	1.013047332764e+02	1.937731758517e-05
32	3.200000000000e+01	7.581503818359e-01	3.269328084508e-01	5.642011496626e-01	1.011285400391e+02	1.940184483828e-05
33	3.300000000000e+01	7.329019213866e-01	3.802852538411e-01	5.641257832601e-01	1.009670181274e+02	1.943073039001e-05
34	3.400000000000e+01	7.041236276393e-01	4.318111307973e-01	5.636923489986e-01	1.008214340210e+02	1.947378041223e-05
35	3.500000000000e+01	6.715613454254e-01	4.813438262756e-01	5.633058496383e-01	1.006748199463e+02	1.951974809344e-05
36	3.600000000000e+01	6.358501323382e-01	5.281593362086e-01	5.627986538551e-01	1.005325927734e+02	1.954155231942e-05
37	3.700000000000e+01	5.968301392814e-01	5.725730449929e-01	5.620977610638e-01	1.004114990234e+02	1.957492349902e-05
38	3.800000000000e+01	5.549553396422e-01	6.137486405768e-01	5.615489089943e-01	1.002870330811e+02	1.960040026461e-05
39	3.900000000000e+01	5.096750145401e-01	6.522487300187e-01	5.610730556198e-01	1.001458740234e+02	1.962396709132e-05
40	4.000000000000e+01	4.619750566866e-01	6.875921356702e-01	5.601750636756e-01	1.000402755737e+02	1.966384661500e-05
41	4.100000000000e+01	4.124820295570e-01	7.191120763007e-01	5.592283943175e-01	9.994291687012e+01	1.968542892428e-05
42	4.200000000000e+01	3.603781870246e-01	7.472740456023e-01	5.583091106959e-01	9.984362030029e+01	1.970167431864e-05
43	4.300000000000e+01	3.076172681679e-01	7.712454016284e-01	5.572720581474e-01	9.974866485596e+01	1.971274286916e-05
44	4.400000000000e+01	2.528443515884e-01	7.915779816366e-01	5.563039033281e-01	9.966746520996e+01	1.974818769668e-05
45	4.500000000000e+01	1.965183234871e-01	8.081225913648e-01	5.552642846967e-01	9.959695434570e+01	1.977051397262e-05
46	4.600000000000e+01	1.393210185287e-01	8.206866005771e-01	5.541327976481e-01	9.952735900879e+01	1.978360160138e-05
47	4.700000000000e+01	8.209887876768e-02	8.291572883171e-01	5.529538546169e-01	9.947255706787e+01	1.981440982490e-05
48	4.800000000000e+01	2.424589993013e-02	8.335804268788e-01	5.518657520278e-01	9.941837310791e+01	1.984617119888e-05
49	4.900000000000e+01	-3.388392300029e-02	8.340791995505e-01	5.506030953776e-01	9.938669586182e+01	1.987835457840e-05
50	5.000000000000e+01	-9.176444012817e-02	8.304615127415e-01	5.494660711846e-01	9.935501098633e+01	1.988594885916e-05
51	5.100000000000e+01	-1.495925834153e-01	8.228238500694e-01	5.482544762646e-01	9.932608795166e+01	1.989451811824e-05
52	5.200000000000e+01	-2.066267144176e-01	8.111273424448e-01	5.471543065968e-01	9.929843139648e+01	1.991737553908e-05
53	5.300000000000e+01	-2.629591653070e-01	7.955174936002e-01	5.458977878295e-01	9.929169464111e+01	1.992185207200e-05
54	5.400000000000e+01	-3.183148710073e-01	7.758159806162e-01	5.447799621096e-01	9.929634857178e+01	1.992044417420e-05
55	5.500000000000e+01	-3.715891515050e-01	7.525127316794e-01	5.437334743643e-01	9.931576538086e+01	1.993777004827e-05
56	5.600000000000e+01	-4.231801170712e-01	7.256713492821e-01	5.425123789802e-01	9.933512878418e+01	1.994925150939e-05
57	5.700000000000e+01	-4.730790886392e-01	6.949614700488e-01	5.415022908907e-01	9.934914398193e+01	1.995214552153e-05
58	5.800000000000e+01	-5.210655465644e-01	6.607665051960e-01	5.402576439021e-01	9.937902069092e+01	1.995766433538e-05
59	5.900000000000e+01	-5.660052453601e-01	6.236125326311e-01	5.392081892649e-01	9.942356109619e+01	1.994861668209e-05
60	6.000000000000e+01	-6.082827435614e-01	5.832958090838e-01	5.382918381237e-01	9.947510528564e+01	1.994040940190e-05
61	6.100000000000e+01	-6.474819633812e-01	5.402172923263e-01	5.375243103039e-01	9.955217742920e+01	1.993072874029e-05
62	6.200000000000e+01	-6.834971518162e-01	4.948578115582e-01	5.366072957005e-01	9.961753845215e+01	1.995829006773e-05
63	6.300000000000e+01	-7.164694585513e-01	4.467155819588e-01	5.358327199775e-01	9.969364929199e+01	1.992169381992e-05
64	6.400000000000e+01	-7.459500628326e-01	3.965754276833e-01	5.350574117960e-01	9.978440856934e+01	1.988714575418e-05
65	6.500000000000e+01	-7.716455532944e-01	3.450312978257e-01	5.343374810002e-01	9.986813354492e+01	1.988860276469e-05
66	6.600000000000e+01	-7.937258894334e-01	2.918167989985e-01	5.337060691668e-01	9.995941925049e+01	1.986783718166e-05
67	6.700000000000e+01	-8.121087242471e-01	2.370742082207e-01	5.331746803800e-01	1.000498809814e+02	1.987495124922e-05
68	6.800000000000e+01	-8.267876355803e-01	1.808894609948e-01	5.326360939259e-01	1.001257705688e+02	1.981834793696e-05
69	6.900000000000e+01	-8.375736608932e-01	1.232020596828e-01	5.322514584930e-01	1.002499237061e+02	1.979808985197e-05
70	7.000000000000e+01	-8.443984069542e-01	6.483551919366e-02	5.317778537925e-01	1.004216918945e+02	1.976005296456e-05
71	7.100000000000e+01	-8.470353919851e-01	6.369799088224e-03	5.314983258527e-01	1.005425567627e+02	1.976048952201e-05
72	7.200000000000e+01	-8.456889322451e-01	-5.149464855248e-02	5.311859665396e-01	1.007211074829e+02	1.974630322366e-05
73	7.300000000000e+01	-8.400333870945e-01	-1.104243073897e-01	5.311782948352e-01	1.008331527710e+02	1.971917481569e-05
74	7.400000000000e+01	-8.307215687389e-01	-1.674795052409e-01	5.308976271903e-01	1.009778442383e+02	1.969926597667e-05
75	7.500000000000e+01	-8.171984000611e-01	-2.244830801310e-01	5.308428408413e-01	1.011069183350e+02	1.964947841770e-05
76	7.600000000000e+01	-7.994958334738e-01	-2.808706825957e-01	5.309595765369e-01	1.012631149292e+02	1.961526140803e-05
77	7.700000000000e+01	-7.779639093599e-01	-3.357491333184e-01	5.310787843713e-01	1.014576416016e+02	1.956468622666e-05
78	7.800000000000e+01	-7.526060398935e-01	-3.887495725563e-01	5.314677022672e-01	1.015629348755e+02	1.952745878953e-05
79	7.900000000000e+01	-7.242156254913e-01	-4.392397626988e-01	5.315826922112e-01	1.018015518188e+02	1.950311161636e-05
80	8.000000000000e+01	-6.922227671576e-01	-4.876159132086e-01	5.320322939582e-01	1.018935928345e+02	1.949646866706e-05
81	8.100000000000e+01	-6.565164614605e-01	-5.339713124483e-01	5.327858606548e-01	1.020201339722e+02	1.946860174940e-05
82	8.200000000000e+01	-6.185687133643e-01	-5.771043710606e-01	5.332197405850e-01	1.022605209351e+02	1.945359144884e-05
83	8.300000000000e+01	-5.772597620400e-01	-6.178822686176e-01	5.338470466880e-01	1.023037338257e+02	1.942692506418e-05
84	8.400000000000e+01	-5.334318941404e-01	-6.557205304675e-01	5.343042206807e-01	1.024943618774e+02	1.939715184562e-05
85	8.500000000000e+01	-4.870674143576e-01	-6.903801787505e-01	5.349210620824e-01	1.027120056152e+02	1.936120679602e-05
86	8.600000000000e+01	-4.377412156428e-01	-7.220976058923e-01	5.356843059976e-01	1.027308959961e+02	1.933850944624e-05
87	8.700000000000e+01	-3.861794611351e-01	-7.504037807330e-01	5.364322787258e-01	1.028378906250e+02	1.933495514095e-05
88	8.800000000000e+01	-3.338929275844e-01	-7.747978157032e-01	5.368462141905e-01	1.031238250732e+02	1.929847167048e-05
89	8.900000000000e+01	-2.789549211523e-01	-7.957255536485e-01	5.375918481857e-01	1.031472854614e+02	1.927998164319e-05
90	9.000000000000e+01	-2.230448486180e-01	-8.125947355471e-01	5.384615039779e-01	1.032855224609e+02	1.924812386278e-05
91	9.100000000000e+01	-1.665730358055e-01	-8.253131597603e-01	5.395475994470e-01	1.033452987671e+02	1.923488343891e-05
92	9.200000000000e+01	-1.087021001227e-01	-8.342259381545e-01	5.406023839563e-01	1.034412384033e+02	1.922354385897e-05
93	9.300000000000e+01	-5.025279883670e-02	-8.390768641420e-01	5.416868765908e-01	1.035115890503e+02	1.921293551277e-05
94	9.400000000000e+01	8.599920812402e-03	-8.398295267728e-01	5.427820993019e-01	1.035849304199e+02	1.918952511915e-05
95	9.500000000000e+01	6.622339092246e-02	-8.365812732511e-01	5.438255563509e-01	1.036703948975e+02	1.916986730066e-05
96	9.600000000000e+01	1.244216898465e-01	-8.290779557385e-01	5.451137371267e-01	1.036753234863e+02	1.916942892422e-05
97	9.700000000000e+01	1.810449423137e-01	-8.179361370583e-01	5.460798518135e-01	1.038257141113e+02	1.915843859024e-05
98	9.800000000000e+01	2.379456918525e-01	-8.025235688286e-01	5.471176922779e-01	1.037250900269e+02	1.916505971167e-05
99	9.900000000000e+01	2.922580901286e-01	-7.835465988800e-01	5.483064254028e-01	1.037455825806e+02	1.916174915095e-05
100	1.000000000000e+02	3.455940967654e-01	-7.610388729142e-01	5.489850218307e-01	1.037971649170e+02	1.914315726026e-05
101	1.010000000000e+02	3.971555219363e-01	-7.348396618190e-01	5.497982928432e-01	1.037603683472e+02	1.914707536343e-05
102	1.020000000000e+02	4.469962382030e-01	-7.053850474865e-01	5.501148042135e-01	1.038365783691e+02	1.914707172546e-05
103	1.030000000000e+02	4.946787072355e-01	-6.717227459359e-01	5.514358795002e-01	1.037127838135e+02	1.915065513458e-05
104	1.040000000000e+02	5.397678731337e-01	-6.351020904266e-01	5.525359516525e-01	1.036384658813e+02	1.915070788527e-05
105	1.050000000000e+02	5.826785290475e-01	-5.953472449410e-01	5.532155002602e-01	1.036245880127e+02	1.913380765473e-05
106	1.060000000000e+02	6.227329002274e-01	-5.520608496423e-01	5.544660073138e-01	1.034845123291e+02	1.914505992318e-05
107	1.070000000000e+02	6.597057326142e-01	-5.064084368241e-01	5.552826680794e-01	1.034393234253e+02	1.916191649798e-05
108	1.080000000000e+02	6.926857976677e-01	-4.590905359002e-01	5.562573734849e-01	1.033350601196e+02	1.917865665746e-05
109	1.090000000000e+02	7.231911482934e-01	-4.081035555284e-01	5.571768579143e-01	1.031817398071e+02	1.918767520692e-05
110	1.100000000000e+02	7.500509494466e-01	-3.551117708748e-01	5.579598582519e-01	1.030412521362e+02	1.922055162140e-05
111	1.110000000000e+02	7.734760879714e-01	-3.002946918207e-01	5.581736641949e-01	1.029370803833e+02	1.924977368617e-05
112	1.120000000000e+02	7.927763621703e-01	-2.440196350790e-01	5.585338461364e-01	1.028126525879e+02	1.926200275193e-05
113	1.130000000000e+02	8.076425623876e-01	-1.869466962102e-01	5.592534525563e-01	1.026331100464e+02	1.928409255925e-05
114	1.140000000000e+02	8.189133846221e-01	-1.288283771963e-01	5.592710592510e-01	1.025381546021e+02	1.931054612214e-05
115	1.150000000000e+02	8.257921255412e-01	-7.051763528256e-02	5.595485935182e-01	1.023628616333e+02	1.932345185196e-05
116	1.160000000000e+02	8.287459528756e-01	-1.176595331231e-02	5.595013028895e-01	1.022129135132e+02	1.934659303515e-05
117	1.170000000000e+02	8.271854759902e-01	4.783810798041e-02	5.598890101937e-01	1.019854965210e+02	1.938750392583e-05
118	1.180000000000e+02	8.218752088386e-01	1.061187523187e-01	5.596963029205e-01	1.018372573853e+02	1.941228401847e-05
119	1.190000000000e+02	8.124670216519e-01	1.641464368645e-01	5.594222787776e-01	1.016831741333e+02	1.944035648194e-05
120	1.200000000000e+02	7.991847317775e-01	2.205689063748e-01	5.591539341133e-01	1.015314407349e+02	1.947840064531e-05
121	1.210000000000e+02	7.815413409489e-01	2.772585602877e-01	5.588567107363e-01	1.013410568237e+02	1.949768557097e-05
122	1.220000000000e+02	7.599598452399e-01	3.324298619094e-01	5.585261144600e-01	1.011567840576e+02	1.952899401658e-05
123	1.230000000000e+02	7.345673681875e-01	3.862464761966e-01	5.578749333138e-01	1.009919281006e+02	1.954783328983e-05
124	1.240000000000e+02	7.054748554149e-01	4.376031876659e-01	5.575021780424e-01	1.008286209106e+02	1.957001586561e-05
125	1.250000000000e+02	6.728317043473e-01	4.872757836566e-01	5.566505261714e-01	1.006865921021e+02	1.961365887837e-05
126	1.260000000000e+02	6.369770415054e-01	5.343269273520e-01	5.556572534410e-01	1.005478591919e+02	1.964558759937e-05
127	1.270000000000e+02	5.980011717176e-01	5.788291175538e-01	5.543928672848e-01	1.004247131348e+02	1.967428215721e-05
128	1.280000000000e+02	5.557289658082e-01	6.203598547099e-01	5.534608994555e-01	1.002984008789e+02	1.971254823729e-05
129	1.290000000000e+02	5.103835447828e-01	6.592421070642e-01	5.521851876758e-01	1.001636962891e+02	1.973954749701e-05
130	1.300000000000e+02	4.619898492421e-01	6.949031032892e-01	5.510671975687e-01	1.000402526855e+02	1.976927705982e-05
131	1.310000000000e+02	4.122651813109e-01	7.265936250982e-01	5.496354466784e-01	9.994357299805e+01	1.978106229217e-05
132	1.320000000000e+02	3.601297911005e-01	7.549191517600e-01	5.480908755561e-01	9.984115600586e+01	1.980933484447e-05
133	1.330000000000e+02	3.066653759068e-01	7.791025247293e-01	5.467683267897e-01	9.976065063477e+01	1.983869515243e-05
134	1.340000000000e+02	2.514220676694e-01	7.997774577796e-01	5.451082111989e-01	9.967412567139e+01	1.986299139389e-05
135	1.350000000000e+02	1.951439069843e-01	8.164364406737e-01	5.434614925705e-01	9.960302734375e+01	1.989172415051e-05
136	1.360000000000e+02	1.380832073063e-01	8.290605308597e-01	5.418409951550e-01	9.953289031982e+01	1.991974932025e-05
137	1.370000000000e+02	8.014608972813e-02	8.376977075894e-01	5.402213944308e-01	9.947829437256e+01	1.993827572733e-05
138	1.380000000000e+02	2.191089066294e-02	8.423065549464e-01	5.385532289057e-01	9.942869567871e+01	1.995129241550e-05
139	1.390000000000e+02	-3.674181387935e-02	8.428857776742e-01	5.368366650178e-01	9.938813781738e+01	1.996576975216e-05
140	1.400000000000e+02	-9.536608448047e-02	8.392548491078e-01	5.353098244754e-01	9.935792541504e+01	1.996570426854e-05
141	1.410000000000e+02	-1.538531236925e-01	8.317674330193e-01	5.333780588837e-01	9.933537292480e+01	1.998270454351e-05
142	1.420000000000e+02	-2.116687942761e-01	8.199753169680e-01	5.318240320755e-01	9.931571197510e+01	1.998410880333e-05
143	1.430000000000e+02	-2.684781159383e-01	8.044186325435e-01	5.299341137151e-01	9.930608367920e+01	1.999148298637e-05
144	1.440000000000e+02	-3.237722551277e-01	7.848710940424e-01	5.283454291902e-01	9.929830169678e+01	1.998035077122e-05
145	1.450000000000e+02	-3.783055741762e-01	7.613013395961e-01	5.265977239567e-01	9.931431579590e+01	1.997422623390e-05
146	1.460000000000e+02	-4.310022466222e-01	7.340106622561e-01	5.248479885652e-01	9.933740234375e+01	1.998057814490e-05
147	1.470000000000e+02	-4.814174238148e-01	7.032275553713e-01	5.231713576010e-01	9.937107849121e+01	1.999199230340e-05
148	1.480000000000e+02	-5.297885344564e-01	6.687173557644e-01	5.216715507462e-01	9.941135406494e+01	1.999880078074e-05
149	1.490000000000e+02	-5.751602754700e-01	6.313385105561e-01	5.201945238178e-01	9.944072723389e+01	1.997634171857e-05
150	1.500000000000e+02	-6.180847229307e-01	5.906740533846e-01	5.187248190880e-01	9.950056457520e+01	1.996326864173e-05
151	1.510000000000e+02	-6.577962912863e-01	5.474065074815e-01	5.173491613377e-01	9.957855224609e+01	1.995568345592e-05
152	1.520000000000e+02	-6.944724131419e-01	5.013654789628e-01	5.160820902621e-01	9.964765167236e+01	1.992050783883e-05
153	1.530000000000e+02	-7.279284842707e-01	4.528832811152e-01	5.147978782723e-01	9.971120452881e+01	1.991490898945e-05
154	1.540000000000e+02	-7.576809404631e-01	4.025133855462e-01	5.137144799546e-01	9.980113220215e+01	1.990630516957e-05
155	1.550000000000e+02	-7.837746702661e-01	3.505761571201e-01	5.126340061956e-01	9.989543914795e+01	1.990875898628e-05
156	1.560000000000e+02	-8.060249837576e-01	2.973731918663e-01	5.117547364880e-01	9.994671630859e+01	1.989668453461e-05
157	1.570000000000e+02	-8.248009674824e-01	2.421893152917e-01	5.109282724597e-01	1.000453720093e+02	1.987883842958e-05
158	1.580000000000e+02	-8.399475548414e-01	1.851040123347e-01	5.101221517770e-01	1.002074584961e+02	1.984722621273e-05
159	1.590000000000e+02	-8.511460788238e-01	1.274342940173e-01	5.092257389520e-01	1.003090362549e+02	1.984080154216e-05
160	1.600000000000e+02	-8.582355498826e-01	6.920115379718e-02	5.085695048181e-01	1.004170837402e+02	1.981481000257e-05
161	1.610000000000e+02	-8.614297544694e-01	1.019603177321e-02	5.077743780960e-01	1.005390777588e+02	1.979850276257e-05
162	1.620000000000e+02	-8.604568077684e-01	-4.950400453069e-02	5.071128429653e-01	1.006954269409e+02	1.977986903512e-05
163	1.630000000000e+02	-8.552263841394e-01	-1.083738596550e-01	5.067967427039e-01	1.008141555786e+02	1.972339669010e-05
164	1.640000000000e+02	-8.458673027997e-01	-1.668584218636e-01	5.066229101685e-01	1.009810409546e+02	1.971263009182e-05
165	1.650000000000e+02	-8.326440608887e-01	-2.237861708042e-01	5.065803170511e-01	1.010706710815e+02	1.971099845832e-05
166	1.660000000000e+02	-8.151806339131e-01	-2.807907109680e-01	5.065936347085e-01	1.012215652466e+02	1.967446223716e-05
167	1.670000000000e+02	-7.941585696771e-01	-3.358465120480e-01	5.064773307401e-01	1.014258728027e+02	1.965916817426e-05
168	1.680000000000e+02	-7.691082334208e-01	-3.901441593770e-01	5.062213549311e-01	1.016920013428e+02	1.962547321455e-05
169	1.690000000000e+02	-7.405957662795e-01	-4.416647310394e-01	5.064090997651e-01	1.018468856812e+02	1.958105713129e-05
170	1.700000000000e+02	-7.085613835841e-01	-4.911650809079e-01	5.066533617673e-01	1.019940338135e+02	1.954546860361e-05
171	1.710000000000e+02	-6.734025932718e-01	-5.380400096457e-01	5.069929934380e-01	1.021710815430e+02	1.951748163265e-05
172	1.720000000000e+02	-6.350170644663e-01	-5.820984592295e-01	5.078530413409e-01	1.022871246338e+02	1.952161619556e-05
173	1.730000000000e+02	-5.931532620922e-01	-6.237496995139e-01	5.090240858995e-01	1.023336791992e+02	1.949140641955e-05
174	1.740000000000e+02	-5.490292118865e-01	-6.620964442697e-01	5.100933473206e-01	1.024376449585e+02	1.947373675648e-05
175	1.750000000000e+02	-5.025600722114e-01	-6.972239842275e-01	5.111869419663e-01	1.026023254395e+02	1.944564610312e-05
176	1.760000000000e+02	-4.537928043867e-01	-7.294152817122e-01	5.118842032058e-01	1.028448791504e+02	1.943513052538e-05
177	1.770000000000e+02	-4.024438014871e-01	-7.583823671105e-01	5.127330415533e-01	1.028564910889e+02	1.939604771906e-05
178	1.780000000000e+02	-3.490436960966e-01	-7.837779053114e-01	5.136737226692e-01	1.030105514526e+02	1.938352033903e-05
179	1.790000000000e+02	-2.944035903495e-01	-8.055441471336e-01	5.142228631713e-01	1.033089981079e+02	1.935355612659e-05
180	1.800000000000e+02	-2.386141300656e-01	-8.230352215695e-01	5.154379894702e-01	1.034248504639e+02	1.933076055138e-05
181	1.810000000000e+02	-1.811978985188e-01	-8.366006582114e-01	5.169783943770e-01	1.034587249756e+02	1.931617953232e-05
182	1.820000000000e+02	-1.225059996171e-01	-8.463534923071e-01	5.183416307006e-01	1.035095367432e+02	1.929199424922e-05
183	1.830000000000e+02	-6.382812972933e-02	-8.518811573886e-01	5.198311875421e-01	1.035605163574e+02	1.926466939040e-05
184	1.840000000000e+02	-4.739862283513e-03	-8.533405638145e-01	5.213323468330e-01	1.035945816040e+02	1.924207208504e-05
185	1.850000000000e+02	5.427663429970e-02	-8.507529690422e-01	5.227556146374e-01	1.036849594116e+02	1.921094190038e-05
186	1.860000000000e+02	1.126214117368e-01	-8.444761221702e-01	5.236186558009e-01	1.039679794312e+02	1.916646033351e-05
187	1.870000000000e+02	1.708652406100e-01	-8.339527649539e-01	5.247169288074e-01	1.040261459351e+02	1.914993117680e-05
188	1.880000000000e+02	2.274232206244e-01	-8.191073158822e-01	5.266325889927e-01	1.039506149292e+02	1.915233042382e-05
189	1.890000000000e+02	2.826418177519e-01	-8.001744844837e-01	5.289937591684e-01	1.038955383301e+02	1.916105429700e-05
190	1.900000000000e+02	3.362854093919e-01	-7.777986534712e-01	5.309815233024e-01	1.038824844360e+02	1.915471875691e-05
191	1.910000000000e+02	3.887606605868e-01	-7.515820962259e-01	5.329066535640e-01	1.038439025879e+02	1.916831024573e-05
192	1.920000000000e+02	4.392684538429e-01	-7.219886107607e-01	5.345799017830e-01	1.038017654419e+02	1.916158726090e-05
193	1.930000000000e+02	4.874358448043e-01	-6.889020253572e-01	5.364888597712e-01	1.037299652100e+02	1.918828820635e-05
194	1.940000000000e+02	5.331735571643e-01	-6.530848031647e-01	5.377789488406e-01	1.037682495117e+02	1.918764246511e-05
195	1.950000000000e+02	5.762030918543e-01	-6.139312612301e-01	5.395168240398e-01	1.036723251343e+02	1.919723035826e-05
196	1.960000000000e+02	6.169871140892e-01	-5.712100483584e-01	5.413372162546e-01	1.035329895020e+02	1.919767782965e-05
197	1.970000000000e+02	6.554154303239e-01	-5.254046086638e-01	5.425685310522e-01	1.034921112061e+02	1.920610520756e-05
198	1.980000000000e+02	6.900564104670e-01	-4.773149085660e-01	5.440520457033e-01	1.033889236450e+02	1.921021066664e-05
199	1.990000000000e+02	7.206582682987e-01	-4.272656147109e-01	5.459814601418e-01	1.032313919067e+02	1.921110197145e-05
200	2.000000000000e+02	7.482913267459e-01	-3.746700606508e-01	5.474325857755e-01	1.030913467407e+02	1.924269236042e-05
201	2.010000000000e+02	7.718489680470e-01	-3.207249508982e-01	5.489851331284e-01	1.029804077148e+02	1.925219294208e-05
202	2.020000000000e+02	7.919204736321e-01	-2.646808017764e-01	5.502781447717e-01	1.028389205933e+02	1.926313962031e-05
203	2.030000000000e+02	8.079483601186e-01	-2.071921560432e-01	5.516256501069e-01	1.026800231934e+02	1.928812162078e-05
204	2.040000000000e+02	8.196825976112e-01	-1.488901779413e-01	5.531294189300e-01	1.025244598389e+02	1.929866266437e-05
205	2.050000000000e+02	8.275765021458e-01	-8.988379842837e-02	5.541101297362e-01	1.023795242310e+02	1.932486702572e-05
206	2.060000000000e+02	8.311580712804e-01	-3.092078489404e-02	5.551757970292e-01	1.022248687744e+02	1.935223917826e-05
207	2.070000000000e+02	8.306976779865e-01	2.841767399968e-02	5.559980248097e-01	1.020490188599e+02	1.939519461303e-05
208	2.080000000000e+02	8.260368439880e-01	8.708136813248e-02	5.568482447657e-01	1.018904800415e+02	1.941066147992e-05
209	2.090000000000e+02	8.171494417226e-01	1.461824228379e-01	5.575818228257e-01	1.017068405151e+02	1.944624455064e-05
210	2.100000000000e+02	8.043118363292e-01	2.033105162996e-01	5.583433566388e-01	1.015527038574e+02	1.947585769813e-05
211	2.110000000000e+02	7.872292430470e-01	2.603470109746e-01	5.590076500086e-01	1.013767700195e+02	1.952191450982e-05
212	2.120000000000e+02	7.662713909299e-01	3.157984301507e-01	5.595529527727e-01	1.012193832397e+02	1.956360574695e-05
213	2.130000000000e+02	7.414298668414e-01	3.696646820500e-01	5.600265845480e-01	1.010522003174e+02	1.960808549484e-05
214	2.140000000000e+02	7.129430395328e-01	4.215090287126e-01	5.603948260785e-01	1.008740692139e+02	1.964549483091e-05
215	2.150000000000e+02	6.806478849382e-01	4.716153814510e-01	5.606223226987e-01	1.007287521362e+02	1.968969627342e-05
216	2.160000000000e+02	6.449111164369e-01	5.194279835240e-01	5.606105794830e-01	1.005681533813e+02	1.973081452888e-05
217	2.170000000000e+02	6.061381500116e-01	5.644095475771e-01	5.603912969563e-01	1.004394531250e+02	1.976216117328e-05
218	2.180000000000e+02	5.644090158735e-01	6.063349712187e-01	5.601788691819e-01	1.003137969971e+02	1.978807813430e-05
219	2.190000000000e+02	5.196487741610e-01	6.453232268106e-01	5.599313211919e-01	1.001811828613e+02	1.981245077332e-05
220	2.200000000000e+02	4.721489073388e-01	6.812350444450e-01	5.594588666907e-01	1.000743942261e+02	1.983980655496e-05
221	2.210000000000e+02	4.226636040216e-01	7.134213201213e-01	5.589145711393e-01	9.996834564209e+01	1.986273855437e-05
222	2.220000000000e+02	3.707990192495e-01	7.420500112036e-01	5.584531029516e-01	9.985950469971e+01	1.987737778109e-05
223	2.230000000000e+02	3.172641942094e-01	7.669017048723e-01	5.578576934458e-01	9.977004241943e+01	1.989929478441e-05
224	2.240000000000e+02	2.621111591599e-01	7.879740287865e-01	5.571307478518e-01	9.967847442627e+01	1.992304351006e-05
225	2.250000000000e+02	2.059069600350e-01	8.049718154372e-01	5.564375078667e-01	9.959298706055e+01	1.992976831389e-05
226	2.260000000000e+02	1.488692073139e-01	8.180860610421e-01	5.554936145829e-01	9.952853393555e+01	1.994530430238e-05
227	2.270000000000e+02	9.049726473886e-02	8.271989213869e-01	5.545738810395e-01	9.948016357422e+01	1.995531238208e-05
228	2.280000000000e+02	3.229998972499e-02	8.322049791101e-01	5.535264974760e-01	9.943022918701e+01	1.997135950660e-05
229	2.290000000000e+02	-2.667917797133e-02	8.330890569767e-01	5.524951082212e-01	9.938886260986e+01	1.997944673349e-05
230	2.300000000000e+02	-8.483582171399e-02	8.299151818645e-01	5.514015544636e-01	9.935321807861e+01	1.998003062909e-05
231	2.310000000000e+02	-1.427800374251e-01	8.226073684018e-01	5.503916590611e-01	9.932639312744e+01	1.998395782721e-05
232	2.320000000000e+02	-2.000828271612e-01	8.113820371167e-01	5.492049272534e-01	9.929902648926e+01	1.997911203944e-05
233	2.330000000000e+02	-2.568133157473e-01	7.960645072910e-01	5.480220990858e-01	9.928797149658e+01	1.996382707148e-05
234	2.340000000000e+02	-3.121008576440e-01	7.768241206813e-01	5.469344935051e-01	9.929335021973e+01	1.996093851631e-05
235	2.350000000000e+02	-3.661961104258e-01	7.536966332154e-01	5.457488376430e-01	9.930309295654e+01	1.996218998102e-05
236	2.360000000000e+02	-4.184734459744e-01	7.269102964566e-01	5.445010522669e-01	9.932823181152e+01	1.996435457841e-05
237	2.370000000000e+02	-4.689630540679e-01	6.962800242674e-01	5.433854817029e-01	9.936234283447e+01	1.994480589929e-05
238	2.380000000000e+02	-5.171801727970e-01	6.622924812014e-01	5.421193025615e-01	9.940096282959e+01	1.994327976718e-05
239	2.390000000000e+02	-5.626848925069e-01	6.250882351322e-01	5.409717275827e-01	9.946033477783e+01	1.993470323214e-05
240	2.400000000000e+02	-6.051977515373e-01	5.850880667379e-01	5.398218555182e-01	9.948434448242e+01	1.991225872189e-05
241	2.410000000000e+02	-6.450581326309e-01	5.418951066778e-01	5.387482704245e-01	9.953725433350e+01	1.990387681872e-05
242	2.420000000000e+02	-6.816431571382e-01	4.963185857833e-01	5.376155389614e-01	9.964273071289e+01	1.987676478166e-05
243	2.430000000000e+02	-7.146979489801e-01	4.484308752093e-01	5.367649316812e-01	9.970239257812e+01	1.986906681850e-05
244	2.440000000000e+02	-7.442262796492e-01	3.985630574515e-01	5.359801618665e-01	9.975807952881e+01	1.985326161957e-05
245	2.450000000000e+02	-7.703993447147e-01	3.464703831089e-01	5.352038147206e-01	9.979614257812e+01	1.982859612326e-05
246	2.460000000000e+02	-7.931061550893e-01	2.925232003787e-01	5.342403990711e-01	9.992754364014e+01	1.980139859370e-05
247	2.470000000000e+02	-8.120274456353e-01	2.366914552454e-01	5.334684456918e-01	1.000318298340e+02	1.976927342184e-05
248	2.480000000000e+02	-8.269518154245e-01	1.804749646407e-01	5.325218137353e-01	1.002047576904e+02	1.976082421606e-05
249	2.490000000000e+02	-8.378479680050e-01	1.237017848164e-01	5.317035367037e-01	1.003394622803e+02	1.973372309294e-05
250	2.500000000000e+02	-8.451082198188e-01	6.513702092609e-02	5.306121609043e-01	1.005069122314e+02	1.969487675524e-05
251	2.510000000000e+02	-8.477122648817e-01	7.282726917058e-03	5.304063327844e-01	1.005705337524e+02	1.969976619876e-05
252	2.520000000000e+02	-8.466266714146e-01	-5.141777616965e-02	5.296975472317e-01	1.006897811890e+02	1.965813680727e-05
253	2.530000000000e+02	-8.411507260795e-01	-1.097278987133e-01	5.295519278219e-01	1.007729644775e+02	1.961674388440e-05
254	2.540000000000e+02	-8.316984203437e-01	-1.682239469493e-01	5.291298907363e-01	1.009437637329e+02	1.956166670425e-05
255	2.550000000000e+02	-8.179094709643e-01	-2.259856422518e-01	5.291073490351e-01	1.010999679565e+02	1.954034632945e-05
256	2.560000000000e+02	-8.002983732458e-01	-2.826593288307e-01	5.287969530974e-01	1.012839508057e+02	1.949806392076e-05
257	2.570000000000e+02	-7.791150798182e-01	-3.372361251458e-01	5.284425118181e-01	1.013895950317e+02	1.946482007043e-05
258	2.580000000000e+02	-7.538285903978e-01	-3.904182601509e-01	5.285035841313e-01	1.015871582031e+02	1.942683775269e-05
259	2.590000000000e+02	-7.253132952516e-01	-4.410448082306e-01	5.285831068661e-01	1.016651077271e+02	1.937897286552e-05
260	2.600000000000e+02	-6.936984668554e-01	-4.894176178481e-01	5.284437835970e-01	1.018538589478e+02	1.934449392138e-05
261	2.610000000000e+02	-6.587767570319e-01	-5.353804560866e-01	5.285649928202e-01	1.020793228149e+02	1.929558493430e-05
262	2.620000000000e+02	-6.207282415901e-01	-5.794531662198e-01	5.281386922489e-01	1.022990875244e+02	1.927622906805e-05
263	2.630000000000e+02	-5.790814080508e-01	-6.210975464895e-01	5.281122613560e-01	1.024969406128e+02	1.924874050019e-05
264	2.640000000000e+02	-5.347754052479e-01	-6.596821508781e-01	5.280480335677e-01	1.026787490845e+02	1.920167233038e-05
265	2.650000000000e+02	-4.880226610889e-01	-6.944426568527e-01	5.287563508906e-01	1.027640838623e+02	1.917797635542e-05
266	2.660000000000e+02	-4.394868376621e-01	-7.254717623863e-01	5.296621956510e-01	1.028142547607e+02	1.915848588396e-05
267	2.670000000000e+02	-3.882598005301e-01	-7.541576375565e-01	5.296230593615e-01	1.030580749512e+02	1.911355502671e-05
268	2.680000000000e+02	-3.347392813400e-01	-7.789102893204e-01	5.303285535579e-01	1.031310424805e+02	1.909743332362e-05
269	2.690000000000e+02	-2.797935147879e-01	-7.998831004639e-01	5.309450203881e-01	1.032387771606e+02	1.907681689772e-05
270	2.700000000000e+02	-2.238921660701e-01	-8.169912387694e-01	5.314109650228e-01	1.033355712891e+02	1.906372381200e-05
271	2.710000000000e+02	-1.668802087400e-01	-8.303231109489e-01	5.317090626979e-01	1.035407791138e+02	1.904137752717e-05
272	2.720000000000e+02	-1.085150026319e-01	-8.392013050709e-01	5.328842874125e-01	1.034601287842e+02	1.903793963720e-05
273	2.730000000000e+02	-4.895426426148e-02	-8.444030908245e-01	5.334668689025e-01	1.036055450439e+02	1.901260475279e-05
274	2.740000000000e+02	9.696686974874e-03	-8.449978043386e-01	5.346818539324e-01	1.036432037354e+02	1.899411836348e-05
275	2.750000000000e+02	6.825623846389e-02	-8.418415006987e-01	5.353914209363e-01	1.037419662476e+02	1.897100810311e-05
276	2.760000000000e+02	1.260195149565e-01	-8.345994826745e-01	5.362488092011e-01	1.038640975952e+02	1.894680463010e-05
277	2.770000000000e+02	1.830180063691e-01	-8.232569040151e-01	5.373569384833e-01	1.038299789429e+02	1.895077366498e-05
278	2.780000000000e+02	2.388230586949e-01	-8.083654197340e-01	5.380603077851e-01	1.038387603760e+02	1.893287844723e-05
279	2.790000000000e+02	2.938250989464e-01	-7.895446717985e-01	5.387819804556e-01	1.038628997803e+02	1.891843749036e-05
280	2.800000000000e+02	3.479763051998e-01	-7.665933151061e-01	5.396732161727e-01	1.038380508423e+02	1.891151077871e-05
281	2.810000000000e+02	4.004763695985e-01	-7.397977411451e-01	5.406643872032e-01	1.038126754761e+02	1.888993938337e-05
282	2.820000000000e+02	4.500403452539e-01	-7.098267913241e-01	5.418575587387e-01	1.037554855347e+02	1.887713915494e-05
283	2.830000000000e+02	4.980758554049e-01	-6.763398728692e-01	5.426645544255e-01	1.037747726440e+02	1.887981306936e-05
284	2.840000000000e+02	5.438457962526e-01	-6.391667935960e-01	5.437808013001e-01	1.037021255493e+02	1.887547114165e-05
285	2.850000000000e+02	5.868944512191e-01	-5.994034619888e-01	5.443072596283e-01	1.036443405151e+02	1.887688085844e-05
286	2.860000000000e+02	6.271225722257e-01	-5.563150014251e-01	5.451888650683e-01	1.035598831177e+02	1.889492705232e-05
287	2.870000000000e+02	6.641786701465e-01	-5.102272155297e-01	5.463834575234e-01	1.034226226807e+02	1.891662031994e-05
288	2.880000000000e+02	6.979351441169e-01	-4.619475144335e-01	5.472577349981e-01	1.033165512085e+02	1.893303669931e-05
289	2.890000000000e+02	7.279400228858e-01	-4.115546511233e-01	5.483849854070e-01	1.032035369873e+02	1.896507092169e-05
290	2.900000000000e+02	7.549648090164e-01	-3.582868254085e-01	5.492346382791e-01	1.030239486694e+02	1.898179834825e-05
291	2.910000000000e+02	7.780155265628e-01	-3.033374461197e-01	5.501620072386e-01	1.028899993896e+02	1.901136056404e-05
292	2.920000000000e+02	7.973628264577e-01	-2.466175149558e-01	5.508106065612e-01	1.027461700439e+02	1.904222335725e-05
293	2.930000000000e+02	8.124243147269e-01	-1.891646650104e-01	5.515282969639e-01	1.025980300903e+02	1.906671786855e-05
294	2.940000000000e+02	8.233639457242e-01	-1.302977734609e-01	5.523534222873e-01	1.023944931030e+02	1.912132756843e-05
295	2.950000000000e+02	8.300999348404e-01	-7.186173010150e-02	5.529647275594e-01	1.022496337891e+02	1.915046050271e-05
296	2.960000000000e+02	8.328480481890e-01	-1.313701086632e-02	5.533457757798e-01	1.021190338135e+02	1.917582630995e-05
297	2.970000000000e+02	8.313732687093e-01	4.696696751121e-02	5.537260983902e-01	1.019402084351e+02	1.921306829900e-05
298	2.980000000000e+02	8.257547398570e-01	1.060533741157e-01	5.539691249901e-01	1.017601470947e+02	1.923975105456e-05
299	2.990000000000e+02	8.159089080573e-01	1.645189008156e-01	5.542798796882e-01	1.015923843384e+02	1.926854201884e-05
300	3.000000000000e+02	8.024501002475e-01	2.213180682640e-01	5.541589566836e-01	1.014510726929e+02	1.928730125655e-05
301	3.010000000000e+02	7.847516905401e-01	2.779388669386e-01	5.539988902871e-01	1.013015670776e+02	1.932117629622e-05
302	3.020000000000e+02	7.630822742062e-01	3.329557262701e-01	5.539367537331e-01	1.011316070557e+02	1.936044463946e-05
303	3.030000000000e+02	7.377028491436e-01	3.862769876818e-01	5.537008173670e-01	1.009786224365e+02	1.939175672305e-05
304	3.040000000000e+02	7.083658327818e-01	4.381959397748e-01	5.533553698232e-01	1.008083114624e+02	1.942440030689e-05
305	3.050000000000e+02	6.753905363500e-01	4.877268605974e-01	5.531456705613e-01	1.006415252686e+02	1.946985867107e-05
306	3.060000000000e+02	6.388751774968e-01	5.350584804893e-01	5.527666144359e-01	1.004853057861e+02	1.951056765392e-05
307	3.070000000000e+02	5.996245177087e-01	5.793057082661e-01	5.521370610028e-01	1.003927764893e+02	1.954759500222e-05
308	3.080000000000e+02	5.575273287610e-01	6.205451609468e-01	5.514408226729e-01	1.002790222168e+02	1.957515269169e-05
309	3.090000000000e+02	5.124192372353e-01	6.590552036133e-01	5.505204482137e-01	1.001774063110e+02	1.959973451449e-05
310	3.100000000000e+02	4.644017447637e-01	6.943538111892e-01	5.497306652784e-01	1.000664978027e+02	1.963579234143e-05
311	3.110000000000e+02	4.143786313969e-01	7.258617256735e-01	5.490128459735e-01	9.995842742920e+01	1.965790397662e-05
312	3.120000000000e+02	3.621852204584e-01	7.538244824780e-01	5.482431173287e-01	9.985668182373e+01	1.969423828996e-05
313	3.130000000000e+02	3.080323049471e-01	7.781694745159e-01	5.473283914074e-01	9.975502014160e+01	1.972856443899e-05
314	3.140000000000e+02	2.528569040932e-01	7.983872663252e-01	5.464807032478e-01	9.966767883301e+01	1.974414954020e-05
315	3.150000000000e+02	1.963629565512e-01	8.147669054156e-01	5.455240408397e-01	9.958921051025e+01	1.975406121346e-05
316	3.160000000000e+02	1.385509072977e-01	8.272891058683e-01	5.444229802264e-01	9.952301025391e+01	1.978245563805e-05
317	3.170000000000e+02	7.942335704576e-02	8.357778476202e-01	5.432930330704e-01	9.947077178955e+01	1.980037268368e-05
318	3.180000000000e+02	2.108893030301e-02	8.400146141470e-01	5.421537651239e-01	9.942921447754e+01	1.982420326385e-05
319	3.190000000000e+02	-3.736437440063e-02	8.401879247163e-01	5.410066124240e-01	9.939497375488e+01	1.984666232602e-05
320	3.200000000000e+02	-9.608891459131e-02	8.362357213840e-01	5.398858571718e-01	9.937297821045e+01	1.982980757020e-05
321	3.210000000000e+02	-1.537157580999e-01	8.283491896248e-01	5.387105769888e-01	9.933444213867e+01	1.988044277823e-05
322	3.220000000000e+02	-2.113622124832e-01	8.163101773583e-01	5.375534480175e-01	9.932562255859e+01	1.990074997593e-05
323	3.230000000000e+02	-2.678140597015e-01	8.003201248295e-01	5.364357624348e-01	9.931533813477e+01	1.991446333705e-05
324	3.240000000000e+02	-3.230794603552e-01	7.804148510660e-01	5.353245020847e-01	9.932179260254e+01	1.992372017412e-05
325	3.250000000000e+02	-3.770675053259e-01	7.566091356029e-01	5.341935158251e-01	9.932740783691e+01	1.992411125684e-05
326	3.260000000000e+02	-4.294415733126e-01	7.289920704380e-01	5.330576857614e-01	9.934640502930e+01	1.991925819311e-05
327	3.270000000000e+02	-4.794577981016e-01	6.978710098069e-01	5.320679218959e-01	9.936074066162e+01	1.992360012082e-05
328	3.280000000000e+02	-5.275306869425e-01	6.630740821421e-01	5.310782766461e-01	9.939045715332e+01	1.991950375668e-05
329	3.290000000000e+02	-5.727004301380e-01	6.252488737718e-01	5.301679575068e-01	9.946520233154e+01	1.991277531488e-05
330	3.300000000000e+02	-6.151621412057e-01	5.845016992151e-01	5.290872363249e-01	9.953172302246e+01	1.990700366150e-05
331	3.310000000000e+02	-6.540764627666e-01	5.412406612089e-01	5.284340332613e-01	9.958210754395e+01	1.990109558392e-05
332	3.320000000000e+02	-6.903297466687e-01	4.952787227537e-01	5.273934277671e-01	9.965104675293e+01	1.990060627577e-05
333	3.330000000000e+02	-7.232706841603e-01	4.467702126525e-01	5.265699331719e-01	9.973306274414e+01	1.988761141547e-05
334	3.340000000000e+02	-7.524995026842e-01	3.962943149492e-01	5.260183593744e-01	9.980016326904e+01	1.986752249650e-05
335	3.350000000000e+02	-7.784310989548e-01	3.436508003990e-01	5.253086250626e-01	9.988486480713e+01	1.986174720514e-05
336	3.360000000000e+02	-8.005146842900e-01	2.892968804894e-01	5.248652733560e-01	9.998252868652e+01	1.983061520150e-05
337	3.370000000000e+02	-8.190680969462e-01	2.335440048967e-01	5.240082540778e-01	1.001318588257e+02	1.980066735996e-05
338	3.380000000000e+02	-8.333373922361e-01	1.767291549298e-01	5.237514644360e-01	1.002335281372e+02	1.978005275305e-05
339	3.390000000000e+02	-8.436039986361e-01	1.192184061088e-01	5.235640028974e-01	1.003298873901e+02	1.974599217647e-05
340	3.400000000000e+02	-8.499969497363e-01	6.092726478019e-02	5.232523806399e-01	1.004357452393e+02	1.972093923541e-05
341	3.410000000000e+02	-8.523492933549e-01	2.266997892287e-03	5.229680132073e-01	1.005754089355e+02	1.968720243894e-05
342	3.420000000000e+02	-8.506747059692e-01	-5.649542580242e-02	5.226478848017e-01	1.007274475098e+02	1.967330535990e-05
343	3.430000000000e+02	-8.448085928150e-01	-1.148297276939e-01	5.226017366444e-01	1.008702087402e+02	1.963761496881e-05
344	3.440000000000e+02	-8.348300697889e-01	-1.727425904738e-01	5.227033116527e-01	1.010095596313e+02	1.962700662261e-05
345	3.450000000000e+02	-8.206693690930e-01	-2.302871080454e-01	5.229432421407e-01	1.011548156738e+02	1.960210465768e-05
346	3.460000000000e+02	-8.024790023705e-01	-2.869924864107e-01	5.231278653429e-01	1.013373641968e+02	1.958428401849e-05
347	3.470000000000e+02	-7.807511759247e-01	-3.410749110302e-01	5.235413129429e-01	1.014661102295e+02	1.955463449121e-05
348	3.480000000000e+02	-7.553874440195e-01	-3.936817241549e-01	5.238363384532e-01	1.015621871948e+02	1.952977254405e-05
349	3.490000000000e+02	-7.263974213044e-01	-4.448115404430e-01	5.239174360633e-01	1.017463912964e+02	1.949594116013e-05
350	3.500000000000e+02	-6.939342890100e-01	-4.935826151486e-01	5.242436499942e-01	1.019080123901e+02	1.946376323758e-05
351	3.510000000000e+02	-6.583840710701e-01	-5.393776597235e-01	5.249782425515e-01	1.020055236816e+02	1.945926305780e-05
352	3.520000000000e+02	-6.191052182483e-01	-5.837039428034e-01	5.253555328475e-01	1.022372131348e+02	1.941460322996e-05
353	3.530000000000e+02	-5.767779569686e-01	-6.249989225849e-01	5.260261734200e-01	1.024312210083e+02	1.939415415109e-05
354	3.540000000000e+02	-5.329421271493e-01	-6.622779301844e-01	5.266503890631e-01	1.025540847778e+02	1.938757668540e-05
355	3.550000000000e+02	-4.859590286386e-01	-6.967142293088e-01	5.276676085977e-01	1.027458190918e+02	1.938221430464e-05
356	3.560000000000e+02	-4.367066149159e-01	-7.278503986322e-01	5.286975786776e-01	1.028263397217e+02	1.936361877597e-05
357	3.570000000000e+02	-3.852353795455e-01	-7.556381171356e-01	5.297213779698e-01	1.029096145630e+02	1.933774728968e-05
358	3.580000000000e+02	-3.322182151438e-01	-7.799281027604e-01	5.304179597743e-01	1.031277847290e+02	1.931178485393e-05
359	3.590000000000e+02	-2.777692283253e-01	-8.003284599643e-01	5.313366277292e-01	1.032525100708e+02	1.928252640937e-05
360	3.600000000000e+02	-2.216352088148e-01	-8.169475255372e-01	5.324233040845e-01	1.033215026855e+02	1.927093398990e-05
