# Filename: 162325_polarimeter_vs_wheel.dat
# Timestamp: Thu Apr 18 16:23:25 2019

# Column 1:
#	name: measurement point
#	size: 0
#	type: coordinate
# Column 2:
#	name: angle
#	type: value
# Column 3:
#	name: S1
#	type: value
# Column 4:
#	name: S2
#	type: value
# Column 5:
#	name: S3
#	type: value
# Column 6:
#	name: DOP
#	type: value
# Column 7:
#	name: power
#	type: value

0	0.000000000000e+00	1.292182009646e-01	-9.910170516765e-01	-3.446534238813e-02	1.048787841797e+02	7.247866960824e-06
1	1.000000000000e+00	1.566769911162e-01	-9.870689742564e-01	-3.386975812242e-02	1.049811859131e+02	7.422855105688e-06
2	2.000000000000e+00	1.903592065183e-01	-9.811503667920e-01	-3.327657190213e-02	1.050621795654e+02	7.639857358299e-06
3	3.000000000000e+00	2.236882546309e-01	-9.741089346816e-01	-3.279250087639e-02	1.049892425537e+02	7.857503078412e-06
4	4.000000000000e+00	2.572062687630e-01	-9.658244895940e-01	-3.206229264389e-02	1.050441436768e+02	8.086756679404e-06
5	5.000000000000e+00	2.905355511206e-01	-9.563327654175e-01	-3.188628739781e-02	1.050518112183e+02	8.298189641209e-06
6	6.000000000000e+00	3.234790484913e-01	-9.457405090306e-01	-3.059729997367e-02	1.049976272583e+02	8.509169674653e-06
7	7.000000000000e+00	3.557563944129e-01	-9.340929074102e-01	-3.013018686076e-02	1.049700546265e+02	8.717697710381e-06
8	8.000000000000e+00	3.874375177253e-01	-9.214330865626e-01	-2.921021818615e-02	1.050086898804e+02	8.924825124268e-06
9	9.000000000000e+00	4.186433253276e-01	-9.077196941925e-01	-2.797718595168e-02	1.050300979614e+02	9.142328963208e-06
10	1.000000000000e+01	4.497978066437e-01	-8.927174132685e-01	-2.715793043761e-02	1.050864334106e+02	9.331388355349e-06
11	1.100000000000e+01	4.800359902250e-01	-8.768586689853e-01	-2.615956257334e-02	1.050696182251e+02	9.533498086967e-06
12	1.200000000000e+01	5.094819084905e-01	-8.601107551689e-01	-2.525220314637e-02	1.050430297852e+02	9.727983524499e-06
13	1.300000000000e+01	5.389379819823e-01	-8.419761200031e-01	-2.494122934710e-02	1.050395050049e+02	9.910628250509e-06
14	1.400000000000e+01	5.672935142152e-01	-8.231672875252e-01	-2.395173224950e-02	1.049192276001e+02	1.010326468531e-05
15	1.500000000000e+01	5.952438870141e-01	-8.031963933435e-01	-2.366999561194e-02	1.048859710693e+02	1.029468148772e-05
16	1.600000000000e+01	6.223559961792e-01	-7.824117123553e-01	-2.247056717281e-02	1.048376083374e+02	1.049058028002e-05
17	1.700000000000e+01	6.490361695152e-01	-7.604527840440e-01	-2.153169526028e-02	1.047372436523e+02	1.065254400601e-05
18	1.800000000000e+01	6.748579048904e-01	-7.376594262436e-01	-2.062472014194e-02	1.047289428711e+02	1.082091330318e-05
19	1.900000000000e+01	6.999421913453e-01	-7.139348084458e-01	-1.944268665180e-02	1.046851348877e+02	1.098121447285e-05
20	2.000000000000e+01	7.246688794218e-01	-6.888486411513e-01	-1.850850565555e-02	1.046317672729e+02	1.114897713705e-05
21	2.100000000000e+01	7.479935066736e-01	-6.634802738948e-01	-1.731011630533e-02	1.045153808594e+02	1.130475538957e-05
22	2.200000000000e+01	7.708698143548e-01	-6.367791976166e-01	-1.649190102578e-02	1.045233001709e+02	1.144772795669e-05
23	2.300000000000e+01	7.922652608968e-01	-6.099756153273e-01	-1.566860179523e-02	1.044689788818e+02	1.159915518656e-05
24	2.400000000000e+01	8.133841719959e-01	-5.815289655172e-01	-1.517402422081e-02	1.043765487671e+02	1.173349392047e-05
25	2.500000000000e+01	8.329739046479e-01	-5.531299006285e-01	-1.420518237632e-02	1.042791442871e+02	1.186885219795e-05
26	2.600000000000e+01	8.516535859115e-01	-5.239293779643e-01	-1.357116465100e-02	1.042778320312e+02	1.199060534418e-05
27	2.700000000000e+01	8.689809657994e-01	-4.946854956238e-01	-1.258338180775e-02	1.042107391357e+02	1.210775189975e-05
28	2.800000000000e+01	8.855686074342e-01	-4.643644235757e-01	-1.157253836391e-02	1.040767669678e+02	1.221489401360e-05
29	2.900000000000e+01	9.011152080935e-01	-4.334509486129e-01	-1.056678234627e-02	1.040696792603e+02	1.232809972862e-05
30	3.000000000000e+01	9.154035310969e-01	-4.024337323006e-01	-9.135992665020e-03	1.039039459229e+02	1.241243262484e-05
31	3.100000000000e+01	9.286358625478e-01	-3.708940272006e-01	-8.547243825510e-03	1.039435653687e+02	1.249209526577e-05
32	3.200000000000e+01	9.409376259107e-01	-3.384934490101e-01	-7.653046635882e-03	1.038696975708e+02	1.256073028344e-05
33	3.300000000000e+01	9.521992608231e-01	-3.054098084284e-01	-6.435573295503e-03	1.037884674072e+02	1.266396520805e-05
34	3.400000000000e+01	9.622326445921e-01	-2.721659567370e-01	-5.833495926159e-03	1.036481475830e+02	1.273322504858e-05
35	3.500000000000e+01	9.711075568093e-01	-2.385797717555e-01	-5.459452073612e-03	1.035681228638e+02	1.279283060285e-05
36	3.600000000000e+01	9.787177067672e-01	-2.051642248024e-01	-4.392188701377e-03	1.034926910400e+02	1.284060363105e-05
37	3.700000000000e+01	9.853203017119e-01	-1.706699240512e-01	-3.959805385436e-03	1.034257812500e+02	1.291076569032e-05
38	3.800000000000e+01	9.906460319901e-01	-1.364274960299e-01	-2.824469735216e-03	1.032571105957e+02	1.292285105592e-05
39	3.900000000000e+01	9.948098468011e-01	-1.017304552090e-01	-2.069587038847e-03	1.031898803711e+02	1.296064056078e-05
40	4.000000000000e+01	9.977882250740e-01	-6.646405976139e-02	-1.089340926333e-03	1.030481796265e+02	1.298455663346e-05
41	4.100000000000e+01	9.994811945242e-01	-3.220556094931e-02	-3.789938539872e-04	1.030192337036e+02	1.300046369579e-05
42	4.200000000000e+01	9.999963531547e-01	2.651977820823e-03	5.105789658613e-04	1.029256973267e+02	1.300983967667e-05
43	4.300000000000e+01	9.993110223571e-01	3.709373371365e-02	1.239158915339e-03	1.028609161377e+02	1.301539668930e-05
44	4.400000000000e+01	9.974251384445e-01	7.168710029370e-02	2.013169233042e-03	1.027328262329e+02	1.314699784416e-05
45	4.500000000000e+01	9.943007384071e-01	1.065739083502e-01	2.836135062275e-03	1.026146240234e+02	1.308551964030e-05
46	4.600000000000e+01	9.899873176614e-01	1.411156701095e-01	3.387996317019e-03	1.025002822876e+02	1.294185676670e-05
47	4.700000000000e+01	9.845053409577e-01	1.752999478793e-01	4.377430665594e-03	1.023872222900e+02	1.296381742577e-05
48	4.800000000000e+01	9.779964248215e-01	2.085659994362e-01	4.818393462447e-03	1.023485641479e+02	1.291857370234e-05
49	4.900000000000e+01	9.701268878813e-01	2.425325106554e-01	5.639386926041e-03	1.022382888794e+02	1.287937720917e-05
50	5.000000000000e+01	9.612246304776e-01	2.756959536123e-01	6.241067615173e-03	1.021740646362e+02	1.284501831833e-05
51	5.100000000000e+01	9.511505739329e-01	3.086567943122e-01	6.600684214891e-03	1.020930404663e+02	1.277856608795e-05
52	5.200000000000e+01	9.398035053319e-01	3.416379169076e-01	7.273589000587e-03	1.020134353638e+02	1.271682231163e-05
53	5.300000000000e+01	9.273520765847e-01	3.741082287964e-01	7.820434824148e-03	1.019220046997e+02	1.264988623007e-05
54	5.400000000000e+01	9.138266372246e-01	4.060174037880e-01	8.410999945756e-03	1.018134918213e+02	1.258016072825e-05
55	5.500000000000e+01	8.993612886595e-01	4.371150172353e-01	8.929399090202e-03	1.017320251465e+02	1.249100932910e-05
56	5.600000000000e+01	8.835565450851e-01	4.682321492218e-01	9.299788837944e-03	1.016279754639e+02	1.238801905856e-05
57	5.700000000000e+01	8.668067665046e-01	4.985482683992e-01	9.780266766548e-03	1.015468750000e+02	1.228818837262e-05
58	5.800000000000e+01	8.487568727395e-01	5.286914197379e-01	9.856656276194e-03	1.014683914185e+02	1.216864438902e-05
59	5.900000000000e+01	8.298984090400e-01	5.578192543687e-01	1.031068030748e-02	1.013715438843e+02	1.205576427310e-05
60	6.000000000000e+01	8.100665800026e-01	5.862457925477e-01	1.039262637674e-02	1.013010330200e+02	1.194922060677e-05
61	6.100000000000e+01	7.894259309745e-01	6.137539700058e-01	1.061903042717e-02	1.012153701782e+02	1.181949573947e-05
62	6.200000000000e+01	7.676485923187e-01	6.407755512495e-01	1.106036310666e-02	1.011212387085e+02	1.167593200080e-05
63	6.300000000000e+01	7.450062379617e-01	6.669588685616e-01	1.147052942075e-02	1.010284118652e+02	1.154363872047e-05
64	6.400000000000e+01	7.216309924584e-01	6.921780584174e-01	1.175781310885e-02	1.009469757080e+02	1.139273535955e-05
65	6.500000000000e+01	6.975137511817e-01	7.164720326652e-01	1.193286725750e-02	1.008752670288e+02	1.125384551415e-05
66	6.600000000000e+01	6.727681718419e-01	7.397549021941e-01	1.206945053662e-02	1.008092041016e+02	1.109160348278e-05
67	6.700000000000e+01	6.467264999558e-01	7.626201865168e-01	1.246135514038e-02	1.007265014648e+02	1.094145045499e-05
68	6.800000000000e+01	6.200985853248e-01	7.844224503962e-01	1.261601334360e-02	1.006466217041e+02	1.077955221263e-05
69	6.900000000000e+01	5.927124635451e-01	8.053126726557e-01	1.278416279954e-02	1.005794143677e+02	1.060343129211e-05
70	7.000000000000e+01	5.643616786174e-01	8.254273183450e-01	1.287003643743e-02	1.005155944824e+02	1.041948326019e-05
71	7.100000000000e+01	5.353467592698e-01	8.445321169336e-01	1.301348558168e-02	1.004399871826e+02	1.021724074235e-05
72	7.200000000000e+01	5.055832354389e-01	8.626781993057e-01	1.311169271043e-02	1.003600082397e+02	1.003195393423e-05
73	7.300000000000e+01	4.757516608013e-01	8.794813993394e-01	1.314630978043e-02	1.002991180420e+02	9.837599463935e-06
74	7.400000000000e+01	4.449452443337e-01	8.954620741006e-01	1.309211183488e-02	1.002332534790e+02	9.641136784921e-06
75	7.500000000000e+01	4.134181675511e-01	9.104489142011e-01	1.296893860938e-02	1.001703491211e+02	9.441915608477e-06
76	7.600000000000e+01	3.812964312121e-01	9.243638124693e-01	1.282862978173e-02	1.001136245728e+02	9.231789590558e-06
77	7.700000000000e+01	3.493583826625e-01	9.369042695852e-01	1.261388506469e-02	1.000614624023e+02	9.024772225530e-06
78	7.800000000000e+01	3.167455501374e-01	9.484301799354e-01	1.234707479124e-02	1.000071258545e+02	8.814009561320e-06
79	7.900000000000e+01	2.840380064832e-01	9.587349704989e-01	1.223385530467e-02	9.995507812500e+01	8.600293767813e-06
80	8.000000000000e+01	2.510857959934e-01	9.678907588639e-01	1.197505558050e-02	9.990812683105e+01	8.377676749660e-06
81	8.100000000000e+01	2.176688167991e-01	9.759502660710e-01	1.188967405709e-02	9.986219024658e+01	8.156718649843e-06
82	8.200000000000e+01	1.842082246696e-01	9.828198968072e-01	1.150566834458e-02	9.981742858887e+01	7.933777851576e-06
83	8.300000000000e+01	1.504349816692e-01	9.885558831286e-01	1.125087649993e-02	9.977276611328e+01	7.704039489909e-06
84	8.400000000000e+01	1.170545091157e-01	9.930644790780e-01	1.100828275285e-02	9.973371887207e+01	7.481493412342e-06
85	8.500000000000e+01	8.303162776318e-02	9.964902339904e-01	1.062837489046e-02	9.969958496094e+01	7.256465778482e-06
86	8.600000000000e+01	4.897688334210e-02	9.987464923186e-01	1.033000384099e-02	9.965789794922e+01	7.023996658972e-06
87	8.700000000000e+01	1.454800379434e-02	9.998438929940e-01	1.002722435382e-02	9.962863922119e+01	6.791788564442e-06
88	8.800000000000e+01	-1.970985487022e-02	9.997589978134e-01	9.667880440690e-03	9.959591674805e+01	6.567931905010e-06
89	8.900000000000e+01	-5.402521227936e-02	9.984978608359e-01	9.126792659275e-03	9.957607269287e+01	6.334274530673e-06
90	9.000000000000e+01	-8.817277647102e-02	9.960679142941e-01	8.618097425338e-03	9.954654693604e+01	6.103609848651e-06
91	9.100000000000e+01	-1.222525086568e-01	9.924654840691e-01	8.160089370588e-03	9.952960968018e+01	5.865035291208e-06
92	9.200000000000e+01	-1.562134084595e-01	9.876936893677e-01	7.651601185106e-03	9.950620269775e+01	5.624669029203e-06
93	9.300000000000e+01	-1.899916329490e-01	9.817607098247e-01	7.006286742225e-03	9.949523162842e+01	5.407062872109e-06
94	9.400000000000e+01	-2.236583903570e-01	9.746458232916e-01	6.514872455926e-03	9.947451019287e+01	5.169446467335e-06
95	9.500000000000e+01	-2.568572290475e-01	9.664314357944e-01	5.885897922425e-03	9.946571350098e+01	4.940775397699e-06
96	9.600000000000e+01	-2.895547242474e-01	9.571458895158e-01	5.459656488985e-03	9.945814514160e+01	4.711772362498e-06
97	9.700000000000e+01	-3.216718660897e-01	9.468384547802e-01	4.914378477197e-03	9.945165252686e+01	4.490764240472e-06
98	9.800000000000e+01	-3.534930759290e-01	9.354276376876e-01	4.216624294000e-03	9.944610595703e+01	4.266934411135e-06
99	9.900000000000e+01	-3.851147022971e-01	9.228613484074e-01	3.687504616963e-03	9.945980072021e+01	4.049098151881e-06
100	1.000000000000e+02	-4.157598769887e-01	9.094690554287e-01	3.124404584381e-03	9.945227813721e+01	3.841663328785e-06
101	1.010000000000e+02	-4.459899717520e-01	8.950340739156e-01	2.636593783650e-03	9.945960235596e+01	3.627246542237e-06
102	1.020000000000e+02	-4.754192700812e-01	8.797569078724e-01	2.073809596530e-03	9.946466064453e+01	3.423631596888e-06
103	1.030000000000e+02	-5.045278893911e-01	8.633940520342e-01	1.523068780718e-03	9.947281646729e+01	3.223510020689e-06
104	1.040000000000e+02	-5.333546206559e-01	8.458911015410e-01	1.045446647031e-03	9.949830627441e+01	3.026717422472e-06
105	1.050000000000e+02	-5.612560174646e-01	8.276421335468e-01	4.261899605734e-04	9.951293945312e+01	2.833046437445e-06
106	1.060000000000e+02	-5.889041885639e-01	8.082028541809e-01	-5.644313835489e-05	9.954626464844e+01	2.640841330503e-06
107	1.070000000000e+02	-6.151203869928e-01	7.884329222736e-01	-6.607426369197e-04	9.955918884277e+01	2.451939508319e-06
108	1.080000000000e+02	-6.409525371501e-01	7.675796827227e-01	-1.129509706231e-03	9.959603881836e+01	2.272926622027e-06
109	1.090000000000e+02	-6.660097511356e-01	7.459409184280e-01	-1.776965734316e-03	9.961466979980e+01	2.097766582665e-06
110	1.100000000000e+02	-6.903720610274e-01	7.234508165517e-01	-2.309411921813e-03	9.965052795410e+01	1.927326820805e-06
111	1.110000000000e+02	-7.139297510896e-01	7.002113541036e-01	-2.893111391507e-03	9.967447662354e+01	1.764567741702e-06
112	1.120000000000e+02	-7.549115019688e-01	6.558164060276e-01	-3.669574954220e-03	1.009818725586e+02	1.587838028172e-06
113	1.130000000000e+02	-7.755158724500e-01	6.313158171324e-01	-3.933270468755e-03	1.010366821289e+02	1.439419634153e-06
114	1.140000000000e+02	-7.953175172911e-01	6.061759839729e-01	-4.552268048971e-03	1.011057434082e+02	1.298026290897e-06
115	1.150000000000e+02	-8.142105581897e-01	5.805469976159e-01	-5.133272991830e-03	1.011809158325e+02	1.162450871561e-06
116	1.160000000000e+02	-8.318946561291e-01	5.549090586896e-01	-5.217057414419e-03	1.012478408813e+02	1.035455966303e-06
117	1.170000000000e+02	-8.485541991766e-01	5.290789427788e-01	-5.589576715925e-03	1.013033676147e+02	9.146210118161e-07
118	1.180000000000e+02	-8.643648597938e-01	5.028316480190e-01	-5.807142521025e-03	1.013815231323e+02	8.000905040717e-07
119	1.190000000000e+02	-8.786378074585e-01	4.774529255091e-01	-5.857237185548e-03	1.013930206299e+02	6.937482339708e-07
120	1.200000000000e+02	-8.918434161033e-01	4.523028841497e-01	-6.117364063759e-03	1.014673919678e+02	5.953890536148e-07
121	1.210000000000e+02	-9.040094789530e-01	4.274727266781e-01	-5.824938585955e-03	1.015405807495e+02	5.026462304158e-07
122	1.220000000000e+02	-9.149941014232e-01	4.034278163696e-01	-5.638380974545e-03	1.015899047852e+02	4.178000949651e-07
123	1.230000000000e+02	-9.246800959931e-01	3.807038180849e-01	-5.596692758302e-03	1.016224670410e+02	3.402181789625e-07
124	1.240000000000e+02	-9.327453849431e-01	3.604992095796e-01	-5.134857343738e-03	1.015687637329e+02	2.713821913858e-07
125	1.250000000000e+02	-9.394485800324e-01	3.426630716103e-01	-4.287753458724e-03	1.015477676392e+02	2.097117857147e-07
126	1.260000000000e+02	-9.437374127875e-01	3.306784319623e-01	-3.386789058928e-03	1.014084854126e+02	1.564204978877e-07
127	1.270000000000e+02	-9.454570325707e-01	3.257429995986e-01	-1.580435126073e-03	1.014116134644e+02	1.105179805450e-07
128	1.280000000000e+02	-9.427997140258e-01	3.333588714351e-01	-7.497121558792e-04	1.010824966431e+02	7.289749959227e-08
129	1.290000000000e+02	-9.315271350285e-01	3.636718121159e-01	9.888367175657e-05	1.008468551636e+02	4.294198063803e-08
130	1.300000000000e+02	-8.878261294410e-01	4.600474605660e-01	-1.100444948950e-02	9.833929443359e+01	2.121258191323e-08
131	1.310000000000e+02	-7.169236427142e-01	6.910094337923e-01	-9.233879427132e-02	9.303075408936e+01	7.401347978941e-09
132	1.320000000000e+02	2.244279684788e-01	6.275948089482e-01	-7.454910078235e-01	8.234696960449e+01	1.953609718441e-09
133	1.330000000000e+02	-5.160371959692e-01	-7.308244973473e-01	-4.467674635124e-01	9.538401031494e+01	4.524875585332e-09
134	1.340000000000e+02	-8.152198762478e-01	-5.425530119867e-01	-2.026148626203e-01	9.951785278320e+01	1.512965575046e-08
135	1.350000000000e+02	-8.895845267324e-01	-4.367441206978e-01	-1.337682429959e-01	1.020092773438e+02	3.348695543082e-08
136	1.360000000000e+02	-9.133670049199e-01	-3.948070150142e-01	-9.943910306980e-02	1.024898300171e+02	5.997738128372e-08
137	1.370000000000e+02	-9.206327595114e-01	-3.815238614600e-01	-8.291480718820e-02	1.026828765869e+02	9.406674195134e-08
138	1.380000000000e+02	-9.202920380941e-01	-3.842861356604e-01	-7.339434964488e-02	1.029699020386e+02	1.352423595335e-07
139	1.390000000000e+02	-9.161261871204e-01	-3.953156274157e-01	-6.662104767417e-02	1.031101760864e+02	1.849477371252e-07
140	1.400000000000e+02	-9.090541181583e-01	-4.119816081414e-01	-6.238401087373e-02	1.033148651123e+02	2.419421889499e-07
141	1.410000000000e+02	-9.001834509388e-01	-4.315050646304e-01	-5.893330004571e-02	1.033863372803e+02	3.076504810906e-07
142	1.420000000000e+02	-8.894757075542e-01	-4.534241705723e-01	-5.691649331892e-02	1.034694213867e+02	3.798914178788e-07
143	1.430000000000e+02	-8.779267493093e-01	-4.755860629410e-01	-5.534003599032e-02	1.033775329590e+02	4.613802673248e-07
144	1.440000000000e+02	-8.647415419093e-01	-4.992455585308e-01	-5.455215837717e-02	1.033828125000e+02	5.491040155903e-07
145	1.450000000000e+02	-8.497911946054e-01	-5.244209571725e-01	-5.326898956579e-02	1.034819564819e+02	6.446198312915e-07
146	1.460000000000e+02	-8.338643350880e-01	-5.494695739403e-01	-5.247340261622e-02	1.035633010864e+02	7.474334893232e-07
147	1.470000000000e+02	-8.164647871967e-01	-5.750909466568e-01	-5.153304125740e-02	1.037391815186e+02	8.568739531256e-07
148	1.480000000000e+02	-7.976914622390e-01	-6.009181330042e-01	-5.085005897465e-02	1.039260101318e+02	9.739713959789e-07
149	1.490000000000e+02	-7.786326168381e-01	-6.254538471822e-01	-5.038584167115e-02	1.038991012573e+02	1.096585037885e-06
150	1.500000000000e+02	-7.584996856465e-01	-6.497567277742e-01	-4.994418470921e-02	1.039830398560e+02	1.227975872098e-06
151	1.510000000000e+02	-7.375569510020e-01	-6.734837020519e-01	-4.928942177694e-02	1.039971466064e+02	1.364711124552e-06
152	1.520000000000e+02	-7.156464653057e-01	-6.967371286712e-01	-4.906638591255e-02	1.041644515991e+02	1.506850708211e-06
153	1.530000000000e+02	-6.929961616314e-01	-7.192918991671e-01	-4.873893471003e-02	1.041296691895e+02	1.656509880377e-06
154	1.540000000000e+02	-6.691264400162e-01	-7.416028873404e-01	-4.790579046009e-02	1.041286697388e+02	1.811815650399e-06
155	1.550000000000e+02	-6.653966536391e-01	-7.449630686982e-01	-4.772126990852e-02	1.030945129395e+02	1.984951268241e-06
156	1.560000000000e+02	-6.406730988641e-01	-7.663427607073e-01	-4.750529973984e-02	1.032446441650e+02	2.146475253539e-06
157	1.570000000000e+02	-6.150487835627e-01	-7.870610564387e-01	-4.743297666916e-02	1.032244262695e+02	2.322717136849e-06
158	1.580000000000e+02	-5.884613985985e-01	-8.071597142696e-01	-4.697209831082e-02	1.034239578247e+02	2.498718231436e-06
159	1.590000000000e+02	-5.607707557837e-01	-8.266272410200e-01	-4.715468016499e-02	1.034250564575e+02	2.682657395781e-06
160	1.600000000000e+02	-5.324618281535e-01	-8.451534794351e-01	-4.690413369948e-02	1.035474548340e+02	2.869554919016e-06
161	1.610000000000e+02	-5.041223414600e-01	-8.623855170397e-01	-4.638841278896e-02	1.035784530640e+02	3.063159738304e-06
162	1.620000000000e+02	-4.746381266416e-01	-8.789655506040e-01	-4.624077842829e-02	1.036614074707e+02	3.261098527219e-06
163	1.630000000000e+02	-4.445887772564e-01	-8.945385694498e-01	-4.627706672117e-02	1.037851333618e+02	3.461912001512e-06
164	1.640000000000e+02	-4.135829392680e-01	-9.093080455097e-01	-4.591329565355e-02	1.039157180786e+02	3.667471901281e-06
165	1.650000000000e+02	-3.823653151871e-01	-9.229137419310e-01	-4.502211342027e-02	1.039066925049e+02	3.879872565449e-06
166	1.660000000000e+02	-3.498149621994e-01	-9.357665805180e-01	-4.438917668806e-02	1.040950851440e+02	4.091682512808e-06
167	1.670000000000e+02	-3.176419385792e-01	-9.471951897884e-01	-4.387335521006e-02	1.041412811279e+02	4.306012669986e-06
168	1.680000000000e+02	-2.854066925178e-01	-9.574122661732e-01	-4.364369882570e-02	1.041999588013e+02	4.523826646619e-06
169	1.690000000000e+02	-2.535911935688e-01	-9.663550124565e-01	-4.300577222446e-02	1.043134155273e+02	4.742412329506e-06
170	1.700000000000e+02	-2.214559856911e-01	-9.742567189915e-01	-4.220298451004e-02	1.044425888062e+02	4.962830644217e-06
171	1.710000000000e+02	-1.883522617576e-01	-9.812132875578e-01	-4.176014620289e-02	1.044876937866e+02	5.187948318053e-06
172	1.720000000000e+02	-1.544885066915e-01	-9.871335929298e-01	-4.123798018477e-02	1.045569000244e+02	5.414140559878e-06
173	1.730000000000e+02	-1.210608638895e-01	-9.918088805831e-01	-4.073587645721e-02	1.044784927368e+02	5.643957592838e-06
174	1.740000000000e+02	-8.700879472833e-02	-9.954050799944e-01	-3.997744815819e-02	1.045668640137e+02	5.872557721887e-06
175	1.750000000000e+02	-5.360196644673e-02	-9.977952063004e-01	-3.913509265317e-02	1.046892623901e+02	6.097116511228e-06
176	1.760000000000e+02	-1.932850845044e-02	-9.990674494888e-01	-3.860880900781e-02	1.047004318237e+02	6.327689789032e-06
177	1.770000000000e+02	1.575239790699e-02	-9.991358989584e-01	-3.846189507430e-02	1.046730575562e+02	6.555976142408e-06
178	1.780000000000e+02	4.948022922566e-02	-9.980732161995e-01	-3.743744143060e-02	1.047048492432e+02	6.786999620090e-06
179	1.790000000000e+02	8.317019579508e-02	-9.958408242765e-01	-3.719907573632e-02	1.048338928223e+02	7.012838977971e-06
180	1.800000000000e+02	1.173351917509e-01	-9.924355820670e-01	-3.611188480384e-02	1.049341201782e+02	7.240822469612e-06
181	1.810000000000e+02	1.518687436804e-01	-9.877567981824e-01	-3.567060887298e-02	1.049158706665e+02	7.473737696273e-06
182	1.820000000000e+02	1.852030507628e-01	-9.820906865313e-01	-3.460799642692e-02	1.049258346558e+02	7.706882570346e-06
183	1.830000000000e+02	2.192675516001e-01	-9.750694314140e-01	-3.407850843555e-02	1.049775238037e+02	7.939730494400e-06
184	1.840000000000e+02	2.531017370723e-01	-9.668592025155e-01	-3.350810651334e-02	1.050309600830e+02	8.162694939529e-06
185	1.850000000000e+02	2.863361560714e-01	-9.575626876276e-01	-3.294396742385e-02	1.049217453003e+02	8.395215445489e-06
186	1.860000000000e+02	3.193238761521e-01	-9.470947057991e-01	-3.230913750904e-02	1.049580841064e+02	8.621304914413e-06
187	1.870000000000e+02	3.517751763884e-01	-9.355525342466e-01	-3.155441239606e-02	1.048949432373e+02	8.848828656483e-06
188	1.880000000000e+02	3.839642051566e-01	-9.228311210493e-01	-3.089030885807e-02	1.049525222778e+02	9.065649464901e-06
189	1.890000000000e+02	4.148856660382e-01	-9.093798763673e-01	-2.996872660354e-02	1.050104675293e+02	9.279402547691e-06
190	1.900000000000e+02	4.453504702873e-01	-8.948980589679e-01	-2.864302131969e-02	1.051121978760e+02	9.491953278484e-06
191	1.910000000000e+02	4.754512791521e-01	-8.792909094495e-01	-2.817051139366e-02	1.051679229736e+02	9.687368219602e-06
192	1.920000000000e+02	5.047594963326e-01	-8.628469370113e-01	-2.670232484906e-02	1.052005386353e+02	9.897735253617e-06
193	1.930000000000e+02	5.344538519443e-01	-8.447864449949e-01	-2.636176198168e-02	1.050788497925e+02	1.010745927488e-05
194	1.940000000000e+02	5.626018432732e-01	-8.263472990643e-01	-2.508599758181e-02	1.050776748657e+02	1.030821840686e-05
195	1.950000000000e+02	5.909963377856e-01	-8.063055748413e-01	-2.438541990516e-02	1.050281600952e+02	1.049577349477e-05
196	1.960000000000e+02	6.178168158292e-01	-7.859822105703e-01	-2.311594137567e-02	1.050247039795e+02	1.069413337973e-05
197	1.970000000000e+02	6.451266956897e-01	-7.637505207183e-01	-2.228651186442e-02	1.049693603516e+02	1.089264969778e-05
198	1.980000000000e+02	6.708051892254e-01	-7.413370532580e-01	-2.097073138918e-02	1.048835830688e+02	1.108160358854e-05
199	1.990000000000e+02	6.964365230945e-01	-7.173312896253e-01	-2.029754233079e-02	1.048959350586e+02	1.126505594584e-05
200	2.000000000000e+02	7.211664619729e-01	-6.924835791414e-01	-1.963228832996e-02	1.048336029053e+02	1.145136775449e-05
201	2.010000000000e+02	7.446046651718e-01	-6.672377363216e-01	-1.891284835124e-02	1.047422027588e+02	1.161872569355e-05
202	2.020000000000e+02	7.671802646208e-01	-6.411832439227e-01	-1.784626821372e-02	1.046351776123e+02	1.177787635243e-05
203	2.030000000000e+02	7.889506361195e-01	-6.142218410478e-01	-1.698304291179e-02	1.045821838379e+02	1.195640106744e-05
204	2.040000000000e+02	8.099061864060e-01	-5.863287410474e-01	-1.644921405608e-02	1.046161499023e+02	1.211156450154e-05
205	2.050000000000e+02	8.298877050727e-01	-5.577211795924e-01	-1.528014408686e-02	1.045531158447e+02	1.226202130056e-05
206	2.060000000000e+02	8.487926305157e-01	-5.285304390833e-01	-1.437516416066e-02	1.044862823486e+02	1.238841832674e-05
207	2.070000000000e+02	8.664328836900e-01	-4.991166167719e-01	-1.329138528750e-02	1.044573745728e+02	1.254777362192e-05
208	2.080000000000e+02	8.829851520847e-01	-4.692388690640e-01	-1.233308385792e-02	1.044045791626e+02	1.265499122383e-05
209	2.090000000000e+02	8.988744007625e-01	-4.380623514069e-01	-1.123334027630e-02	1.043248977661e+02	1.276664443139e-05
210	2.100000000000e+02	9.131752586658e-01	-4.074303690842e-01	-1.055657655872e-02	1.043462371826e+02	1.288882867811e-05
211	2.110000000000e+02	9.268359377582e-01	-3.753404238064e-01	-9.731944135915e-03	1.042266387939e+02	1.297826474911e-05
212	2.120000000000e+02	9.389908725761e-01	-3.438249820586e-01	-8.973457036535e-03	1.042086029053e+02	1.307470665779e-05
213	2.130000000000e+02	9.504834488815e-01	-3.106706129018e-01	-8.061245652974e-03	1.040491790771e+02	1.316753241554e-05
214	2.140000000000e+02	9.606747578683e-01	-2.775837095258e-01	-7.161969048174e-03	1.039658432007e+02	1.325242556049e-05
215	2.150000000000e+02	9.698991117917e-01	-2.434250514707e-01	-6.321175688969e-03	1.038630294800e+02	1.333433920081e-05
216	2.160000000000e+02	9.777152335918e-01	-2.098703455756e-01	-5.230683562689e-03	1.037510528564e+02	1.339965547231e-05
217	2.170000000000e+02	9.845457663639e-01	-1.750638971269e-01	-4.718671176891e-03	1.036965484619e+02	1.346768385702e-05
218	2.180000000000e+02	9.900389561275e-01	-1.407394114223e-01	-3.909401810927e-03	1.036015930176e+02	1.351259925286e-05
219	2.190000000000e+02	9.943000352689e-01	-1.065782858311e-01	-2.916993916013e-03	1.034918518066e+02	1.356971097266e-05
220	2.200000000000e+02	9.974044545089e-01	-7.196972097032e-02	-2.171034132833e-03	1.034041748047e+02	1.362938292004e-05
221	2.210000000000e+02	9.992830620564e-01	-3.784866297681e-02	-9.168413856164e-04	1.032792510986e+02	1.365552725474e-05
222	2.220000000000e+02	9.999948919683e-01	-3.121676462807e-03	-6.864207444998e-04	1.032489013672e+02	1.366849028273e-05
223	2.230000000000e+02	9.995001425492e-01	3.161397471351e-02	1.471290191580e-04	1.031656036377e+02	1.368127777823e-05
224	2.240000000000e+02	9.978156605180e-01	6.605177406185e-02	1.034779314242e-03	1.030208053589e+02	1.367929598928e-05
225	2.250000000000e+02	9.949565177336e-01	1.002899701583e-01	1.857338190835e-03	1.029403381348e+02	1.364717081742e-05
226	2.260000000000e+02	9.909093219277e-01	1.345033738553e-01	2.749206858454e-03	1.028122863770e+02	1.366655305901e-05
227	2.270000000000e+02	9.855669068319e-01	1.692483474541e-01	3.587344675268e-03	1.026901397705e+02	1.364940180792e-05
228	2.280000000000e+02	9.791205630477e-01	2.032317880635e-01	4.445597563488e-03	1.025586242676e+02	1.362517105008e-05
229	2.290000000000e+02	9.714688007725e-01	2.371164194431e-01	4.916579719692e-03	1.025059509277e+02	1.357271685265e-05
230	2.300000000000e+02	9.625945192838e-01	2.708836502085e-01	5.817172378036e-03	1.023689880371e+02	1.352641447738e-05
231	2.310000000000e+02	9.526541227717e-01	3.039930579290e-01	6.192180308362e-03	1.022741012573e+02	1.347717716271e-05
232	2.320000000000e+02	9.416281206726e-01	3.365885417369e-01	6.681012640657e-03	1.021890716553e+02	1.337195408269e-05
233	2.330000000000e+02	9.294293970287e-01	3.689277493834e-01	7.301484352091e-03	1.021101608276e+02	1.332543979515e-05
234	2.340000000000e+02	9.159432960056e-01	4.012351099054e-01	7.633156732471e-03	1.019856719971e+02	1.327123754891e-05
235	2.350000000000e+02	9.015078042939e-01	4.326849877098e-01	8.208544795927e-03	1.018934936523e+02	1.313003849646e-05
236	2.360000000000e+02	8.858434742417e-01	4.639039274387e-01	8.630483784634e-03	1.017941207886e+02	1.303216686210e-05
237	2.370000000000e+02	8.692210517897e-01	4.943403044068e-01	9.078907677971e-03	1.016950454712e+02	1.291442004003e-05
238	2.380000000000e+02	8.513279245708e-01	5.245478953831e-01	9.501068108718e-03	1.016054000854e+02	1.279440220969e-05
239	2.390000000000e+02	8.324427800807e-01	5.540216032470e-01	9.953945308107e-03	1.014897766113e+02	1.267540574190e-05
240	2.400000000000e+02	8.126777185149e-01	5.826202665376e-01	1.041877387397e-02	1.013931045532e+02	1.254927337868e-05
241	2.410000000000e+02	7.919205025545e-01	6.105259403721e-01	1.095416662953e-02	1.012928543091e+02	1.241271274921e-05
242	2.420000000000e+02	7.703607342279e-01	6.375095634701e-01	1.122032281632e-02	1.012096176147e+02	1.227902612300e-05
243	2.430000000000e+02	7.480480089360e-01	6.635482851749e-01	1.130705834291e-02	1.011458587646e+02	1.212313418364e-05
244	2.440000000000e+02	7.246592092644e-01	6.890096529223e-01	1.160726531640e-02	1.010510253906e+02	1.196627817990e-05
245	2.450000000000e+02	7.002282240802e-01	7.138224954806e-01	1.174219516341e-02	1.009698562622e+02	1.184912616736e-05
246	2.460000000000e+02	6.751717231811e-01	7.375625661384e-01	1.202519221950e-02	1.008815002441e+02	1.163832621387e-05
247	2.470000000000e+02	6.490135573551e-01	7.606761013400e-01	1.238027542236e-02	1.007921295166e+02	1.146405702457e-05
248	2.480000000000e+02	6.225502620442e-01	7.824817275256e-01	1.239021053980e-02	1.007163619995e+02	1.128366329795e-05
249	2.490000000000e+02	5.951314414275e-01	8.035309326942e-01	1.251429694299e-02	1.006378250122e+02	1.111338406190e-05
250	2.500000000000e+02	5.667104261535e-01	8.238200758226e-01	1.264023577495e-02	1.005508193970e+02	1.092082493415e-05
251	2.510000000000e+02	5.379615481500e-01	8.428741226282e-01	1.267225772210e-02	1.004880294800e+02	1.073336807167e-05
252	2.520000000000e+02	5.080087293467e-01	8.612569958562e-01	1.278741554330e-02	1.004122467041e+02	1.053834421327e-05
253	2.530000000000e+02	4.779112198920e-01	8.783158112478e-01	1.273583972284e-02	1.003476028442e+02	1.033738953993e-05
254	2.540000000000e+02	4.471680373465e-01	8.943595616969e-01	1.271694841358e-02	1.002821044922e+02	1.013575183606e-05
255	2.550000000000e+02	4.159448023069e-01	9.093003318567e-01	1.276040434730e-02	1.002210159302e+02	9.923994184646e-06
256	2.560000000000e+02	3.839262021738e-01	9.232787549014e-01	1.253044421181e-02	1.001516952515e+02	9.690413207863e-06
257	2.570000000000e+02	3.517805339492e-01	9.359973030006e-01	1.262951740720e-02	1.000936355591e+02	9.472724741499e-06
258	2.580000000000e+02	3.188624676391e-01	9.477174248257e-01	1.258608012525e-02	1.000315856934e+02	9.272312126996e-06
259	2.590000000000e+02	2.859503670954e-01	9.581636139465e-01	1.244493740126e-02	9.997843933105e+01	9.034613867698e-06
260	2.600000000000e+02	2.528980950342e-01	9.674146331061e-01	1.230776910432e-02	9.992584991455e+01	8.775986316323e-06
261	2.610000000000e+02	2.198696710280e-01	9.754541949526e-01	1.210129379189e-02	9.987949371338e+01	8.545862328901e-06
262	2.620000000000e+02	1.860549321904e-01	9.824672948481e-01	1.189860333744e-02	9.983193206787e+01	8.308254109579e-06
263	2.630000000000e+02	1.519983875985e-01	9.883117413870e-01	1.167869873011e-02	9.978701782227e+01	8.069348041317e-06
264	2.640000000000e+02	1.179968621545e-01	9.929481823894e-01	1.143011860060e-02	9.973928070068e+01	7.811523573764e-06
265	2.650000000000e+02	8.364912196845e-02	9.964334263011e-01	1.110186217908e-02	9.970175170898e+01	7.580867986690e-06
266	2.660000000000e+02	4.960866787302e-02	9.987116873853e-01	1.067452818275e-02	9.966213989258e+01	7.331515007536e-06
267	2.670000000000e+02	1.528433867704e-02	9.998300726691e-01	1.030605539143e-02	9.962998962402e+01	7.083153832355e-06
268	2.680000000000e+02	-1.913844606330e-02	9.997685848421e-01	9.823270591023e-03	9.959583282471e+01	6.830171969341e-06
269	2.690000000000e+02	-5.358019501302e-02	9.985193289019e-01	9.397473686982e-03	9.956755828857e+01	6.594608748856e-06
270	2.700000000000e+02	-8.777078342636e-02	9.961007171785e-01	8.924730421956e-03	9.954100799561e+01	6.353910066537e-06
271	2.710000000000e+02	-1.221003369244e-01	9.924804490257e-01	8.606162016899e-03	9.951579284668e+01	6.130399469839e-06
272	2.720000000000e+02	-1.550630796738e-01	9.878717995894e-01	8.046670000101e-03	9.951168060303e+01	5.881705419597e-06
273	2.730000000000e+02	-1.898171556506e-01	9.817905149529e-01	7.538711378326e-03	9.948191070557e+01	5.626609436149e-06
274	2.740000000000e+02	-2.236197676295e-01	9.746525444556e-01	6.827672489079e-03	9.946166992188e+01	5.381687060435e-06
275	2.750000000000e+02	-2.568540683324e-01	9.664268010169e-01	6.725017268169e-03	9.944987487793e+01	5.136614163348e-06
276	2.760000000000e+02	-2.896956104166e-01	9.570997794573e-01	6.038664425941e-03	9.943954467773e+01	4.914860255667e-06
277	2.770000000000e+02	-3.221727335034e-01	9.466640127484e-01	5.654799204949e-03	9.943279266357e+01	4.687547061621e-06
278	2.780000000000e+02	-3.540554685400e-01	9.352109918669e-01	5.012573010389e-03	9.944066619873e+01	4.458092007553e-06
279	2.790000000000e+02	-3.854418908339e-01	9.227215387104e-01	4.417102019611e-03	9.943601226807e+01	4.231918865116e-06
280	2.800000000000e+02	-4.166415810298e-01	9.090633044456e-01	3.701549314895e-03	9.944921875000e+01	4.007233201264e-06
281	2.810000000000e+02	-4.473295607355e-01	8.943635722428e-01	3.172497030153e-03	9.944998931885e+01	3.786420620600e-06
282	2.820000000000e+02	-4.769496810910e-01	8.789270955685e-01	2.482414686688e-03	9.945196533203e+01	3.562789515854e-06
283	2.830000000000e+02	-5.062065535177e-01	8.624105240522e-01	1.735851297852e-03	9.945234680176e+01	3.352007070134e-06
284	2.840000000000e+02	-5.348459119946e-01	8.449487553901e-01	1.204652409670e-03	9.945538330078e+01	3.144700258417e-06
285	2.850000000000e+02	-5.626185879433e-01	8.267163948925e-01	5.717662857802e-04	9.947599029541e+01	2.941226512121e-06
286	2.860000000000e+02	-5.899608240596e-01	8.074318707517e-01	-1.301440978458e-05	9.948336791992e+01	2.747813368842e-06
287	2.870000000000e+02	-6.167331551026e-01	7.871720144084e-01	-6.596433680053e-04	9.949418640137e+01	2.553395916038e-06
288	2.880000000000e+02	-6.427530623639e-01	7.660728759987e-01	-9.216729143515e-04	9.952069854736e+01	2.367233037148e-06
289	2.890000000000e+02	-6.678747973103e-01	7.442726493225e-01	-1.215972136384e-03	9.954922485352e+01	2.186275423810e-06
290	2.900000000000e+02	-6.919517670238e-01	7.219422456142e-01	-1.464960829208e-03	9.956195831299e+01	2.006551540035e-06
291	2.910000000000e+02	-7.157314871430e-01	6.983731743285e-01	-1.829669450542e-03	9.960768890381e+01	1.836125420596e-06
292	2.920000000000e+02	-7.566642046280e-01	6.538003568358e-01	-2.091610865259e-03	1.009211502075e+02	1.656315703258e-06
293	2.930000000000e+02	-7.776301693015e-01	6.287173411670e-01	-2.413443182309e-03	1.009992523193e+02	1.497621383351e-06
294	2.940000000000e+02	-7.974974279466e-01	6.033156625489e-01	-2.839672839074e-03	1.010566482544e+02	1.348055775452e-06
295	2.950000000000e+02	-8.163949237762e-01	5.774858156334e-01	-3.075902256185e-03	1.011559677124e+02	1.207579998663e-06
296	2.960000000000e+02	-8.341674868120e-01	5.515009712376e-01	-3.358968546462e-03	1.012177658081e+02	1.076512035070e-06
297	2.970000000000e+02	-8.509601007573e-01	5.252189806246e-01	-3.453883421092e-03	1.013115921021e+02	9.480586982136e-07
298	2.980000000000e+02	-8.665982847592e-01	4.989942996397e-01	-3.478761201358e-03	1.013117218018e+02	8.249256779891e-07
299	2.990000000000e+02	-8.808127503153e-01	4.734482732694e-01	-3.953659097021e-03	1.013565826416e+02	7.174469942584e-07
300	3.000000000000e+02	-8.941858229107e-01	4.476803112156e-01	-3.748740514063e-03	1.014172897339e+02	6.134906698207e-07
301	3.010000000000e+02	-9.063109781941e-01	4.225959483250e-01	-3.615973471298e-03	1.015121917725e+02	5.166115215616e-07
302	3.020000000000e+02	-9.171196398307e-01	3.985978244839e-01	-3.367573837064e-03	1.015607528687e+02	4.298522071622e-07
303	3.030000000000e+02	-9.264866909437e-01	3.763168601023e-01	-2.834132498019e-03	1.014671630859e+02	3.497344778225e-07
304	3.040000000000e+02	-9.348759928761e-01	3.549700170888e-01	-1.779019928126e-03	1.015704345703e+02	2.772540312890e-07
305	3.050000000000e+02	-9.411774278426e-01	3.379124148372e-01	-4.992178804873e-04	1.015189285278e+02	2.137937116231e-07
306	3.060000000000e+02	-9.456142956754e-01	3.252853715487e-01	1.740939644336e-03	1.015381240845e+02	1.583180022635e-07
307	3.070000000000e+02	-9.473933676178e-01	3.200566425634e-01	3.090719140209e-03	1.013171691895e+02	1.111126977094e-07
308	3.080000000000e+02	-9.436559201566e-01	3.309021544934e-01	4.155539091868e-03	1.010419082642e+02	7.221834152915e-08
309	3.090000000000e+02	-9.308288607016e-01	3.653969722505e-01	6.533357105260e-03	1.011339569092e+02	4.177703516461e-08
310	3.100000000000e+02	-8.896288427428e-01	4.566809675679e-01	1.736669620482e-03	9.928053283691e+01	1.995755383177e-08
311	3.110000000000e+02	-6.995783807466e-01	7.101640291027e-01	-7.910209201126e-02	9.392636871338e+01	7.058462259124e-09
312	3.120000000000e+02	2.811964528888e-01	3.863339892282e-01	-8.784501144913e-01	7.927707672119e+01	1.996050658093e-09
313	3.130000000000e+02	-5.628583453470e-01	-6.951107773454e-01	-4.472264418520e-01	9.655264282227e+01	5.319735763010e-09
314	3.140000000000e+02	-8.418438051942e-01	-5.032117175149e-01	-1.951332237520e-01	1.003867340088e+02	1.736992771839e-08
315	3.150000000000e+02	-8.956262457002e-01	-4.249147285775e-01	-1.315336514006e-01	1.019879150391e+02	3.699668837953e-08
316	3.160000000000e+02	-9.158047337390e-01	-3.891500244234e-01	-9.931741112430e-02	1.024196319580e+02	6.537803187712e-08
317	3.170000000000e+02	-9.206936120387e-01	-3.813456833625e-01	-8.305866921606e-02	1.029812622070e+02	1.019564948024e-07
318	3.180000000000e+02	-9.192117426085e-01	-3.867488274949e-01	-7.399403139397e-02	1.035114059448e+02	1.458021046119e-07
319	3.190000000000e+02	-9.151756135127e-01	-3.974397171867e-01	-6.704675707449e-02	1.034210052490e+02	1.981229047487e-07
320	3.200000000000e+02	-9.082128272291e-01	-4.137638225365e-01	-6.284074805806e-02	1.033224563599e+02	2.586727987364e-07
321	3.210000000000e+02	-8.992284589124e-01	-4.334745114408e-01	-5.905951754968e-02	1.035669097900e+02	3.264748329457e-07
322	3.220000000000e+02	-8.878952483847e-01	-4.565313558670e-01	-5.675516721973e-02	1.035857467651e+02	4.038069221224e-07
323	3.230000000000e+02	-8.761017025563e-01	-4.790580070963e-01	-5.430683764423e-02	1.036341018677e+02	4.867351890425e-07
324	3.240000000000e+02	-8.622158449522e-01	-5.037489962557e-01	-5.311106744041e-02	1.037020874023e+02	5.780035507996e-07
325	3.250000000000e+02	-8.476784069758e-01	-5.279894053448e-01	-5.165758599223e-02	1.036775360107e+02	6.769603828616e-07
326	3.260000000000e+02	-8.313477412793e-01	-5.534175754050e-01	-5.089125959074e-02	1.038995132446e+02	7.851975283302e-07
327	3.270000000000e+02	-8.144303741578e-01	-5.781203870502e-01	-4.979943499762e-02	1.038892517090e+02	8.960614650277e-07
328	3.280000000000e+02	-7.958202352912e-01	-6.035073720010e-01	-4.948742306479e-02	1.039633636475e+02	1.021581056193e-06
329	3.290000000000e+02	-7.764470545434e-01	-6.282858521233e-01	-4.885549623654e-02	1.039898071289e+02	1.148153614849e-06
330	3.300000000000e+02	-7.558012197421e-01	-6.530181283039e-01	-4.828913276164e-02	1.040872497559e+02	1.280979176954e-06
331	3.310000000000e+02	-7.342608775812e-01	-6.771578499753e-01	-4.814779195889e-02	1.041365890503e+02	1.418756482963e-06
332	3.320000000000e+02	-7.122595036701e-01	-7.003095466507e-01	-4.746512721435e-02	1.041416931152e+02	1.565063030284e-06
333	3.330000000000e+02	-6.889107692575e-01	-7.233325249250e-01	-4.681891056677e-02	1.041852035522e+02	1.715775852063e-06
334	3.340000000000e+02	-6.647802274358e-01	-7.456203626224e-01	-4.601656281359e-02	1.042890396118e+02	1.868430672403e-06
335	3.350000000000e+02	-6.604860038424e-01	-7.494625163309e-01	-4.543319648913e-02	1.032598953247e+02	2.052951003861e-06
336	3.360000000000e+02	-6.352526834858e-01	-7.709694406835e-01	-4.538887150212e-02	1.033795700073e+02	2.212559820691e-06
337	3.370000000000e+02	-6.094062157715e-01	-7.915664731617e-01	-4.523917268659e-02	1.034522857666e+02	2.386500227658e-06
338	3.380000000000e+02	-5.827019041544e-01	-8.114572357997e-01	-4.467264669936e-02	1.035992126465e+02	2.563367843322e-06
339	3.390000000000e+02	-5.552920643737e-01	-8.304626039081e-01	-4.452624791859e-02	1.036990127563e+02	2.727902256083e-06
340	3.400000000000e+02	-5.275566138402e-01	-8.483621600420e-01	-4.433581624859e-02	1.038359756470e+02	2.934609710792e-06
341	3.410000000000e+02	-4.997377163695e-01	-8.650656015448e-01	-4.386023098144e-02	1.039015884399e+02	3.125652256131e-06
342	3.420000000000e+02	-4.702276523135e-01	-8.814750069811e-01	-4.344844148459e-02	1.040808715820e+02	3.321461463202e-06
343	3.430000000000e+02	-4.406231786393e-01	-8.966612037287e-01	-4.301046586013e-02	1.041455917358e+02	3.518039875416e-06
344	3.440000000000e+02	-4.096155971856e-01	-9.112524794930e-01	-4.282500624836e-02	1.041009063721e+02	3.735496193258e-06
345	3.450000000000e+02	-3.787864756416e-01	-9.245117766813e-01	-4.241203424312e-02	1.041968383789e+02	3.945961907448e-06
346	3.460000000000e+02	-3.465800075308e-01	-9.370761375943e-01	-4.207862558720e-02	1.042672805786e+02	4.139667453273e-06
347	3.470000000000e+02	-3.144321244249e-01	-9.483607791739e-01	-4.176447837924e-02	1.044285354614e+02	4.339288807387e-06
348	3.480000000000e+02	-2.825185592075e-01	-9.583615609295e-01	-4.154975615028e-02	1.044432220459e+02	4.562100002659e-06
349	3.490000000000e+02	-2.491753929484e-01	-9.676026594125e-01	-4.070278917810e-02	1.044620056152e+02	4.770725354319e-06
350	3.500000000000e+02	-2.163535087395e-01	-9.754920568917e-01	-4.007999747247e-02	1.045784606934e+02	4.991050900571e-06
351	3.510000000000e+02	-1.828631247064e-01	-9.823334586284e-01	-3.977503842646e-02	1.046617507935e+02	5.208326456341e-06
352	3.520000000000e+02	-1.497651737592e-01	-9.879600700857e-01	-3.879810104963e-02	1.047617111206e+02	5.425823928817e-06
353	3.530000000000e+02	-1.161144220762e-01	-9.925115466165e-01	-3.792454111556e-02	1.047759628296e+02	5.644261818816e-06
354	3.540000000000e+02	-8.258013786811e-02	-9.958824291796e-01	-3.739930588994e-02	1.048031997681e+02	5.872470865143e-06
355	3.550000000000e+02	-4.922865799484e-02	-9.981156304813e-01	-3.662959760693e-02	1.048784255981e+02	6.066612513678e-06
356	3.560000000000e+02	-1.450917146063e-02	-9.992238509018e-01	-3.662212080868e-02	1.047762680054e+02	6.326415132207e-06
357	3.570000000000e+02	1.976259042219e-02	-9.991461367292e-01	-3.628274354085e-02	1.048285827637e+02	6.556021617143e-06
358	3.580000000000e+02	5.378515455384e-02	-9.979256907825e-01	-3.537616183150e-02	1.047376556396e+02	6.776567261113e-06
359	3.590000000000e+02	8.800188481483e-02	-9.955122929049e-01	-3.479860549172e-02	1.048125076294e+02	6.999121524132e-06
360	3.600000000000e+02	1.219397270123e-01	-9.919487656146e-01	-3.418112596010e-02	1.049089660645e+02	7.215303867270e-06
