# Filename: 101538_polarimeter_vs_wheel.dat
# Timestamp: Tue May 21 10:15:38 2019

# Column 1:
#	name: measurement point
#	size: 0
#	type: coordinate
# Column 2:
#	name: angle
#	type: value
# Column 3:
#	name: S1
#	type: value
# Column 4:
#	name: S2
#	type: value
# Column 5:
#	name: S3
#	type: value
# Column 6:
#	name: DOP
#	type: value
# Column 7:
#	name: power
#	type: value

0	0.000000000000e+00	9.939648247710e-01	1.069914437303e-01	2.422308994539e-02	1.031492462158e+02	1.908052809085e-06
1	1.000000000000e+00	9.938075701549e-01	1.090057117437e-01	2.154688631755e-02	1.029071273804e+02	2.066682554869e-06
2	2.000000000000e+00	9.938726002210e-01	1.086473942013e-01	2.032235870450e-02	1.030792999268e+02	2.232564156657e-06
3	3.000000000000e+00	9.937737111372e-01	1.098842541033e-01	1.841905949940e-02	1.030440216064e+02	2.397584694336e-06
4	4.000000000000e+00	9.937991439290e-01	1.095579036864e-01	1.898228821145e-02	1.029235382080e+02	2.572278845037e-06
5	5.000000000000e+00	9.935671675233e-01	1.116052020409e-01	1.919798159042e-02	1.029194488525e+02	2.750749217739e-06
6	6.000000000000e+00	9.936139704705e-01	1.113661419830e-01	1.813450042327e-02	1.028014602661e+02	2.933154746643e-06
7	7.000000000000e+00	9.930378350929e-01	1.162497829228e-01	1.902225129733e-02	1.025265426636e+02	3.122282805634e-06
8	8.000000000000e+00	9.931034665624e-01	1.157115740477e-01	1.887687297181e-02	1.024508209229e+02	3.308847681183e-06
9	9.000000000000e+00	9.928957496218e-01	1.172831463321e-01	2.006723621947e-02	1.026319732666e+02	3.499897502479e-06
10	1.000000000000e+01	9.928207470110e-01	1.180268998828e-01	1.940657642453e-02	1.026151046753e+02	3.688692913784e-06
11	1.100000000000e+01	9.926580148182e-01	1.194340710068e-01	1.911984048017e-02	1.026374053955e+02	3.888364972227e-06
12	1.200000000000e+01	9.928432342323e-01	1.182112968988e-01	1.698238865916e-02	1.029473648071e+02	4.084948159289e-06
13	1.300000000000e+01	9.927244093839e-01	1.192122804835e-01	1.693160344641e-02	1.026842956543e+02	4.285344857635e-06
14	1.400000000000e+01	9.926303520139e-01	1.198672456951e-01	1.779965365540e-02	1.027291107178e+02	4.481630639930e-06
15	1.500000000000e+01	9.925409593710e-01	1.209929528950e-01	1.493818330954e-02	1.028996887207e+02	4.695254119724e-06
16	1.600000000000e+01	9.925277394750e-01	1.209453528121e-01	1.615264702145e-02	1.027661437988e+02	4.887118848274e-06
17	1.700000000000e+01	9.923649167334e-01	1.223051906282e-01	1.591579033668e-02	1.028779220581e+02	5.101553142595e-06
18	1.800000000000e+01	9.922746404646e-01	1.230835752102e-01	1.553935019094e-02	1.028442001343e+02	5.306563252816e-06
19	1.900000000000e+01	9.924009777491e-01	1.222375700981e-01	1.408104467357e-02	1.029992599487e+02	5.504318778549e-06
20	2.000000000000e+01	9.923298368593e-01	1.228482777254e-01	1.377663016378e-02	1.030367202759e+02	5.704015165975e-06
21	2.100000000000e+01	9.922240043385e-01	1.237383909861e-01	1.342891695940e-02	1.029825363159e+02	5.910045274504e-06
22	2.200000000000e+01	9.919568983769e-01	1.258863826717e-01	1.319584860159e-02	1.028433456421e+02	6.116153144831e-06
23	2.300000000000e+01	9.920026786618e-01	1.255131046152e-01	1.330962424689e-02	1.029248504639e+02	6.309055152087e-06
24	2.400000000000e+01	9.918133364896e-01	1.270333065569e-01	1.299402118448e-02	1.028204116821e+02	6.504735665658e-06
25	2.500000000000e+01	9.918829549843e-01	1.265045712235e-01	1.283733115207e-02	1.030262527466e+02	6.689727797493e-06
26	2.600000000000e+01	9.918585533938e-01	1.265102254543e-01	1.455241955863e-02	1.028992004395e+02	6.872641733935e-06
27	2.700000000000e+01	9.918947171981e-01	1.263259425514e-01	1.366112122144e-02	1.030707321167e+02	7.047582585074e-06
28	2.800000000000e+01	9.918647770202e-01	1.265117407207e-01	1.410828007211e-02	1.029945220947e+02	7.225399258459e-06
29	2.900000000000e+01	9.918206370776e-01	1.268991694830e-01	1.372678591140e-02	1.030040512085e+02	7.402641131193e-06
30	3.000000000000e+01	9.915969844633e-01	1.286941438933e-01	1.316198050333e-02	1.028109817505e+02	7.965744771354e-06
31	3.100000000000e+01	9.914220392780e-01	1.301379979908e-01	1.210130211365e-02	1.028176116943e+02	8.118160621962e-06
32	3.200000000000e+01	9.914580636057e-01	1.299389472546e-01	1.125957803564e-02	1.028324584961e+02	8.263028576039e-06
33	3.300000000000e+01	9.912660425526e-01	1.313885329553e-01	1.134399797105e-02	1.027777404785e+02	8.412045644945e-06
34	3.400000000000e+01	9.913195046034e-01	1.310226188892e-01	1.089555561642e-02	1.027863845825e+02	8.528294529242e-06
35	3.500000000000e+01	9.913728186951e-01	1.306070236280e-01	1.103357292480e-02	1.028386611938e+02	8.654878001835e-06
36	3.600000000000e+01	9.912674708889e-01	1.313482015748e-01	1.168122856057e-02	1.028641281128e+02	8.789751518634e-06
37	3.700000000000e+01	9.912480207871e-01	1.315283912458e-01	1.129794592065e-02	1.028915557861e+02	8.899202839530e-06
38	3.800000000000e+01	9.912411252179e-01	1.314579769511e-01	1.264246703435e-02	1.029003143311e+02	9.011352631205e-06
39	3.900000000000e+01	9.912634782420e-01	1.313510387297e-01	1.198421162027e-02	1.029070129395e+02	9.118386515183e-06
40	4.000000000000e+01	9.912766724710e-01	1.312668102114e-01	1.181453137928e-02	1.029914016724e+02	9.214643796440e-06
41	4.100000000000e+01	9.912557281578e-01	1.314670071140e-01	1.133611198432e-02	1.029855957031e+02	9.302206308348e-06
42	4.200000000000e+01	9.911488508923e-01	1.323617809267e-01	1.021343843651e-02	1.029393768311e+02	9.407684956386e-06
43	4.300000000000e+01	9.914888741055e-01	1.297514722061e-01	1.069429686419e-02	1.031106567383e+02	9.472316378378e-06
44	4.400000000000e+01	9.911589379092e-01	1.322860375410e-01	1.021587364544e-02	1.030625991821e+02	9.571367627359e-06
45	4.500000000000e+01	9.911402488152e-01	1.323544948844e-01	1.110382197839e-02	1.029391021729e+02	9.616384886613e-06
46	4.600000000000e+01	9.910774851440e-01	1.327788104479e-01	1.162780876131e-02	1.028382720947e+02	9.697615496407e-06
47	4.700000000000e+01	9.909434154967e-01	1.338345923944e-01	1.092928004676e-02	1.027555236816e+02	9.763260095497e-06
48	4.800000000000e+01	9.909234468691e-01	1.340028173645e-01	1.067555073673e-02	1.028173294067e+02	9.807141395868e-06
49	4.900000000000e+01	9.908207379947e-01	1.347884798002e-01	1.031168622149e-02	1.029248886108e+02	9.845500244410e-06
50	5.000000000000e+01	9.907175945027e-01	1.355559296359e-01	1.016060447825e-02	1.027056350708e+02	9.891517947835e-06
51	5.100000000000e+01	9.907797441556e-01	1.351219135285e-01	9.877603723141e-03	1.026745986938e+02	9.901942576107e-06
52	5.200000000000e+01	9.909516855631e-01	1.338357093310e-01	1.013705023959e-02	1.029585037231e+02	9.930483429343e-06
53	5.300000000000e+01	9.904892235281e-01	1.372185819436e-01	1.010736583665e-02	1.028852844238e+02	9.981616130972e-06
54	5.400000000000e+01	9.905862477354e-01	1.364944470329e-01	1.039960223343e-02	1.028093185425e+02	9.962673175323e-06
55	5.500000000000e+01	9.906005161616e-01	1.363789734762e-01	1.055428699192e-02	1.027751007080e+02	9.974995919038e-06
56	5.600000000000e+01	9.905127614894e-01	1.371150932298e-01	9.160815200406e-03	1.027685012817e+02	9.972992302210e-06
57	5.700000000000e+01	9.905525526240e-01	1.367586227487e-01	1.013506753480e-02	1.027401809692e+02	9.965910976462e-06
58	5.800000000000e+01	9.904496993085e-01	1.376190196476e-01	8.390385621727e-03	1.028267135620e+02	9.818298167374e-06
59	5.900000000000e+01	9.904931079136e-01	1.372596741702e-01	9.120582342884e-03	1.030749969482e+02	9.826330824581e-06
60	6.000000000000e+01	9.901939676341e-01	1.394371231645e-01	8.555416102289e-03	1.028188247681e+02	9.813251381274e-06
61	6.100000000000e+01	9.904286837132e-01	1.377416255157e-01	8.846868283387e-03	1.028846893311e+02	9.769429198059e-06
62	6.200000000000e+01	9.902522303892e-01	1.390555315262e-01	8.004958542693e-03	1.025794372559e+02	9.748919183039e-06
63	6.300000000000e+01	9.905332230728e-01	1.370147980092e-01	8.418973542239e-03	1.029654922485e+02	9.697681889520e-06
64	6.400000000000e+01	9.903834476444e-01	1.380084103865e-01	9.711091321671e-03	1.027120895386e+02	9.665148354543e-06
65	6.500000000000e+01	9.904112984262e-01	1.379030083672e-01	8.259554044777e-03	1.029362945557e+02	9.626741302782e-06
66	6.600000000000e+01	9.903435230768e-01	1.383988239553e-01	8.091466344200e-03	1.028320617676e+02	9.573582246958e-06
67	6.700000000000e+01	9.902604860536e-01	1.389525688375e-01	8.738041788099e-03	1.029020690918e+02	9.532220246911e-06
68	6.800000000000e+01	9.902146505250e-01	1.392481525529e-01	9.214005436989e-03	1.029659576416e+02	9.485514055996e-06
69	6.900000000000e+01	9.899516202147e-01	1.410595399110e-01	9.899284539417e-03	1.026820068359e+02	9.443408089282e-06
70	7.000000000000e+01	9.899920119677e-01	1.408025555304e-01	9.510867266518e-03	1.026850509644e+02	9.363956451125e-06
71	7.100000000000e+01	9.899266530976e-01	1.413002806146e-01	8.913595522574e-03	1.028350372314e+02	9.318822776549e-06
72	7.200000000000e+01	9.900688462164e-01	1.403157414758e-01	8.670204490414e-03	1.028347015381e+02	9.231485819328e-06
73	7.300000000000e+01	9.898782272810e-01	1.417160298623e-01	7.593552201638e-03	1.027885208130e+02	9.181271707348e-06
74	7.400000000000e+01	9.900773409436e-01	1.403495748941e-01	6.989690765619e-03	1.030195770264e+02	9.084950761462e-06
75	7.500000000000e+01	9.899732337145e-01	1.411087364342e-01	6.428143645863e-03	1.030400619507e+02	9.024385690282e-06
76	7.600000000000e+01	9.898775980126e-01	1.418202215793e-01	5.419013194851e-03	1.031422958374e+02	8.952523785410e-06
77	7.700000000000e+01	9.899185681052e-01	1.413062383394e-01	9.683776479585e-03	1.028806838989e+02	8.853033250489e-06
78	7.800000000000e+01	9.899381313309e-01	1.412216042523e-01	8.885641760587e-03	1.027994384766e+02	8.769145097176e-06
79	7.900000000000e+01	9.896943188883e-01	1.429968702182e-01	7.553162776972e-03	1.029616165161e+02	8.696802069608e-06
80	8.000000000000e+01	9.895508789478e-01	1.440032867123e-01	7.218821906496e-03	1.027736434937e+02	8.606691153545e-06
81	8.100000000000e+01	9.899734506480e-01	1.409985957777e-01	8.483100899373e-03	1.031377944946e+02	8.486490514770e-06
82	8.200000000000e+01	9.894770883947e-01	1.445257154180e-01	6.885428437545e-03	1.029310226440e+02	8.401942977798e-06
83	8.300000000000e+01	9.895172278770e-01	1.442953430292e-01	5.874496981265e-03	1.027837600708e+02	8.303079994221e-06
84	8.400000000000e+01	9.898751653898e-01	1.417340196243e-01	7.656671965755e-03	1.030248641968e+02	8.185822480300e-06
85	8.500000000000e+01	9.897925123030e-01	1.422692596177e-01	8.380952017355e-03	1.030601959229e+02	8.078826795099e-06
86	8.600000000000e+01	9.895090498556e-01	1.442512588022e-01	7.963327691841e-03	1.028908691406e+02	7.980394912011e-06
87	8.700000000000e+01	9.895335532743e-01	1.441672472867e-01	6.257136253671e-03	1.027586441040e+02	7.862548955018e-06
88	8.800000000000e+01	9.894734225759e-01	1.445366350379e-01	7.176848038060e-03	1.027751998901e+02	7.751945304335e-06
89	8.900000000000e+01	9.894080445945e-01	1.450418613739e-01	5.880454140862e-03	1.027367019653e+02	7.615769845870e-06
90	9.000000000000e+01	9.895537192875e-01	1.439781678568e-01	7.329653808888e-03	1.026696929932e+02	7.500306310249e-06
91	9.100000000000e+01	9.893015723867e-01	1.456639457046e-01	8.025820514725e-03	1.025482635498e+02	7.387724053842e-06
92	9.200000000000e+01	9.893976943950e-01	1.451429946044e-01	5.070842442507e-03	1.027771911621e+02	7.262940926012e-06
93	9.300000000000e+01	9.891005578443e-01	1.470408443733e-01	7.686127637198e-03	1.025735549927e+02	7.151149020501e-06
94	9.400000000000e+01	9.892720338452e-01	1.459172025130e-01	7.000932983473e-03	1.027388458252e+02	7.019847089396e-06
95	9.500000000000e+01	9.891237363294e-01	1.469812546034e-01	5.544819658468e-03	1.026665573120e+02	6.912043772900e-06
96	9.600000000000e+01	9.892378287372e-01	1.462371422073e-01	4.818343528757e-03	1.028767852783e+02	6.774760549888e-06
97	9.700000000000e+01	9.890340020561e-01	1.475974967570e-01	5.169306331637e-03	1.027473754883e+02	6.656722689513e-06
98	9.800000000000e+01	9.890960306908e-01	1.472041890951e-01	4.468644601110e-03	1.027575912476e+02	6.528397534566e-06
99	9.900000000000e+01	9.892055037708e-01	1.464544595523e-01	4.854130897822e-03	1.029766235352e+02	6.398109235306e-06
100	1.000000000000e+02	9.890996066002e-01	1.471778471150e-01	4.544176700257e-03	1.028649978638e+02	6.266915534070e-06
101	1.010000000000e+02	9.890142135972e-01	1.477818502603e-01	3.377874542275e-03	1.027954254150e+02	6.131977443147e-06
102	1.020000000000e+02	9.890940621124e-01	1.471987131338e-01	5.047290933162e-03	1.027889099121e+02	5.999068434903e-06
103	1.030000000000e+02	9.890832218616e-01	1.472725559878e-01	5.017418134138e-03	1.028262557983e+02	5.865158072993e-06
104	1.040000000000e+02	9.888420984099e-01	1.488492255482e-01	5.934009271909e-03	1.028753280640e+02	5.733696980315e-06
105	1.050000000000e+02	9.886502619653e-01	1.501255519797e-01	5.742661288229e-03	1.028644256592e+02	5.596859864454e-06
106	1.060000000000e+02	9.887182102804e-01	1.497145813843e-01	4.673840059095e-03	1.029052810669e+02	5.455601240101e-06
107	1.070000000000e+02	9.881685509578e-01	1.532927003276e-01	4.925740986936e-03	1.025665588379e+02	5.312298071658e-06
108	1.080000000000e+02	9.884224406015e-01	1.516589039030e-01	4.544863289386e-03	1.027081909180e+02	5.159011834621e-06
109	1.090000000000e+02	9.883971455613e-01	1.518245952480e-01	4.513859106814e-03	1.028028564453e+02	5.013107966079e-06
110	1.100000000000e+02	9.881695922493e-01	1.533040797550e-01	4.326208992136e-03	1.027096557617e+02	4.874692876911e-06
111	1.110000000000e+02	9.881969624398e-01	1.531513925021e-01	3.378520303140e-03	1.028564376831e+02	4.725040525955e-06
112	1.120000000000e+02	9.883184475460e-01	1.523241159323e-01	4.899994459609e-03	1.027940750122e+02	4.569637439999e-06
113	1.130000000000e+02	9.881479042265e-01	1.534232864024e-01	5.001456012639e-03	1.027482910156e+02	4.422372057888e-06
114	1.140000000000e+02	9.882832301883e-01	1.525954899978e-01	3.297477953888e-03	1.029126510620e+02	4.276875642972e-06
115	1.150000000000e+02	9.881351962138e-01	1.535248198630e-01	4.354731854918e-03	1.027958450317e+02	4.130624802201e-06
116	1.160000000000e+02	9.878204543321e-01	1.554876669211e-01	5.859644912331e-03	1.026366195679e+02	3.749800271180e-06
117	1.170000000000e+02	9.875785498086e-01	1.570311621660e-01	5.460958401648e-03	1.027709121704e+02	3.606348855101e-06
118	1.180000000000e+02	9.877288088480e-01	1.561097991274e-01	4.640128030189e-03	1.028294677734e+02	3.450366875768e-06
119	1.190000000000e+02	9.874583260881e-01	1.578217313706e-01	4.284314007365e-03	1.028360443115e+02	3.302299091956e-06
120	1.200000000000e+02	9.871939035557e-01	1.594716290505e-01	4.122658176598e-03	1.028376617432e+02	3.157826085953e-06
121	1.210000000000e+02	9.869697363980e-01	1.608596994590e-01	3.859601594427e-03	1.027077941895e+02	3.012352408405e-06
122	1.220000000000e+02	9.872250054806e-01	1.592440823449e-01	5.301961144550e-03	1.028112106323e+02	2.860295808205e-06
123	1.230000000000e+02	9.867946050844e-01	1.618972913251e-01	5.066994952369e-03	1.026834869385e+02	2.717425559240e-06
124	1.240000000000e+02	9.866616758165e-01	1.627201195439e-01	4.571670432028e-03	1.027054214478e+02	2.573819301688e-06
125	1.250000000000e+02	9.866570954215e-01	1.627733802485e-01	3.550033349797e-03	1.027174224854e+02	2.430258291497e-06
126	1.260000000000e+02	9.864356353181e-01	1.641143188145e-01	3.350781192705e-03	1.028272247314e+02	2.291245664310e-06
127	1.270000000000e+02	9.861993644891e-01	1.655106659540e-01	4.127097867634e-03	1.027407073975e+02	2.157219569199e-06
128	1.280000000000e+02	9.859070235467e-01	1.672659205516e-01	3.074531410899e-03	1.028037567139e+02	2.019945668508e-06
129	1.290000000000e+02	9.858371884481e-01	1.676537985112e-01	4.152314718203e-03	1.028261795044e+02	1.885828964987e-06
130	1.300000000000e+02	9.855284227996e-01	1.694737332449e-01	3.518748944548e-03	1.027693481445e+02	1.757006657499e-06
131	1.310000000000e+02	9.805086203738e-01	1.964460686506e-01	3.433290598047e-03	1.010110626221e+02	1.667266701588e-06
132	1.320000000000e+02	9.798110287450e-01	1.998984203103e-01	3.312024611684e-03	1.009839706421e+02	1.545664304103e-06
133	1.330000000000e+02	9.797223078831e-01	2.003465438860e-01	2.337047084954e-03	1.008807144165e+02	1.423232447451e-06
134	1.340000000000e+02	9.793150734869e-01	2.023294550307e-01	2.185970816072e-03	1.008034820557e+02	1.307036768594e-06
135	1.350000000000e+02	9.787803919580e-01	2.048805180842e-01	3.594110205148e-03	1.008303909302e+02	1.192932245431e-06
136	1.360000000000e+02	9.782934819248e-01	2.071878817567e-01	3.878772569732e-03	1.009577560425e+02	1.087979285330e-06
137	1.370000000000e+02	9.780888714249e-01	2.081653120254e-01	3.059814394211e-03	1.009261550903e+02	9.812375765250e-07
138	1.380000000000e+02	9.772243213383e-01	2.121667119052e-01	4.232274126874e-03	1.008733596802e+02	8.818791457088e-07
139	1.390000000000e+02	9.764999169908e-01	2.154656319889e-01	4.740627446141e-03	1.006340942383e+02	7.877681014179e-07
140	1.400000000000e+02	9.751930903375e-01	2.212476198400e-01	6.922952627248e-03	1.004663848877e+02	6.978410738157e-07
141	1.410000000000e+02	9.749078450428e-01	2.224957059412e-01	7.096091294988e-03	1.005555191040e+02	6.107752597018e-07
142	1.420000000000e+02	9.740485152800e-01	2.262263249778e-01	7.151207448195e-03	1.007883834839e+02	5.308523327585e-07
143	1.430000000000e+02	9.725322793375e-01	2.325895683260e-01	9.113635526242e-03	1.006488189697e+02	4.581576433793e-07
144	1.440000000000e+02	9.718087589746e-01	2.353635935210e-01	1.384611227463e-02	1.007739257812e+02	3.897020803834e-07
145	1.450000000000e+02	9.700147644985e-01	2.424437870352e-01	1.709873629803e-02	1.008524856567e+02	3.290506072062e-07
146	1.460000000000e+02	9.670606473891e-01	2.534554168352e-01	2.353839306862e-02	1.005815811157e+02	2.739874105373e-07
147	1.470000000000e+02	9.658889110057e-01	2.574463308202e-01	2.792845042954e-02	1.008431854248e+02	2.248843173902e-07
148	1.480000000000e+02	9.620744821604e-01	2.701437953434e-01	3.788166592513e-02	9.983280181885e+01	1.832194271856e-07
149	1.490000000000e+02	9.620072540382e-01	2.690342626561e-01	4.650385677442e-02	9.985549163818e+01	1.465796373168e-07
150	1.500000000000e+02	9.600910035269e-01	2.721203362457e-01	6.462033386002e-02	9.969569396973e+01	1.188423226495e-07
151	1.510000000000e+02	9.611172735088e-01	2.619986082957e-01	8.723712405868e-02	1.004772109985e+02	9.734048944665e-08
152	1.520000000000e+02	9.606430248055e-01	2.561539407627e-01	1.074715661203e-01	9.912145996094e+01	8.333546475114e-08
153	1.530000000000e+02	9.661095666658e-01	2.218486383777e-01	1.319677492678e-01	9.899100494385e+01	7.561506265574e-08
154	1.540000000000e+02	9.750848796107e-01	1.735358317232e-01	1.381839088415e-01	9.953285217285e+01	7.515453859241e-08
155	1.550000000000e+02	9.793932356245e-01	1.484010872331e-01	1.369890773785e-01	9.916445922852e+01	8.308298760085e-08
156	1.560000000000e+02	9.857540633816e-01	1.177176357728e-01	1.201311148482e-01	9.975173187256e+01	9.684003998700e-08
157	1.570000000000e+02	9.867282998175e-01	1.021529978897e-01	1.262221349901e-01	1.001718215942e+02	1.181440509868e-07
158	1.580000000000e+02	9.894442112653e-01	1.031003947526e-01	1.018354623667e-01	9.996018981934e+01	1.474368218624e-07
159	1.590000000000e+02	9.916553086529e-01	9.003774922600e-02	9.226566281582e-02	1.006528549194e+02	1.826455928722e-07
160	1.600000000000e+02	9.925634712452e-01	9.856710619816e-02	7.143025357175e-02	1.009756774902e+02	2.287841454063e-07
161	1.610000000000e+02	9.938258079058e-01	9.138632333000e-02	6.291902294698e-02	1.015103149414e+02	2.773527398858e-07
162	1.620000000000e+02	9.932181755283e-01	1.022342206487e-01	5.536984674501e-02	1.005897445679e+02	3.372948071956e-07
163	1.630000000000e+02	9.937372435772e-01	1.009632715260e-01	4.788223606240e-02	1.013875732422e+02	4.019278208034e-07
164	1.640000000000e+02	9.942445769116e-01	9.598342659926e-02	4.759099809967e-02	1.012952270508e+02	4.723445670152e-07
165	1.650000000000e+02	9.931602147496e-01	1.079323000064e-01	4.453545165240e-02	1.006296463013e+02	5.552860784519e-07
166	1.660000000000e+02	9.927376128876e-01	1.137814663037e-01	3.906161650406e-02	1.008092956543e+02	6.440009201469e-07
167	1.670000000000e+02	9.927023244059e-01	1.150164581096e-01	3.623961207064e-02	1.006263275146e+02	7.357081130976e-07
168	1.680000000000e+02	9.923745597209e-01	1.187961062009e-01	3.286667568134e-02	1.010179290771e+02	8.362358698832e-07
169	1.690000000000e+02	9.925363485359e-01	1.188001157594e-01	2.753414844490e-02	1.010631790161e+02	9.411903079126e-07
170	1.700000000000e+02	9.924131865764e-01	1.204542997120e-01	2.463389515014e-02	1.013383560181e+02	1.052785933098e-06
171	1.710000000000e+02	9.919112396714e-01	1.242839982562e-01	2.579884476225e-02	1.010369644165e+02	1.175659122055e-06
172	1.720000000000e+02	9.916710542410e-01	1.257568895508e-01	2.781591111416e-02	1.007895507812e+02	1.297697167502e-06
173	1.730000000000e+02	9.915155915141e-01	1.279222519499e-01	2.308092807094e-02	1.010903015137e+02	1.430416091353e-06
174	1.740000000000e+02	9.910835813676e-01	1.311301634987e-01	2.362657326592e-02	1.007957611084e+02	1.570092081238e-06
175	1.750000000000e+02	9.909643590136e-01	1.323587836454e-01	2.169773160244e-02	1.009660491943e+02	1.710792730591e-06
176	1.760000000000e+02	9.911081887534e-01	1.316411319818e-01	1.936931997941e-02	1.010802612305e+02	1.855020400399e-06
177	1.770000000000e+02	9.941185364797e-01	1.063695480850e-01	2.034341828960e-02	1.030272369385e+02	1.965069714061e-06
178	1.780000000000e+02	9.941388721750e-01	1.066330404856e-01	1.781284669435e-02	1.030857620239e+02	2.119249302268e-06
179	1.790000000000e+02	9.940347386281e-01	1.076603437662e-01	1.744100859454e-02	1.032637329102e+02	2.277993189637e-06
180	1.800000000000e+02	9.935453029099e-01	1.118026807594e-01	1.918050157318e-02	1.029776687622e+02	2.446993676131e-06
181	1.810000000000e+02	9.935500445639e-01	1.116053133035e-01	2.006397242379e-02	1.030660629272e+02	2.612983507788e-06
182	1.820000000000e+02	9.935194020386e-01	1.117952027975e-01	2.051902542190e-02	1.030090484619e+02	2.786653567455e-06
183	1.830000000000e+02	9.931876262957e-01	1.153618658327e-01	1.643103419716e-02	1.030724029541e+02	2.965041630887e-06
184	1.840000000000e+02	9.932655577864e-01	1.144088357847e-01	1.827977050147e-02	1.028438720703e+02	3.141095248793e-06
185	1.850000000000e+02	9.935013574382e-01	1.126425083669e-01	1.633150566640e-02	1.032192306519e+02	3.315316234875e-06
186	1.860000000000e+02	9.932233868254e-01	1.152435002985e-01	1.504125998833e-02	1.030359420776e+02	3.503144398564e-06
187	1.870000000000e+02	9.930940166036e-01	1.163168422196e-01	1.531882509467e-02	1.032528076172e+02	3.691211077239e-06
188	1.880000000000e+02	9.928230952610e-01	1.184308434280e-01	1.662638990321e-02	1.028336715698e+02	3.881020802510e-06
189	1.890000000000e+02	9.930138410621e-01	1.170997701830e-01	1.453118309467e-02	1.032221221924e+02	4.063970663992e-06
190	1.900000000000e+02	9.927250339375e-01	1.194617052699e-01	1.503023512367e-02	1.029475173950e+02	4.256847660145e-06
191	1.910000000000e+02	9.928328737378e-01	1.186007925793e-01	1.472198441527e-02	1.031444091797e+02	4.440424163477e-06
192	1.920000000000e+02	9.928237733783e-01	1.188786952775e-01	1.299272196284e-02	1.031158294678e+02	4.630229796021e-06
193	1.930000000000e+02	9.925320990093e-01	1.212908792288e-01	1.298287533918e-02	1.028095550537e+02	4.822336450161e-06
194	1.940000000000e+02	9.921730777416e-01	1.239639939709e-01	1.501705708462e-02	1.027850112915e+02	5.019866421208e-06
195	1.950000000000e+02	9.926469721596e-01	1.203869775389e-01	1.260810459230e-02	1.030587539673e+02	5.206101377553e-06
196	1.960000000000e+02	9.924303633819e-01	1.222117678596e-01	1.209370225775e-02	1.030780258179e+02	5.408839115262e-06
197	1.970000000000e+02	9.923943482498e-01	1.224171475607e-01	1.294216152376e-02	1.031974182129e+02	5.598816642305e-06
198	1.980000000000e+02	9.923026018050e-01	1.230964100704e-01	1.352110493696e-02	1.027016983032e+02	5.785801931779e-06
199	1.990000000000e+02	9.921139577467e-01	1.245909807067e-01	1.367414972807e-02	1.029872207642e+02	5.986425094306e-06
200	2.000000000000e+02	9.921112477583e-01	1.247825045957e-01	1.202491656065e-02	1.029466857910e+02	6.173567726364e-06
201	2.010000000000e+02	9.919984527733e-01	1.257875951472e-01	1.079586042751e-02	1.031530075073e+02	6.359831786540e-06
202	2.020000000000e+02	9.918793510612e-01	1.265992783489e-01	1.216452464906e-02	1.028229904175e+02	6.551143542310e-06
203	2.030000000000e+02	9.918648129588e-01	1.267296044319e-01	1.199167105616e-02	1.028116836548e+02	6.718586064380e-06
204	2.040000000000e+02	9.916692856358e-01	1.282492833013e-01	1.200621752634e-02	1.028904190063e+02	7.490718871850e-06
205	2.050000000000e+02	9.917028156092e-01	1.278712941441e-01	1.320824162348e-02	1.029577178955e+02	7.650809493498e-06
206	2.060000000000e+02	9.918597089630e-01	1.267099671598e-01	1.260563200213e-02	1.029616012573e+02	7.790906238370e-06
207	2.070000000000e+02	9.917646792796e-01	1.275842101427e-01	1.118437551827e-02	1.030733566284e+02	7.939779607113e-06
208	2.080000000000e+02	9.914107077336e-01	1.302427849621e-01	1.190065361824e-02	1.028888931274e+02	8.102949323074e-06
209	2.090000000000e+02	9.915240238942e-01	1.293486562066e-01	1.220799648530e-02	1.030179748535e+02	8.240382157965e-06
210	2.100000000000e+02	9.913722525693e-01	1.304464466406e-01	1.283672054787e-02	1.030011901855e+02	8.374384378840e-06
211	2.110000000000e+02	9.912866427763e-01	1.310916228332e-01	1.287549130446e-02	1.027588500977e+02	8.490768777847e-06
212	2.120000000000e+02	9.914406377175e-01	1.300005001316e-01	1.205536593595e-02	1.029583053589e+02	8.617274033895e-06
213	2.130000000000e+02	9.915690911071e-01	1.289822468905e-01	1.242246143504e-02	1.029814758301e+02	8.725798579690e-06
214	2.140000000000e+02	9.913090896940e-01	1.310288138990e-01	1.173620970521e-02	1.030346069336e+02	8.842743227433e-06
215	2.150000000000e+02	9.913268276872e-01	1.309574569105e-01	1.101204736058e-02	1.029174499512e+02	8.944745786721e-06
216	2.160000000000e+02	9.911099982058e-01	1.325564608083e-01	1.139105589962e-02	1.029552841187e+02	9.055664122570e-06
217	2.170000000000e+02	9.915585532653e-01	1.292013338377e-01	1.089269392838e-02	1.030777664185e+02	9.127808880294e-06
218	2.180000000000e+02	9.910340277057e-01	1.331472580698e-01	1.110691667201e-02	1.028949584961e+02	9.265028893424e-06
219	2.190000000000e+02	9.916092798921e-01	1.288486367797e-01	1.044341093478e-02	1.030820693970e+02	9.313426744484e-06
220	2.200000000000e+02	9.909972059393e-01	1.333767184888e-01	1.162707124038e-02	1.030762710571e+02	9.428421435587e-06
221	2.210000000000e+02	9.909218846499e-01	1.339688057637e-01	1.123288049390e-02	1.027089309692e+02	9.503020010015e-06
222	2.220000000000e+02	9.907901652476e-01	1.349462440527e-01	1.115166644995e-02	1.028705520630e+02	9.580116966390e-06
223	2.230000000000e+02	9.908332385134e-01	1.346727684757e-01	1.061785703797e-02	1.029206466675e+02	9.626988685341e-06
224	2.240000000000e+02	9.907166853340e-01	1.354801267089e-01	1.120645652516e-02	1.028726425171e+02	9.688328646007e-06
225	2.250000000000e+02	9.905810206929e-01	1.364695417882e-01	1.119399870615e-02	1.027281799316e+02	9.741552275955e-06
226	2.260000000000e+02	9.907107587377e-01	1.355767657090e-01	1.054196951688e-02	1.029669723511e+02	9.780026630324e-06
227	2.270000000000e+02	9.907503042552e-01	1.352955953222e-01	1.043726519330e-02	1.029584045410e+02	9.819756996876e-06
228	2.280000000000e+02	9.907281861666e-01	1.354569128849e-01	1.044441892789e-02	1.028355178833e+02	9.837435754889e-06
229	2.290000000000e+02	9.907182180656e-01	1.355733347486e-01	9.863229595290e-03	1.028831176758e+02	9.871804650174e-06
230	2.300000000000e+02	9.907542957771e-01	1.353886586943e-01	8.708415248249e-03	1.027895812988e+02	9.875345313048e-06
231	2.310000000000e+02	9.905835314225e-01	1.366235524996e-01	8.847156434462e-03	1.028796081543e+02	9.910502740240e-06
232	2.320000000000e+02	9.908253486164e-01	1.348046277084e-01	9.635397630236e-03	1.030083999634e+02	9.917047464114e-06
233	2.330000000000e+02	9.909145777823e-01	1.342502617310e-01	8.072593366835e-03	1.031353454590e+02	9.924556252372e-06
234	2.340000000000e+02	9.906217236097e-01	1.362704694274e-01	9.947857789719e-03	1.030713500977e+02	9.945074452844e-06
235	2.350000000000e+02	9.904016216659e-01	1.378135639851e-01	1.058533813167e-02	1.028779983521e+02	9.945336387318e-06
236	2.360000000000e+02	9.904262789178e-01	1.376683613510e-01	1.015914917745e-02	1.030023269653e+02	9.946813406714e-06
237	2.370000000000e+02	9.906439892847e-01	1.360094209218e-01	1.122158253704e-02	1.029187927246e+02	9.908861102303e-06
238	2.380000000000e+02	9.905939375088e-01	1.364635003801e-01	1.006797074217e-02	1.030565948486e+02	9.887173291645e-06
239	2.390000000000e+02	9.904171147252e-01	1.377810608239e-01	9.503585514524e-03	1.029066467285e+02	9.885027793644e-06
240	2.400000000000e+02	9.905972644533e-01	1.363707050551e-01	1.095857930580e-02	1.031627426147e+02	9.835176570050e-06
241	2.410000000000e+02	9.904968961020e-01	1.371711433507e-01	9.998812138061e-03	1.030312881470e+02	9.826407222135e-06
242	2.420000000000e+02	9.907187220638e-01	1.357063539654e-01	7.758817283795e-03	1.032163467407e+02	9.772591511137e-06
243	2.430000000000e+02	9.903078869946e-01	1.386154291943e-01	8.720765188825e-03	1.027708816528e+02	9.754142411111e-06
244	2.440000000000e+02	9.902132619221e-01	1.393076590499e-01	8.430423688267e-03	1.031492080688e+02	9.728908480611e-06
245	2.450000000000e+02	9.899369974235e-01	1.411218629242e-01	1.045757797005e-02	1.026773910522e+02	9.683594726084e-06
246	2.460000000000e+02	9.899874480811e-01	1.407844562131e-01	1.022690230126e-02	1.027693481445e+02	9.627038707549e-06
247	2.470000000000e+02	9.900646113953e-01	1.403427104347e-01	8.717160695693e-03	1.028811264038e+02	9.570100701239e-06
248	2.480000000000e+02	9.904939301029e-01	1.371254831513e-01	1.088008731248e-02	1.028519210815e+02	9.457841770200e-06
249	2.490000000000e+02	9.899621818546e-01	1.410877764141e-01	8.313714223800e-03	1.028744277954e+02	9.443986527913e-06
250	2.500000000000e+02	9.899279950826e-01	1.412306324091e-01	9.822068065360e-03	1.026748046875e+02	9.366347512696e-06
251	2.510000000000e+02	9.899538033049e-01	1.410344479953e-01	1.003751965806e-02	1.028237380981e+02	9.299975317845e-06
252	2.520000000000e+02	9.900414660896e-01	1.405571104345e-01	7.848192745292e-03	1.027843780518e+02	9.227180271409e-06
253	2.530000000000e+02	9.898250450776e-01	1.420718495075e-01	7.872084515327e-03	1.027828063965e+02	9.164537004835e-06
254	2.540000000000e+02	9.897357952944e-01	1.426932100853e-01	7.855145357983e-03	1.027611618042e+02	9.079574738280e-06
255	2.550000000000e+02	9.900294734268e-01	1.407093993911e-01	6.519713896740e-03	1.029783554077e+02	8.983606676338e-06
256	2.560000000000e+02	9.899168510567e-01	1.415010591321e-01	6.486775659843e-03	1.029248504639e+02	8.896820872906e-06
257	2.570000000000e+02	9.899508097265e-01	1.412808628007e-01	6.091972440241e-03	1.029022750854e+02	8.796322617854e-06
258	2.580000000000e+02	9.897954705729e-01	1.422136735802e-01	8.955304578047e-03	1.029018402100e+02	8.717082891962e-06
259	2.590000000000e+02	9.898595449141e-01	1.417529684210e-01	9.174818053873e-03	1.028918228149e+02	8.611507837486e-06
260	2.600000000000e+02	9.898457294024e-01	1.420001430127e-01	6.433612375687e-03	1.029789657593e+02	8.521849849785e-06
261	2.610000000000e+02	9.899613963217e-01	1.411531659920e-01	7.226169334687e-03	1.028749237061e+02	8.398719728575e-06
262	2.620000000000e+02	9.897925092965e-01	1.422923802013e-01	7.979165194909e-03	1.031324996948e+02	8.316950697917e-06
263	2.630000000000e+02	9.894755470647e-01	1.445329587958e-01	6.954536853388e-03	1.029577102661e+02	8.217827598855e-06
264	2.640000000000e+02	9.896322235224e-01	1.434216115299e-01	7.635673658438e-03	1.030947647095e+02	8.097722457023e-06
265	2.650000000000e+02	9.899209930125e-01	1.413938772711e-01	8.012431798826e-03	1.028760757446e+02	7.961336450535e-06
266	2.660000000000e+02	9.893640093586e-01	1.453054035357e-01	6.722848297329e-03	1.028611907959e+02	7.873217327869e-06
267	2.670000000000e+02	9.894027713813e-01	1.449968628765e-01	7.620087857576e-03	1.028591232300e+02	7.756908416923e-06
268	2.680000000000e+02	9.894198586533e-01	1.449513059009e-01	6.120638858353e-03	1.028426971436e+02	7.637786438863e-06
269	2.690000000000e+02	9.894673055479e-01	1.446522279334e-01	5.494015433061e-03	1.029364547729e+02	7.512300726376e-06
270	2.700000000000e+02	9.893931833207e-01	1.451531666161e-01	5.629122475500e-03	1.028973083496e+02	7.393844043690e-06
271	2.710000000000e+02	9.894170065788e-01	1.449982256843e-01	5.431541310866e-03	1.030158309937e+02	7.277539680217e-06
272	2.720000000000e+02	9.892586415145e-01	1.460310301116e-01	6.502186819187e-03	1.027928543091e+02	7.156764240790e-06
273	2.730000000000e+02	9.893144728087e-01	1.456624803755e-01	6.270223457126e-03	1.030248947144e+02	7.020040811767e-06
274	2.740000000000e+02	9.892868431130e-01	1.458999880670e-01	4.973482246000e-03	1.029818954468e+02	6.892468718434e-06
275	2.750000000000e+02	9.892140312125e-01	1.463981098526e-01	4.816002886988e-03	1.028708572388e+02	6.756952643627e-06
276	2.760000000000e+02	9.891059895318e-01	1.471569879386e-01	3.763292870279e-03	1.029333419800e+02	6.633913471887e-06
277	2.770000000000e+02	9.889661264348e-01	1.480514062863e-01	5.175119435197e-03	1.027212295532e+02	6.497790309368e-06
278	2.780000000000e+02	9.891043079311e-01	1.471484248232e-01	4.473153724693e-03	1.029861984253e+02	6.356460744428e-06
279	2.790000000000e+02	9.887584737475e-01	1.494100868795e-01	5.771181086263e-03	1.027636795044e+02	6.226858204172e-06
280	2.800000000000e+02	9.888695208311e-01	1.486374505496e-01	6.631671392502e-03	1.028844451904e+02	6.077926627768e-06
281	2.810000000000e+02	9.888060008633e-01	1.490672861420e-01	6.452662944711e-03	1.028731231689e+02	5.936509751336e-06
282	2.820000000000e+02	9.888664907172e-01	1.486865300147e-01	5.948052517481e-03	1.029356765747e+02	5.799035079690e-06
283	2.830000000000e+02	9.885255017693e-01	1.508997288465e-01	6.826725840598e-03	1.027641601562e+02	5.657545443682e-06
284	2.840000000000e+02	9.886937079805e-01	1.498449390243e-01	5.589816500707e-03	1.028587417603e+02	5.506592970050e-06
285	2.850000000000e+02	9.887411159634e-01	1.495281597600e-01	5.686390965589e-03	1.028737335205e+02	5.349997536541e-06
286	2.860000000000e+02	9.883982067481e-01	1.518131724739e-01	4.663213537973e-03	1.028316497803e+02	5.210527888266e-06
287	2.870000000000e+02	9.885594580613e-01	1.507207797163e-01	5.783116738160e-03	1.029813079834e+02	4.994855771656e-06
288	2.880000000000e+02	9.883512920765e-01	1.521230427919e-01	4.505918598270e-03	1.030274200439e+02	4.840447672905e-06
289	2.890000000000e+02	9.880966054101e-01	1.537342781765e-01	5.556085904689e-03	1.028068466187e+02	4.688396074926e-06
290	2.900000000000e+02	9.884803253762e-01	1.512634058933e-01	5.101801809849e-03	1.029558258057e+02	4.523703864834e-06
291	2.910000000000e+02	9.877449972892e-01	1.560284890863e-01	3.864055334035e-03	1.029171295166e+02	4.180349151284e-06
292	2.920000000000e+02	9.877027209614e-01	1.562694524625e-01	4.815935268447e-03	1.027396774292e+02	4.021079348604e-06
293	2.930000000000e+02	9.877785964120e-01	1.558233102393e-01	3.541250695041e-03	1.029983749390e+02	3.859972821374e-06
294	2.940000000000e+02	9.873833631469e-01	1.582828598225e-01	4.542077401969e-03	1.028201599121e+02	3.702977664943e-06
295	2.950000000000e+02	9.873229485634e-01	1.586852315133e-01	3.520303919308e-03	1.027748870850e+02	3.542847707649e-06
296	2.960000000000e+02	9.871892017114e-01	1.594973065896e-01	4.253141782762e-03	1.028233795166e+02	3.385496484043e-06
297	2.970000000000e+02	9.870148593930e-01	1.605984392323e-01	3.131877003332e-03	1.028374633789e+02	3.231222308386e-06
298	2.980000000000e+02	9.871492234714e-01	1.597583222099e-01	3.699876268217e-03	1.028761062622e+02	3.073063453485e-06
299	2.990000000000e+02	9.867748953065e-01	1.620491679985e-01	3.920860077728e-03	1.029614944458e+02	2.922336761912e-06
300	3.000000000000e+02	9.868189235221e-01	1.617607950427e-01	4.675186189095e-03	1.029718551636e+02	2.768414560705e-06
301	3.010000000000e+02	9.867411188607e-01	1.622425907351e-01	4.393870845881e-03	1.030166015625e+02	2.620557097543e-06
302	3.020000000000e+02	9.866600668713e-01	1.627477731661e-01	3.882624241485e-03	1.029946823120e+02	2.469564378771e-06
303	3.030000000000e+02	9.858801128280e-01	1.673711410393e-01	5.225349511176e-03	1.026493759155e+02	2.332083340661e-06
304	3.040000000000e+02	9.855846801596e-01	1.691032396611e-01	5.189659995456e-03	1.025799484253e+02	2.188302914874e-06
305	3.050000000000e+02	9.860451327813e-01	1.664620557942e-01	2.319504078972e-03	1.027409362793e+02	2.039952050836e-06
306	3.060000000000e+02	9.853382214889e-01	1.705588012348e-01	4.276048921019e-03	1.027925186157e+02	1.907465048134e-06
307	3.070000000000e+02	9.854924932272e-01	1.696693097824e-01	4.107445777897e-03	1.027295608521e+02	1.768845550032e-06
308	3.080000000000e+02	9.799510166683e-01	1.992006457978e-01	3.886855358755e-03	1.006434783936e+02	1.677197587924e-06
309	3.090000000000e+02	9.793451759700e-01	2.021542914653e-01	4.082737623809e-03	1.006381912231e+02	1.548618342895e-06
310	3.100000000000e+02	9.778671009440e-01	2.091421258007e-01	5.958532286774e-03	1.003695755005e+02	1.424766878699e-06
311	3.110000000000e+02	9.786872699154e-01	2.053243203300e-01	3.626456478464e-03	1.006843338013e+02	1.301137444898e-06
312	3.120000000000e+02	9.777867156290e-01	2.095641615959e-01	4.000114245919e-03	1.005059738159e+02	1.184915390695e-06
313	3.130000000000e+02	9.779787568569e-01	2.086509678952e-01	4.724905609114e-03	1.009191741943e+02	1.074230681297e-06
314	3.140000000000e+02	9.778341339027e-01	2.093568258815e-01	3.182142618037e-03	1.013962554932e+02	9.665160405348e-07
315	3.150000000000e+02	9.775062495966e-01	2.108890165325e-01	2.711956031582e-03	1.011214447021e+02	8.673396223458e-07
316	3.160000000000e+02	9.745060459021e-01	2.242915367909e-01	5.592228912441e-03	1.007850875854e+02	7.717497965132e-07
317	3.170000000000e+02	9.748026915471e-01	2.228980656608e-01	8.727249115147e-03	1.008627166748e+02	6.826980438746e-07
318	3.180000000000e+02	9.753815869556e-01	2.203022616740e-01	9.882981797662e-03	1.008195266724e+02	5.938829303886e-07
319	3.190000000000e+02	9.715786509005e-01	2.361181319931e-01	1.682714647380e-02	9.977875518799e+01	5.135483434060e-07
320	3.200000000000e+02	9.717337659423e-01	2.358425355219e-01	1.057291663675e-02	1.004719619751e+02	4.398731618949e-07
321	3.210000000000e+02	9.716036354472e-01	2.360122288604e-01	1.687019306630e-02	1.007597351074e+02	3.763228733078e-07
322	3.220000000000e+02	9.702719334027e-01	2.412688310944e-01	1.901910600741e-02	1.013586425781e+02	3.189725248376e-07
323	3.230000000000e+02	9.667257858511e-01	2.549930395243e-01	2.048913772330e-02	9.960344696045e+01	2.644813719144e-07
324	3.240000000000e+02	9.673415191250e-01	2.512313857672e-01	3.366268234055e-02	1.009686203003e+02	1.978753658705e-07
325	3.250000000000e+02	9.726319328373e-01	2.284123176024e-01	4.260207028504e-02	1.027841873169e+02	1.566130691799e-07
326	3.260000000000e+02	9.627482623067e-01	2.621474560351e-01	6.629098520734e-02	1.002023773193e+02	1.306415100544e-07
327	3.270000000000e+02	9.657164554791e-01	2.482114583847e-01	7.604472068088e-02	9.941779327393e+01	1.043357187314e-07
328	3.280000000000e+02	9.655598053408e-01	2.382200502939e-01	1.046206000179e-01	9.913024139404e+01	9.135250422787e-08
329	3.290000000000e+02	9.688896399918e-01	2.081217097987e-01	1.339336381458e-01	9.879129791260e+01	8.414837537885e-08
330	3.300000000000e+02	9.745161966712e-01	1.642551902667e-01	1.527691555781e-01	9.848542022705e+01	8.577057997172e-08
331	3.310000000000e+02	9.819676373111e-01	1.348985938164e-01	1.324459461816e-01	9.960839080811e+01	9.633266984110e-08
332	3.320000000000e+02	9.853280959378e-01	1.158605892464e-01	1.253190616590e-01	9.971210479736e+01	1.145037984429e-07
333	3.330000000000e+02	9.890886090027e-01	9.955699684702e-02	1.085915646814e-01	1.002017288208e+02	1.410544285818e-07
334	3.340000000000e+02	9.895396330428e-01	1.072020235758e-01	9.653517897029e-02	9.953814697266e+01	1.762707313446e-07
335	3.350000000000e+02	9.920656164595e-01	8.860570692102e-02	8.918991725431e-02	9.989405822754e+01	2.164480576994e-07
336	3.360000000000e+02	9.933423481963e-01	8.869646361183e-02	7.351133669435e-02	1.006297531128e+02	2.665872784746e-07
337	3.370000000000e+02	9.928529855909e-01	1.009588173436e-01	6.364170176687e-02	1.005025558472e+02	3.281516001152e-07
338	3.380000000000e+02	9.927485492077e-01	1.055025419301e-01	5.761537722120e-02	1.001563491821e+02	3.937188353120e-07
339	3.390000000000e+02	9.928077344379e-01	1.082433174837e-01	5.114867212781e-02	1.003591079712e+02	4.697468227732e-07
340	3.400000000000e+02	9.930915678359e-01	1.086815738594e-01	4.424311694203e-02	1.010754699707e+02	5.507012019734e-07
341	3.410000000000e+02	9.930773525973e-01	1.106242176382e-01	3.949245789215e-02	1.010726852417e+02	6.410775199583e-07
342	3.420000000000e+02	9.929427162859e-01	1.119987070168e-01	3.900066411300e-02	1.011808090210e+02	7.360738436546e-07
343	3.430000000000e+02	9.928877758225e-01	1.131478227767e-01	3.703288839793e-02	1.012054443359e+02	8.380528697671e-07
344	3.440000000000e+02	9.920241149000e-01	1.218617384766e-01	3.221602322259e-02	1.009488296509e+02	9.529648536954e-07
345	3.450000000000e+02	9.919378402684e-01	1.222116156825e-01	3.352077021642e-02	1.007313308716e+02	1.069858512892e-06
346	3.460000000000e+02	9.916830555746e-01	1.245845436645e-01	3.230183843379e-02	1.009127349854e+02	1.194874812427e-06
347	3.470000000000e+02	9.917072200594e-01	1.251933420626e-01	2.904163881866e-02	1.010977096558e+02	1.336861600976e-06
348	3.480000000000e+02	9.911430307683e-01	1.300605112763e-01	2.682826803857e-02	1.008991470337e+02	1.478789272369e-06
349	3.490000000000e+02	9.906919729393e-01	1.331105606822e-01	2.847794565199e-02	1.009229965210e+02	1.624024434932e-06
350	3.500000000000e+02	9.907435856012e-01	1.327654509582e-01	2.829280159274e-02	1.009617538452e+02	1.770847006810e-06
351	3.510000000000e+02	9.943206392224e-01	1.034474805147e-01	2.500170377116e-02	1.033160095215e+02	1.876478336271e-06
352	3.520000000000e+02	9.937149988851e-01	1.095211636207e-01	2.314337291665e-02	1.027878570557e+02	2.039777655227e-06
353	3.530000000000e+02	9.935517721698e-01	1.109159309690e-01	2.350600509383e-02	1.027230987549e+02	2.207939587606e-06
354	3.540000000000e+02	9.934791922631e-01	1.117172828663e-01	2.276715285535e-02	1.026145935059e+02	2.370321453782e-06
355	3.550000000000e+02	9.938857511995e-01	1.084490863754e-01	2.073425250345e-02	1.028748550415e+02	2.527626065785e-06
356	3.560000000000e+02	9.933286051474e-01	1.132362036557e-01	2.181385746541e-02	1.027235794067e+02	2.712207106015e-06
357	3.570000000000e+02	9.933683324645e-01	1.130540744495e-01	2.093161023548e-02	1.027606353760e+02	2.892839120250e-06
358	3.580000000000e+02	9.930755789887e-01	1.159241957751e-01	1.903878278829e-02	1.026831436157e+02	3.085591970375e-06
359	3.590000000000e+02	9.931313313373e-01	1.153986432595e-01	1.932127971951e-02	1.025017852783e+02	3.267791498729e-06
360	3.600000000000e+02	9.929886347820e-01	1.165721068194e-01	1.960905672249e-02	1.026913833618e+02	3.455364549154e-06
