# Filename: 175832_polarimeter_vs_wheel.dat
# Timestamp: Wed May 15 17:58:32 2019

# Column 1:
#	name: measurement point
#	size: 0
#	type: coordinate
# Column 2:
#	name: angle
#	type: value
# Column 3:
#	name: S1
#	type: value
# Column 4:
#	name: S2
#	type: value
# Column 5:
#	name: S3
#	type: value
# Column 6:
#	name: DOP
#	type: value
# Column 7:
#	name: power
#	type: value

0	0.000000000000e+00	9.993736058191e-01	-2.844661017186e-02	-2.105199187400e-02	1.036064910889e+02	5.479097126226e-06
1	1.000000000000e+00	9.993825348292e-01	-2.754954547988e-02	-2.180760468582e-02	1.035306243896e+02	5.249627974990e-06
2	2.000000000000e+00	9.994514371660e-01	-2.489294251509e-02	-2.184413330396e-02	1.033555450439e+02	5.016768227506e-06
3	3.000000000000e+00	9.994053570827e-01	-2.705275824505e-02	-2.137944119509e-02	1.036888504028e+02	4.761483523907e-06
4	4.000000000000e+00	9.994203163191e-01	-2.505644595966e-02	-2.304790325802e-02	1.035636978149e+02	4.517990419117e-06
5	5.000000000000e+00	9.993362114789e-01	-2.720968492409e-02	-2.422332498360e-02	1.036490859985e+02	4.273433205526e-06
6	6.000000000000e+00	9.994044627570e-01	-2.392331548792e-02	-2.486754506394e-02	1.034197845459e+02	4.017627816211e-06
7	7.000000000000e+00	9.993970304251e-01	-2.480766331294e-02	-2.429311463093e-02	1.033906173706e+02	3.768876240429e-06
8	8.000000000000e+00	9.994692641088e-01	-2.175658691526e-02	-2.424543312864e-02	1.035133056641e+02	3.514778654790e-06
9	9.000000000000e+00	9.994269537829e-01	-1.971080375254e-02	-2.751814433596e-02	1.034775924683e+02	3.259751338192e-06
10	1.000000000000e+01	9.993744047294e-01	-2.089159488940e-02	-2.853665072744e-02	1.038025207520e+02	3.009471811311e-06
11	1.100000000000e+01	9.995193743068e-01	-1.590617573401e-02	-2.660853169328e-02	1.030447769165e+02	2.763223164948e-06
12	1.200000000000e+01	9.993964048238e-01	-1.977456110966e-02	-2.856208602735e-02	1.036672897339e+02	2.512381342967e-06
13	1.300000000000e+01	9.993123708526e-01	-2.144091424570e-02	-3.025016788948e-02	1.033655014038e+02	2.278142119394e-06
14	1.400000000000e+01	9.993175150709e-01	-1.231291924977e-02	-3.482665777947e-02	1.027922515869e+02	2.052541731246e-06
15	1.500000000000e+01	9.991312327955e-01	-1.064804599152e-02	-4.029142302138e-02	1.037389755249e+02	1.822335889301e-06
16	1.600000000000e+01	9.990386726418e-01	1.577986137159e-02	-4.089897970817e-02	1.020129776001e+02	1.636503839109e-06
17	1.700000000000e+01	9.988584907894e-01	2.224457864669e-02	-4.227167016743e-02	1.002336578369e+02	1.433080797142e-06
18	1.800000000000e+01	9.990343741594e-01	1.128625271138e-02	-4.246103799613e-02	1.011534347534e+02	1.220071567332e-06
19	1.900000000000e+01	9.987042717808e-01	2.879441259411e-02	-4.196021127304e-02	9.991141510010e+01	1.042215899361e-06
20	2.000000000000e+01	9.983527831480e-01	3.528409348508e-02	-4.524105577531e-02	1.002479248047e+02	8.727364502192e-07
21	2.100000000000e+01	9.969630039400e-01	2.776328674211e-02	-7.275966385413e-02	1.009842071533e+02	7.012358764769e-07
22	2.200000000000e+01	9.982814285225e-01	1.328434733444e-02	-5.707640127971e-02	1.009560394287e+02	5.536683715945e-07
23	2.300000000000e+01	9.964552778946e-01	3.871381373319e-02	-7.468681130005e-02	9.775942230225e+01	4.331765239840e-07
24	2.400000000000e+01	9.921229315497e-01	7.828154456539e-02	-9.779615776515e-02	9.777837371826e+01	3.295311614693e-07
25	2.500000000000e+01	9.889814423633e-01	7.232037315443e-02	-1.291722504557e-01	1.037034072876e+02	2.313713451940e-07
26	2.600000000000e+01	9.897740725554e-01	1.164150657436e-01	-8.243068460885e-02	8.957395172119e+01	1.517118874972e-07
27	2.700000000000e+01	9.586673940044e-01	-4.796340475110e-02	-2.804573755092e-01	1.074057769775e+02	8.330572853765e-08
28	2.800000000000e+01	9.060961290362e-01	1.152133965759e-01	-4.070819060031e-01	9.833690643311e+01	4.935181507904e-08
29	2.900000000000e+01	9.523656157639e-01	1.211466884487e-02	-3.047178509859e-01	1.458283233643e+02	2.517265329516e-08
30	3.000000000000e+01	9.071683864019e-01	3.894850289145e-01	-1.592071950777e-01	4.484973144531e+01	3.115585656133e-08
31	3.100000000000e+01	7.465510990106e-01	-6.275676151229e-01	2.209532643230e-01	1.308715209961e+02	2.565886170203e-08
32	3.200000000000e+01	9.786657308571e-01	-2.047720285451e-01	-1.678700603126e-02	1.247273483276e+02	6.799215412912e-08
33	3.300000000000e+01	9.747493066096e-01	-2.226836408869e-01	1.660678612695e-02	1.103133697510e+02	1.146498220805e-07
34	3.400000000000e+01	9.828355116384e-01	-1.370385674388e-01	1.235102752679e-01	1.043438415527e+02	1.883294089566e-07
35	3.500000000000e+01	9.954205413030e-01	-7.609113347680e-02	5.786264216460e-02	1.058073501587e+02	2.775490202112e-07
36	3.600000000000e+01	9.922137964028e-01	-1.049226694351e-01	6.710451301137e-02	1.053877334595e+02	3.732795903488e-07
37	3.700000000000e+01	9.949863000164e-01	-6.615375348115e-02	7.500629093693e-02	9.909101867676e+01	5.034228252043e-07
38	3.800000000000e+01	9.969884752739e-01	-4.095285741486e-02	6.585471616109e-02	9.912990570068e+01	6.510239245472e-07
39	3.900000000000e+01	9.975734828109e-01	-4.030077898816e-02	5.677141539089e-02	1.013063278198e+02	8.037546308515e-07
40	4.000000000000e+01	9.986996392763e-01	-3.813321425514e-02	3.383620073208e-02	1.012322463989e+02	9.671912266640e-07
41	4.100000000000e+01	9.979337667585e-01	-4.730563135598e-02	4.347843609352e-02	1.015520401001e+02	1.143417989624e-06
42	4.200000000000e+01	9.989549133490e-01	-3.331182549570e-02	3.129542103957e-02	1.024563446045e+02	1.350664206257e-06
43	4.300000000000e+01	9.990920571047e-01	-2.684261090484e-02	3.308376747076e-02	1.005771865845e+02	1.641661810936e-06
44	4.400000000000e+01	9.980460123214e-01	-5.527805435464e-02	2.912892027141e-02	1.037774276733e+02	2.401309302513e-06
45	4.500000000000e+01	9.981620344870e-01	-5.406367893422e-02	2.738013018204e-02	1.035292205811e+02	2.655851631062e-06
46	4.600000000000e+01	9.983945459901e-01	-5.118313823112e-02	2.426142819467e-02	1.041776809692e+02	2.908485157604e-06
47	4.700000000000e+01	9.985734663745e-01	-4.746444629685e-02	2.445728092940e-02	1.032342834473e+02	3.172134256602e-06
48	4.800000000000e+01	9.987808304288e-01	-4.490167417297e-02	2.051078800123e-02	1.035414810181e+02	3.451371640040e-06
49	4.900000000000e+01	9.988171175035e-01	-4.418974169565e-02	2.028872866681e-02	1.036843643188e+02	3.710834334925e-06
50	5.000000000000e+01	9.986918205711e-01	-4.615474547417e-02	2.200879357632e-02	1.034027862549e+02	3.972156264354e-06
51	5.100000000000e+01	9.988724899180e-01	-4.217021934112e-02	2.180416212051e-02	1.033791885376e+02	4.236666427460e-06
52	5.200000000000e+01	9.988516902816e-01	-4.476323627347e-02	1.707493777066e-02	1.037663574219e+02	4.499972874328e-06
53	5.300000000000e+01	9.989990221399e-01	-4.128094959767e-02	1.722895713290e-02	1.035844726562e+02	4.758391696669e-06
54	5.400000000000e+01	9.989566131054e-01	-4.221886565718e-02	1.741414699688e-02	1.038746643066e+02	4.995495601179e-06
55	5.500000000000e+01	9.989278290038e-01	-4.290563717827e-02	1.738674035328e-02	1.037731781006e+02	5.239098300081e-06
56	5.600000000000e+01	9.991064919084e-01	-3.809603051265e-02	1.830055424487e-02	1.033235168457e+02	5.491230695043e-06
57	5.700000000000e+01	9.990634479901e-01	-4.055923759210e-02	1.507233014619e-02	1.036231765747e+02	5.705758667318e-06
58	5.800000000000e+01	9.990270805520e-01	-4.067919627836e-02	1.703218464888e-02	1.036135253906e+02	5.920692728978e-06
59	5.900000000000e+01	9.991301012558e-01	-3.867806762130e-02	1.558999197000e-02	1.037061386108e+02	6.128963832452e-06
60	6.000000000000e+01	9.991095509140e-01	-3.938344077790e-02	1.513439344504e-02	1.039596252441e+02	6.331942131510e-06
61	6.100000000000e+01	9.991849586037e-01	-3.765660077923e-02	1.453956388455e-02	1.037952880859e+02	6.520063834614e-06
62	6.200000000000e+01	9.991723368436e-01	-3.773532629570e-02	1.518836514685e-02	1.036952590942e+02	6.676814791717e-06
63	6.300000000000e+01	9.992477170478e-01	-3.604150441572e-02	1.431816797695e-02	1.037961959839e+02	6.832430699433e-06
64	6.400000000000e+01	9.992569391447e-01	-3.597921804547e-02	1.382264229291e-02	1.038868942261e+02	6.983942057559e-06
65	6.500000000000e+01	9.993159366522e-01	-3.471009113682e-02	1.276198755087e-02	1.037550125122e+02	7.108107638487e-06
66	6.600000000000e+01	9.993505526196e-01	-3.351166883074e-02	1.324541547592e-02	1.035467147827e+02	7.226234629343e-06
67	6.700000000000e+01	9.992578453805e-01	-3.615637506775e-02	1.328438886560e-02	1.038655929565e+02	7.307571650017e-06
68	6.800000000000e+01	9.993505264958e-01	-3.367649264545e-02	1.282259863409e-02	1.036134872437e+02	7.391244253085e-06
69	6.900000000000e+01	9.993724431103e-01	-3.246752685754e-02	1.416261457249e-02	1.035279083252e+02	7.457534593414e-06
70	7.000000000000e+01	9.994018265778e-01	-3.251761848837e-02	1.177257494607e-02	1.036048355103e+02	7.520109193138e-06
71	7.100000000000e+01	9.994153671360e-01	-3.195465858644e-02	1.215827812575e-02	1.036801376343e+02	7.328739229706e-06
72	7.200000000000e+01	9.993961606502e-01	-3.261022112387e-02	1.199531391528e-02	1.039006576538e+02	7.303731308639e-06
73	7.300000000000e+01	9.993888818454e-01	-3.257682893164e-02	1.267332082056e-02	1.038198852539e+02	7.290546818695e-06
74	7.400000000000e+01	9.994651638768e-01	-3.032833571741e-02	1.223021869739e-02	1.035968704224e+02	7.290409484995e-06
75	7.500000000000e+01	9.994703332970e-01	-3.004073011033e-02	1.251428758104e-02	1.037406158447e+02	7.224686214613e-06
76	7.600000000000e+01	9.994907011489e-01	-2.991230764369e-02	1.111720145639e-02	1.037811660767e+02	7.142431059037e-06
77	7.700000000000e+01	9.995404594615e-01	-2.817243321072e-02	1.118856141268e-02	1.037431411743e+02	7.076714609866e-06
78	7.800000000000e+01	9.994884637591e-01	-2.964737721081e-02	1.199349144552e-02	1.038512649536e+02	6.956298875593e-06
79	7.900000000000e+01	9.994926551419e-01	-2.923715425385e-02	1.263412555656e-02	1.036320266724e+02	6.835086423962e-06
80	8.000000000000e+01	9.995453721298e-01	-2.842955591636e-02	1.004038865344e-02	1.037723159790e+02	6.730709174008e-06
81	8.100000000000e+01	9.995703441054e-01	-2.752991804614e-02	1.006135166572e-02	1.037968978882e+02	6.564349860128e-06
82	8.200000000000e+01	9.996029972828e-01	-2.577848779255e-02	1.137178043920e-02	1.037614517212e+02	6.424882485589e-06
83	8.300000000000e+01	9.995601522696e-01	-2.707888843152e-02	1.209279934573e-02	1.039190597534e+02	6.248824774957e-06
84	8.400000000000e+01	9.996532580884e-01	-2.389528936186e-02	1.106249246495e-02	1.036566925049e+02	6.070676136005e-06
85	8.500000000000e+01	9.996016964734e-01	-2.469875461503e-02	1.365356832723e-02	1.035194931030e+02	5.863454134669e-06
86	8.600000000000e+01	9.996192499597e-01	-2.544979726095e-02	1.066128179073e-02	1.038834609985e+02	5.655785116687e-06
87	8.700000000000e+01	9.996581934082e-01	-2.351647669879e-02	1.142241986289e-02	1.037285156250e+02	5.439643246063e-06
88	8.800000000000e+01	9.996042756626e-01	-2.429425967153e-02	1.418030409182e-02	1.037298736572e+02	5.220332695899e-06
89	8.900000000000e+01	9.996781052450e-01	-2.207792259484e-02	1.250004910538e-02	1.039317626953e+02	4.977689513908e-06
90	9.000000000000e+01	9.997225890472e-01	-1.917274741743e-02	1.368030355123e-02	1.033603286743e+02	4.752784661832e-06
91	9.100000000000e+01	9.995784411804e-01	-2.422495444867e-02	1.600285941245e-02	1.038422241211e+02	4.492903826758e-06
92	9.200000000000e+01	9.996845481479e-01	-1.894312486168e-02	1.649127693228e-02	1.033261337280e+02	4.240542239131e-06
93	9.300000000000e+01	9.996958648985e-01	-2.077134051071e-02	1.329395043399e-02	1.039766159058e+02	3.988305707026e-06
94	9.400000000000e+01	9.996739902827e-01	-1.898464837057e-02	1.707326209601e-02	1.037706069946e+02	3.746005859284e-06
95	9.500000000000e+01	9.996708110932e-01	-1.821949041200e-02	1.806431890137e-02	1.036371536255e+02	3.486899686322e-06
96	9.600000000000e+01	9.997787691904e-01	-1.438119320906e-02	1.534907026289e-02	1.039420166016e+02	3.257021489844e-06
97	9.700000000000e+01	9.997976044807e-01	-1.087328231227e-02	1.692695502404e-02	1.031849746704e+02	3.009454530911e-06
98	9.800000000000e+01	9.996939432411e-01	-1.416529948368e-02	2.028211373741e-02	1.033257446289e+02	2.755218929451e-06
99	9.900000000000e+01	9.996975057183e-01	-8.825550875625e-03	2.295662676271e-02	1.030544281006e+02	2.534818577260e-06
100	1.000000000000e+02	9.996867129498e-01	-5.379898809621e-03	2.444448077820e-02	1.031812896729e+02	2.305287353010e-06
101	1.010000000000e+02	9.996349560997e-01	-1.044759171612e-02	2.491590597989e-02	1.038356246948e+02	2.075465545204e-06
102	1.020000000000e+02	9.997632151371e-01	-4.012557964158e-03	2.138721667944e-02	1.040913085938e+02	1.852205286923e-06
103	1.030000000000e+02	9.991336490510e-01	2.764028961933e-02	3.111214752732e-02	1.012312850952e+02	1.685419306341e-06
104	1.040000000000e+02	9.994916341171e-01	2.334659722360e-02	2.171197199757e-02	1.014541397095e+02	1.476759962316e-06
105	1.050000000000e+02	9.991358319306e-01	3.329494762583e-02	2.488043035948e-02	1.012576141357e+02	1.289717374675e-06
106	1.060000000000e+02	9.988520600884e-01	3.878809208810e-02	2.810775639197e-02	1.016686248779e+02	1.106176000576e-06
107	1.070000000000e+02	9.987792164490e-01	3.791004498718e-02	3.166867977223e-02	1.025961456299e+02	9.310364248449e-07
108	1.080000000000e+02	9.989419292280e-01	2.418818540608e-02	3.911462280389e-02	1.036152801514e+02	7.618398285558e-07
109	1.090000000000e+02	9.977778063468e-01	5.622283850772e-02	3.575530159136e-02	1.019594116211e+02	6.374331746883e-07
110	1.100000000000e+02	9.982235945042e-01	4.791617203750e-02	3.540756744478e-02	1.039371185303e+02	4.976867558071e-07
111	1.110000000000e+02	9.990301197465e-01	2.565834773125e-02	3.578364194826e-02	1.050637969971e+02	3.741429281945e-07
112	1.120000000000e+02	9.907419813628e-01	8.600897926859e-02	1.050370498947e-01	1.006780242920e+02	2.842734261321e-07
113	1.130000000000e+02	9.916919917194e-01	1.158500416837e-01	5.590850920419e-02	1.017509155273e+02	2.001280279273e-07
114	1.140000000000e+02	9.801400197217e-01	1.418343432739e-01	1.385949523178e-01	8.861553955078e+01	1.340307846931e-07
115	1.150000000000e+02	9.724282368915e-01	2.180152362380e-01	8.278092089490e-02	9.979712677002e+01	8.666167161664e-08
116	1.160000000000e+02	7.780364697341e-01	2.686117259311e-01	5.678969910609e-01	7.271636199951e+01	4.307760903544e-08
117	1.170000000000e+02	7.038271914091e-01	4.164522629740e-01	5.754952626191e-01	8.661452484131e+01	3.043658480806e-08
118	1.180000000000e+02	9.567704164358e-01	5.625541809934e-02	-2.853518848154e-01	7.630110931396e+01	2.423534972706e-08
119	1.190000000000e+02	9.889027538551e-01	-4.679541124484e-02	-1.410018897187e-01	1.145452423096e+02	3.913050505844e-08
120	1.200000000000e+02	9.475985578584e-01	-3.187784396066e-01	2.091123111166e-02	8.804407501221e+01	6.694665444229e-08
121	1.210000000000e+02	9.648873151505e-01	-2.586785061580e-01	-4.558398308128e-02	1.161921463013e+02	1.051655047490e-07
122	1.220000000000e+02	9.957952199307e-01	-5.188079738928e-02	-7.550008493691e-02	9.758432006836e+01	1.911387812470e-07
123	1.230000000000e+02	9.880713251831e-01	-1.296433140428e-01	-8.311237858987e-02	1.086421966553e+02	2.552018543156e-07
124	1.240000000000e+02	9.973532915934e-01	-6.886762129533e-02	-2.331657103662e-02	1.003018569946e+02	3.583033958421e-07
125	1.250000000000e+02	9.955583064964e-01	-8.963870292443e-02	-2.878474081842e-02	1.026787567139e+02	4.605668948443e-07
126	1.260000000000e+02	9.971418525161e-01	-5.446038580476e-02	-5.236594636496e-02	1.019270401001e+02	5.881349807169e-07
127	1.270000000000e+02	9.965475126125e-01	-7.305281968185e-02	-3.945048342345e-02	1.038888702393e+02	7.143515290409e-07
128	1.280000000000e+02	9.971740434300e-01	-6.823239437307e-02	-3.143672164160e-02	1.015172195435e+02	8.634864343549e-07
129	1.290000000000e+02	9.985124501598e-01	-4.823464717769e-02	-2.542254289834e-02	1.009840774536e+02	1.375930651193e-06
130	1.300000000000e+02	9.984800808537e-01	-4.417733661949e-02	-3.295286129544e-02	1.025019607544e+02	1.577491957505e-06
131	1.310000000000e+02	9.984754605890e-01	-4.485288304475e-02	-3.217100377779e-02	1.023837585449e+02	1.770770836629e-06
132	1.320000000000e+02	9.972601552533e-01	-6.987323762141e-02	-2.428813307716e-02	1.040234451294e+02	1.940342372109e-06
133	1.330000000000e+02	9.976608162246e-01	-6.466009083453e-02	-2.218036120699e-02	1.034010467529e+02	2.145545749954e-06
134	1.340000000000e+02	9.976209793536e-01	-6.334346194965e-02	-2.720270908965e-02	1.042713317871e+02	2.358194024055e-06
135	1.350000000000e+02	9.980279394608e-01	-5.705443154523e-02	-2.617296117457e-02	1.035667572021e+02	2.585705033198e-06
136	1.360000000000e+02	9.980809089992e-01	-5.789941002781e-02	-2.195808301846e-02	1.034023666382e+02	2.805808435369e-06
137	1.370000000000e+02	9.983142936892e-01	-5.327847194802e-02	-2.302119551159e-02	1.032141799927e+02	3.033896064153e-06
138	1.380000000000e+02	9.983073497440e-01	-5.309001352327e-02	-2.374628205110e-02	1.038783035278e+02	3.254247531004e-06
139	1.390000000000e+02	9.983057226891e-01	-5.330307704081e-02	-2.333379575292e-02	1.035975341797e+02	3.473703600321e-06
140	1.400000000000e+02	9.984073064787e-01	-5.309055463377e-02	-1.908516121662e-02	1.035493774414e+02	3.700872866830e-06
141	1.410000000000e+02	9.984500136555e-01	-5.152276030215e-02	-2.104698083212e-02	1.039176940918e+02	3.913065029337e-06
142	1.420000000000e+02	9.986688645877e-01	-4.723249252477e-02	-2.072656635848e-02	1.034248580933e+02	4.137902124057e-06
143	1.430000000000e+02	9.987342184394e-01	-4.709370875027e-02	-1.766758371768e-02	1.032048416138e+02	4.360013463156e-06
144	1.440000000000e+02	9.986612456419e-01	-4.839875192650e-02	-1.825588302045e-02	1.036694641113e+02	4.572160378302e-06
145	1.450000000000e+02	9.986886327204e-01	-4.765642371043e-02	-1.870508364615e-02	1.035349655151e+02	4.754128440254e-06
146	1.460000000000e+02	9.986943107188e-01	-4.789582261607e-02	-1.776693315799e-02	1.037780075073e+02	4.943013209413e-06
147	1.470000000000e+02	9.988492603553e-01	-4.451806377737e-02	-1.784088241190e-02	1.033381423950e+02	5.142091595189e-06
148	1.480000000000e+02	9.987716740383e-01	-4.574655886859e-02	-1.903668800924e-02	1.036850891113e+02	5.303990747052e-06
149	1.490000000000e+02	9.988975992470e-01	-4.361406457443e-02	-1.736086374333e-02	1.034799728394e+02	5.475348643813e-06
150	1.500000000000e+02	9.988736076243e-01	-4.368698165601e-02	-1.851927712788e-02	1.033500823975e+02	5.621197487926e-06
151	1.510000000000e+02	9.989829683486e-01	-4.118079485338e-02	-1.836221894713e-02	1.033431930542e+02	5.782790594822e-06
152	1.520000000000e+02	9.989970523718e-01	-4.151194126077e-02	-1.678237423996e-02	1.032577743530e+02	5.902363227506e-06
153	1.530000000000e+02	9.989671803024e-01	-4.193931942599e-02	-1.748331103471e-02	1.035335083008e+02	5.997704647598e-06
154	1.540000000000e+02	9.989679102904e-01	-4.176219708938e-02	-1.786149781891e-02	1.034782257080e+02	6.117769771663e-06
155	1.550000000000e+02	9.989844110443e-01	-4.122797454767e-02	-1.817692507563e-02	1.037140350342e+02	6.179903721204e-06
156	1.560000000000e+02	9.990172729533e-01	-4.114152933151e-02	-1.648826568108e-02	1.035255737305e+02	6.269729055930e-06
157	1.570000000000e+02	9.990483084015e-01	-3.962519606930e-02	-1.822968229232e-02	1.035904769897e+02	6.340670552163e-06
158	1.580000000000e+02	9.990544485330e-01	-3.937959907315e-02	-1.842433291169e-02	1.034459075928e+02	6.373993983289e-06
159	1.590000000000e+02	9.990865915217e-01	-3.837127274159e-02	-1.880500118829e-02	1.035856170654e+02	6.385095275618e-06
160	1.600000000000e+02	9.991426292522e-01	-3.684144381988e-02	-1.888688508837e-02	1.034503097534e+02	6.411531558115e-06
161	1.610000000000e+02	9.990825583325e-01	-3.817157095348e-02	-1.941578756159e-02	1.036894226074e+02	6.385481356119e-06
162	1.620000000000e+02	9.991223585890e-01	-3.712467470128e-02	-1.939770851935e-02	1.035163421631e+02	6.369580660248e-06
163	1.630000000000e+02	9.991453265278e-01	-3.651737290848e-02	-1.936744571532e-02	1.037569885254e+02	6.351274805638e-06
164	1.640000000000e+02	9.991439596816e-01	-3.771087623448e-02	-1.700698813715e-02	1.034549789429e+02	6.274550742091e-06
165	1.650000000000e+02	9.991056826173e-01	-3.748222061789e-02	-1.956829321374e-02	1.036158676147e+02	6.226896857697e-06
166	1.660000000000e+02	9.991222600157e-01	-3.687098830724e-02	-1.988063787580e-02	1.037585525513e+02	6.128601853561e-06
167	1.670000000000e+02	9.991963211482e-01	-3.576760129610e-02	-1.809393548536e-02	1.036327056885e+02	6.055458015908e-06
168	1.680000000000e+02	9.992344211806e-01	-3.438775987495e-02	-1.865619196424e-02	1.034138488770e+02	5.939810762357e-06
169	1.690000000000e+02	9.992643727716e-01	-3.349732913563e-02	-1.867196428466e-02	1.035664062500e+02	5.841902748216e-06
170	1.700000000000e+02	9.992145478586e-01	-3.328637767471e-02	-2.150126528821e-02	1.034913787842e+02	5.699093435396e-06
171	1.710000000000e+02	9.992283827210e-01	-3.400438063092e-02	-1.965556569108e-02	1.035794677734e+02	5.576664534601e-06
172	1.720000000000e+02	9.993484473934e-01	-3.044546597411e-02	-1.938438273637e-02	1.032721557617e+02	5.435663297249e-06
173	1.730000000000e+02	9.992967518765e-01	-3.039548148090e-02	-2.195714905671e-02	1.034483947754e+02	5.263296316116e-06
174	1.740000000000e+02	9.993032459170e-01	-3.047330096796e-02	-2.154995656212e-02	1.037463531494e+02	5.087742920296e-06
175	1.750000000000e+02	9.991799586314e-01	-3.439972033846e-02	-2.135578399517e-02	1.035891113281e+02	4.920356786897e-06
176	1.760000000000e+02	9.993992094518e-01	-2.715142917742e-02	-2.154112440814e-02	1.033112869263e+02	4.737762537843e-06
177	1.770000000000e+02	9.992851950281e-01	-2.865082358612e-02	-2.466230535786e-02	1.036064147949e+02	4.545899173536e-06
178	1.780000000000e+02	9.992909567589e-01	-2.877426374156e-02	-2.428220513137e-02	1.033140106201e+02	4.334826826380e-06
179	1.790000000000e+02	9.992489387699e-01	-3.125524708989e-02	-2.290563023808e-02	1.035406875610e+02	4.129698481847e-06
180	1.800000000000e+02	9.993300383559e-01	-2.750851568424e-02	-2.414033977470e-02	1.033139724731e+02	3.923004442186e-06
181	1.810000000000e+02	9.994352464484e-01	-2.418262192548e-02	-2.333214421057e-02	1.032790069580e+02	3.709044449351e-06
182	1.820000000000e+02	9.993073015596e-01	-2.715548849563e-02	-2.544595241509e-02	1.034294281006e+02	3.486406512820e-06
183	1.830000000000e+02	9.993449817832e-01	-2.418901970999e-02	-2.691651370741e-02	1.031041259766e+02	3.271829200457e-06
184	1.840000000000e+02	9.993344315170e-01	-2.134031871787e-02	-2.958521221292e-02	1.034148178101e+02	3.057751200686e-06
185	1.850000000000e+02	9.994381929597e-01	-2.103786986206e-02	-2.609035233794e-02	1.031058197021e+02	2.836741941792e-06
186	1.860000000000e+02	9.993768294150e-01	-2.289562446140e-02	-2.686527887452e-02	1.035544128418e+02	2.613920514705e-06
187	1.870000000000e+02	9.992569453645e-01	-2.427985820683e-02	-2.993402121814e-02	1.032883834839e+02	2.397567641310e-06
188	1.880000000000e+02	9.992024511179e-01	-2.594504221098e-02	-3.035319529453e-02	1.039183273315e+02	2.182430534958e-06
189	1.890000000000e+02	9.989503985275e-01	-2.554013436509e-02	-3.802371389531e-02	1.046824722290e+02	1.970999392142e-06
190	1.900000000000e+02	9.993263909692e-01	-1.869168009120e-02	-3.158140921351e-02	1.038462371826e+02	1.784400183169e-06
191	1.910000000000e+02	9.993573511385e-01	1.371927986821e-02	-3.311594910920e-02	1.006409072876e+02	1.630368160477e-06
192	1.920000000000e+02	9.992797556429e-01	1.647416934369e-02	-3.418437810839e-02	1.013347396851e+02	1.442144935027e-06
193	1.930000000000e+02	9.986647846971e-01	2.001743725000e-02	-4.762299877000e-02	1.012728424072e+02	1.262519958800e-06
194	1.940000000000e+02	9.986650419266e-01	1.563844747808e-02	-4.922979782759e-02	1.026931152344e+02	1.084613586499e-06
195	1.950000000000e+02	9.980251616917e-01	3.021043460870e-02	-5.507364406848e-02	1.008985366821e+02	9.322981782134e-07
196	1.960000000000e+02	9.977732592532e-01	9.629091739869e-03	-6.599851294978e-02	1.033561172485e+02	7.635839551767e-07
197	1.970000000000e+02	9.985205460943e-01	2.555580800317e-02	-4.799603842883e-02	1.013766021729e+02	6.323832053567e-07
198	1.980000000000e+02	9.983741888790e-01	5.909953051031e-03	-5.669260476552e-02	1.011895980835e+02	5.006880883229e-07
199	1.990000000000e+02	9.968307296897e-01	1.051595802598e-02	-7.885373151007e-02	1.054754867554e+02	3.850349514778e-07
200	2.000000000000e+02	9.921740230300e-01	6.591614846670e-02	-1.060460720436e-01	1.017238845825e+02	3.015783818228e-07
201	2.010000000000e+02	9.900255255949e-01	8.706392826488e-03	-1.406188372674e-01	1.091765594482e+02	2.068505864372e-07
202	2.020000000000e+02	9.941494749039e-01	8.364935154697e-02	-6.833452666175e-02	9.844786834717e+01	1.436315386627e-07
203	2.030000000000e+02	9.919279084857e-01	-7.533093031317e-02	-1.020013495270e-01	9.651065063477e+01	8.126502848427e-08
204	2.040000000000e+02	9.675735517063e-01	-1.511808424129e-01	-2.023506237345e-01	1.431077423096e+02	3.882929533461e-08
205	2.050000000000e+02	9.376921938280e-01	1.102726545846e-01	-3.295046149674e-01	1.234260253906e+02	3.233238032863e-08
206	2.060000000000e+02	6.053723594192e-01	5.102444649472e-01	6.108804240128e-01	4.381986236572e+01	2.506433816052e-08
207	2.070000000000e+02	8.286377873864e-01	-4.835787384106e-01	2.819769867783e-01	1.233326187134e+02	2.628800288562e-08
208	2.080000000000e+02	9.729548720544e-01	-2.267944441344e-01	4.385313050871e-02	1.327920074463e+02	5.086383225716e-08
209	2.090000000000e+02	9.499199810932e-01	-2.865290688498e-01	1.247121574825e-01	1.138618621826e+02	8.584488853103e-08
210	2.100000000000e+02	9.863350395411e-01	-7.038504347214e-02	1.489601806821e-01	9.132218933105e+01	1.588671239006e-07
211	2.110000000000e+02	9.913692287491e-01	-7.265884586169e-02	1.091226118060e-01	1.014348144531e+02	2.317261902363e-07
212	2.120000000000e+02	9.980653980968e-01	-4.624598224624e-02	4.155442512986e-02	1.020537185669e+02	3.211159480543e-07
213	2.130000000000e+02	9.940364281953e-01	-9.281957854687e-02	5.723727158953e-02	1.049983978271e+02	4.109544988751e-07
214	2.140000000000e+02	9.974651160073e-01	-6.288301428179e-02	3.330268552755e-02	1.043117294312e+02	5.379583853937e-07
215	2.150000000000e+02	9.980056150634e-01	-5.476375882826e-02	3.139622622212e-02	1.013980255127e+02	6.661976499345e-07
216	2.160000000000e+02	9.974076852956e-01	-5.301629335386e-02	4.865369412761e-02	1.006496124268e+02	8.109733471429e-07
217	2.170000000000e+02	9.987411425911e-01	-3.891639381245e-02	3.164876598538e-02	1.022861862183e+02	1.442011125619e-06
218	2.180000000000e+02	9.989895554790e-01	-3.122090890149e-02	3.232836047846e-02	1.008061981201e+02	1.634116756577e-06
219	2.190000000000e+02	9.991754150916e-01	-3.426468934748e-02	2.178120613157e-02	1.021075439453e+02	1.831086819948e-06
220	2.200000000000e+02	9.985641468282e-01	-4.912453356574e-02	2.136410239471e-02	1.036356124878e+02	2.003550434893e-06
221	2.210000000000e+02	9.982948436499e-01	-5.255458612246e-02	2.540512978630e-02	1.031957015991e+02	2.208019168393e-06
222	2.220000000000e+02	9.985142870172e-01	-4.826372644561e-02	2.529488746989e-02	1.033886566162e+02	2.428973402857e-06
223	2.230000000000e+02	9.984388614476e-01	-5.087024910940e-02	2.306637610634e-02	1.037953796387e+02	2.629625669215e-06
224	2.240000000000e+02	9.985451508233e-01	-4.935496974173e-02	2.171793565574e-02	1.032978820801e+02	2.861609345928e-06
225	2.250000000000e+02	9.987978303396e-01	-4.501578239991e-02	1.940292358834e-02	1.032816467285e+02	3.103748440481e-06
226	2.260000000000e+02	9.986041857738e-01	-4.848106411460e-02	2.095868739409e-02	1.036645202637e+02	3.297826424387e-06
227	2.270000000000e+02	9.987045206035e-01	-4.647401384551e-02	2.072309251178e-02	1.033112487793e+02	3.533594963301e-06
228	2.280000000000e+02	9.987889164705e-01	-4.699533602088e-02	1.456498293778e-02	1.039764556885e+02	3.757197418963e-06
229	2.290000000000e+02	9.988677505586e-01	-4.383430545845e-02	1.848703759304e-02	1.036450576782e+02	3.984327122453e-06
230	2.300000000000e+02	9.990408157595e-01	-4.104026284147e-02	1.526909533807e-02	1.035628890991e+02	4.213643478579e-06
231	2.310000000000e+02	9.989366681299e-01	-4.362722330787e-02	1.490632255109e-02	1.040963058472e+02	4.417892796482e-06
232	2.320000000000e+02	9.989375821513e-01	-4.379167414529e-02	1.435256915396e-02	1.038092727661e+02	4.637846359401e-06
233	2.330000000000e+02	9.990791259571e-01	-4.018946488984e-02	1.502354780747e-02	1.034932250977e+02	4.830593297811e-06
234	2.340000000000e+02	9.990999106322e-01	-3.966982790231e-02	1.502242753372e-02	1.037646255493e+02	5.037145911047e-06
235	2.350000000000e+02	9.992006693282e-01	-3.801599800552e-02	1.236148492992e-02	1.037118072510e+02	5.228173449723e-06
236	2.360000000000e+02	9.991399394500e-01	-3.932439302038e-02	1.315193938268e-02	1.039603500366e+02	5.405313459050e-06
237	2.370000000000e+02	9.991280969158e-01	-3.935303332221e-02	1.394219214004e-02	1.036733779907e+02	5.577373940469e-06
238	2.380000000000e+02	9.992212791891e-01	-3.683492165539e-02	1.414297572659e-02	1.034108505249e+02	5.746807801188e-06
239	2.390000000000e+02	9.991800540230e-01	-3.858457099451e-02	1.226582748338e-02	1.036911163330e+02	5.879555374122e-06
240	2.400000000000e+02	9.992825127966e-01	-3.586444136902e-02	1.217380237365e-02	1.036611785889e+02	6.036400009179e-06
241	2.410000000000e+02	9.992883988310e-01	-3.566652986478e-02	1.227169951966e-02	1.038549270630e+02	6.135160674603e-06
242	2.420000000000e+02	9.992546559100e-01	-3.633935217717e-02	1.302244698349e-02	1.035822219849e+02	6.223578111531e-06
243	2.430000000000e+02	9.993044919232e-01	-3.491078298365e-02	1.310609223103e-02	1.036366882324e+02	6.316653070826e-06
244	2.440000000000e+02	9.993414660646e-01	-3.390494285661e-02	1.292629311595e-02	1.035875473022e+02	6.392968316504e-06
245	2.450000000000e+02	9.993340365815e-01	-3.452870808217e-02	1.180049354587e-02	1.036248703003e+02	6.454704362113e-06
246	2.460000000000e+02	9.994447760171e-01	-3.127210679632e-02	1.149760969447e-02	1.034639434814e+02	6.494616172859e-06
247	2.470000000000e+02	9.994271785848e-01	-3.182969125293e-02	1.149719360306e-02	1.037731323242e+02	6.533539817610e-06
248	2.480000000000e+02	9.994174961722e-01	-3.226647936815e-02	1.111497431749e-02	1.036745605469e+02	6.542310075019e-06
249	2.490000000000e+02	9.994658206186e-01	-3.023831669711e-02	1.239829094852e-02	1.035084304810e+02	6.554665105796e-06
250	2.500000000000e+02	9.994916194845e-01	-2.982480210352e-02	1.126870710555e-02	1.036456375122e+02	6.527843652293e-06
251	2.510000000000e+02	9.995036571287e-01	-2.903725221554e-02	1.221791185962e-02	1.033315658569e+02	6.503528766189e-06
252	2.520000000000e+02	9.995199039454e-01	-2.875629040028e-02	1.153418308193e-02	1.035462722778e+02	6.445709914260e-06
253	2.530000000000e+02	9.995230022848e-01	-2.783900604497e-02	1.337002789568e-02	1.033375320435e+02	6.371314157150e-06
254	2.540000000000e+02	9.994925233613e-01	-2.892006658709e-02	1.335385687763e-02	1.034819183350e+02	6.280413344939e-06
255	2.550000000000e+02	9.995101089725e-01	-2.840398787745e-02	1.314364997006e-02	1.034083938599e+02	6.188093266246e-06
256	2.560000000000e+02	9.995639687027e-01	-2.685839072718e-02	1.226781638217e-02	1.033886718750e+02	6.069185474189e-06
257	2.570000000000e+02	9.995058450922e-01	-2.811922740856e-02	1.404900980672e-02	1.034527740479e+02	5.918222086621e-06
258	2.580000000000e+02	9.995484335008e-01	-2.735044601472e-02	1.244516728916e-02	1.035480041504e+02	5.790431259811e-06
259	2.590000000000e+02	9.995251726491e-01	-2.706291711299e-02	1.473186200712e-02	1.037232131958e+02	5.631797193928e-06
260	2.600000000000e+02	9.995386884068e-01	-2.644550115472e-02	1.493471950598e-02	1.034574737549e+02	5.473109922605e-06
261	2.610000000000e+02	9.995692596883e-01	-2.527694716515e-02	1.491211012192e-02	1.037130813599e+02	5.305217655405e-06
262	2.620000000000e+02	9.995585041775e-01	-2.503010248325e-02	1.600908167370e-02	1.034759902954e+02	5.087405497761e-06
263	2.630000000000e+02	9.996109149838e-01	-2.201670942527e-02	1.712551171004e-02	1.034179382324e+02	4.912242275168e-06
264	2.640000000000e+02	9.996465317059e-01	-2.210047490519e-02	1.477770811940e-02	1.034669418335e+02	4.703975719167e-06
265	2.650000000000e+02	9.996503856158e-01	-2.150157724663e-02	1.538794054150e-02	1.037719268799e+02	4.497933332459e-06
266	2.660000000000e+02	9.996913675521e-01	-1.925583732117e-02	1.569657194947e-02	1.033619918823e+02	4.304739377403e-06
267	2.670000000000e+02	9.997067720156e-01	-1.900673162927e-02	1.500380414999e-02	1.037766494751e+02	4.082188752363e-06
268	2.680000000000e+02	9.996839162195e-01	-1.752664331550e-02	1.802455065026e-02	1.034262466431e+02	3.839672444883e-06
269	2.690000000000e+02	9.996290555986e-01	-1.913268748439e-02	1.938276225769e-02	1.035929260254e+02	3.621202495196e-06
270	2.700000000000e+02	9.997530620831e-01	-1.508783317812e-02	1.631478303497e-02	1.036923141479e+02	3.392698772586e-06
271	2.710000000000e+02	9.996607904944e-01	-1.845128924401e-02	1.838080176195e-02	1.039466171265e+02	3.147573579554e-06
272	2.720000000000e+02	9.996523420078e-01	-1.701125120625e-02	2.014478718699e-02	1.034635467529e+02	2.916322500823e-06
273	2.730000000000e+02	9.997238371159e-01	-1.728713105844e-02	1.591868719762e-02	1.040455551147e+02	2.694785507629e-06
274	2.740000000000e+02	9.996386923994e-01	-1.427703182647e-02	2.277391095450e-02	1.035821151733e+02	2.471547759342e-06
275	2.750000000000e+02	9.997312283484e-01	-7.949357684205e-03	2.177794245297e-02	1.028572311401e+02	2.254311539218e-06
276	2.760000000000e+02	9.996170705438e-01	-1.359831184994e-02	2.409975502362e-02	1.036071166992e+02	2.037168769675e-06
277	2.770000000000e+02	9.997322373602e-01	-1.047113563393e-02	2.063513754221e-02	1.036192626953e+02	1.828411086535e-06
278	2.780000000000e+02	9.992360420151e-01	3.062587647468e-02	2.427731509546e-02	1.009536285400e+02	1.678020680629e-06
279	2.790000000000e+02	9.994810652035e-01	2.298180075320e-02	2.257071407457e-02	1.023850784302e+02	1.470178631280e-06
280	2.800000000000e+02	9.993986957858e-01	2.518201461922e-02	2.383512117506e-02	1.011362075806e+02	1.278258082493e-06
281	2.810000000000e+02	9.989029761103e-01	2.399517556186e-02	4.021288186237e-02	1.017006607056e+02	1.092196725949e-06
282	2.820000000000e+02	9.987041861727e-01	2.929009607161e-02	4.161777016284e-02	1.003518524170e+02	9.297530141339e-07
283	2.830000000000e+02	9.977900348094e-01	5.292519203419e-02	4.017425149546e-02	9.950744628906e+01	7.844577112337e-07
284	2.840000000000e+02	9.973475658364e-01	6.174467667325e-02	3.854124832808e-02	1.007542495728e+02	6.421527132261e-07
285	2.850000000000e+02	9.961213610528e-01	5.308389690570e-02	7.017359862284e-02	9.849931335449e+01	4.977007961315e-07
286	2.860000000000e+02	9.991099168528e-01	2.463105263200e-02	3.424449288138e-02	1.034509353638e+02	3.765761960040e-07
287	2.870000000000e+02	9.943813253885e-01	4.034242342321e-02	9.786862924786e-02	1.027547760010e+02	2.780712975436e-07
288	2.880000000000e+02	9.949658663050e-01	7.583684896779e-02	6.551104659887e-02	1.080799560547e+02	1.937628297810e-07
289	2.890000000000e+02	9.826671531280e-01	1.715596156595e-01	7.023221794945e-02	1.005411758423e+02	1.347867879531e-07
290	2.900000000000e+02	9.986635590066e-01	-4.923515813950e-02	1.571607823832e-02	1.214341125488e+02	6.558841647575e-08
291	2.910000000000e+02	9.730060448896e-01	2.297430071228e-01	-2.184919418247e-02	8.498480987549e+01	3.732135667178e-08
292	2.920000000000e+02	5.778156836673e-01	-5.118920988779e-01	6.356850751862e-01	1.281957397461e+02	1.412700800785e-08
293	2.930000000000e+02	7.657556985643e-01	6.405659390179e-01	5.738891780055e-02	4.902393722534e+01	2.728370773752e-08
294	2.940000000000e+02	8.177222697074e-01	-4.120614995891e-01	4.019149290347e-01	5.362253189087e+01	3.124432268464e-08
295	2.950000000000e+02	9.376624858293e-01	-2.996896436206e-01	-1.759976709364e-01	1.316092834473e+02	6.113993578083e-08
296	2.960000000000e+02	9.933323419147e-01	-1.150323500521e-01	7.643098043621e-03	1.001913986206e+02	1.212784468407e-07
297	2.970000000000e+02	9.923690322751e-01	-7.491695824787e-02	-9.793443290462e-02	1.003010711670e+02	1.888201239808e-07
298	2.980000000000e+02	9.963008627509e-01	-6.819829987636e-02	-5.228367599637e-02	9.531663513184e+01	2.782912531529e-07
299	2.990000000000e+02	9.951398419239e-01	-9.428588027641e-02	-2.840541842897e-02	9.831388092041e+01	3.662948699912e-07
300	3.000000000000e+02	9.985084414002e-01	-4.921510290868e-02	-2.363823382173e-02	9.889249420166e+01	4.939714131069e-07
301	3.010000000000e+02	9.973927925193e-01	-6.827471620413e-02	-2.337050615344e-02	1.019716262817e+02	6.187099188537e-07
302	3.020000000000e+02	9.979338961813e-01	-4.933072253619e-02	-4.116331700000e-02	1.023992767334e+02	7.678052043048e-07
303	3.030000000000e+02	9.983066528777e-01	-4.890787248795e-02	-3.149359980733e-02	9.997926330566e+01	9.341794111606e-07
304	3.040000000000e+02	9.985415569622e-01	-4.222779795209e-02	-3.363884807135e-02	1.020076141357e+02	1.111692427003e-06
305	3.050000000000e+02	9.992283823634e-01	-3.285695083600e-02	-2.151884432502e-02	1.008010253906e+02	1.608685579413e-06
306	3.060000000000e+02	9.988644527236e-01	-3.672411244736e-02	-3.035036490989e-02	1.014317398071e+02	1.817436782403e-06
307	3.070000000000e+02	9.975069986398e-01	-6.456067984135e-02	-2.849045951006e-02	1.043926162720e+02	1.987878249565e-06
308	3.080000000000e+02	9.979126078704e-01	-5.904859743332e-02	-2.614747013410e-02	1.034571228027e+02	2.214865162387e-06
309	3.090000000000e+02	9.979677120848e-01	-5.992460101365e-02	-2.166766783824e-02	1.034300460815e+02	2.450758984196e-06
310	3.100000000000e+02	9.984344793295e-01	-5.138519430658e-02	-2.209416873595e-02	1.031349716187e+02	2.707403382374e-06
311	3.110000000000e+02	9.982516796223e-01	-5.476652014816e-02	-2.223088846860e-02	1.039651947021e+02	2.930954678959e-06
312	3.120000000000e+02	9.985211145983e-01	-5.126613073017e-02	-1.809330100789e-02	1.034741516113e+02	3.182271484548e-06
313	3.130000000000e+02	9.983297325903e-01	-5.331915694974e-02	-2.224438194820e-02	1.038018112183e+02	3.400029072509e-06
314	3.140000000000e+02	9.984672287433e-01	-5.193360022941e-02	-1.913359069466e-02	1.035787353516e+02	3.655906084532e-06
315	3.150000000000e+02	9.984160213508e-01	-5.312133242819e-02	-1.853570476318e-02	1.039655151367e+02	3.888076662406e-06
316	3.160000000000e+02	9.985970438535e-01	-5.030078616190e-02	-1.654614512748e-02	1.034394073486e+02	4.143017122260e-06
317	3.170000000000e+02	9.985294086995e-01	-5.064680117089e-02	-1.933704976039e-02	1.038607635498e+02	4.375492153486e-06
318	3.180000000000e+02	9.986938974525e-01	-4.746038673992e-02	-1.892117548109e-02	1.035126495361e+02	4.619635092240e-06
319	3.190000000000e+02	9.987661708440e-01	-4.656505726582e-02	-1.725779300707e-02	1.037640304565e+02	4.851945504925e-06
320	3.200000000000e+02	9.987148385788e-01	-4.820289351299e-02	-1.565733883787e-02	1.037165069580e+02	5.075799435872e-06
321	3.210000000000e+02	9.988605551480e-01	-4.527144198202e-02	-1.510257958855e-02	1.033211746216e+02	5.292139121593e-06
322	3.220000000000e+02	9.988576032736e-01	-4.491467141829e-02	-1.631443146128e-02	1.035471649170e+02	5.491992851603e-06
323	3.230000000000e+02	9.989747523584e-01	-4.242399524992e-02	-1.580027776803e-02	1.034871978760e+02	5.696513653675e-06
324	3.240000000000e+02	9.989280727130e-01	-4.349560782276e-02	-1.583785484574e-02	1.038383102417e+02	5.888525720366e-06
325	3.250000000000e+02	9.989677665929e-01	-4.259978700018e-02	-1.576893959569e-02	1.037662887573e+02	6.080895673222e-06
326	3.260000000000e+02	9.989102823995e-01	-4.362034464613e-02	-1.659859179443e-02	1.038554611206e+02	6.241181836231e-06
327	3.270000000000e+02	9.990930668248e-01	-4.029715287898e-02	-1.375439175506e-02	1.036342926025e+02	6.415219104383e-06
328	3.280000000000e+02	9.990338903988e-01	-4.080461258774e-02	-1.631776413014e-02	1.036366271973e+02	6.572449819942e-06
329	3.290000000000e+02	9.990333838785e-01	-4.109208905225e-02	-1.561211432029e-02	1.038120727539e+02	6.695419870084e-06
330	3.300000000000e+02	9.990882539566e-01	-3.928609597973e-02	-1.671117795609e-02	1.037801284790e+02	6.796386969654e-06
331	3.310000000000e+02	9.990679223169e-01	-3.975921794248e-02	-1.680747411342e-02	1.037309722900e+02	6.896426839376e-06
332	3.320000000000e+02	9.992129982679e-01	-3.723670613338e-02	-1.366791164818e-02	1.032299194336e+02	7.004065537330e-06
333	3.330000000000e+02	9.991400322388e-01	-3.847650317484e-02	-1.545168862180e-02	1.035344390869e+02	7.048342013150e-06
334	3.340000000000e+02	9.992141543520e-01	-3.611364773186e-02	-1.633640689333e-02	1.035292968750e+02	7.093159183569e-06
335	3.350000000000e+02	9.991422389479e-01	-3.792730062223e-02	-1.662246124330e-02	1.036300125122e+02	7.082220236043e-06
336	3.360000000000e+02	9.991803684472e-01	-3.754907179410e-02	-1.512145882843e-02	1.036969146729e+02	7.130186531867e-06
337	3.370000000000e+02	9.992786540788e-01	-3.466252014802e-02	-1.551390342564e-02	1.036965408325e+02	7.126401669666e-06
338	3.380000000000e+02	9.992497147267e-01	-3.480534902577e-02	-1.698809282656e-02	1.037030868530e+02	7.080935574777e-06
339	3.390000000000e+02	9.992839290930e-01	-3.461022592388e-02	-1.528925498647e-02	1.036066513062e+02	7.046756763884e-06
340	3.400000000000e+02	9.992772683360e-01	-3.465865443986e-02	-1.561149125815e-02	1.034541931152e+02	7.013042704784e-06
341	3.410000000000e+02	9.993238950025e-01	-3.292341725477e-02	-1.636464094847e-02	1.035224227905e+02	6.928363745828e-06
342	3.420000000000e+02	9.992850529306e-01	-3.360786055012e-02	-1.731746802450e-02	1.037591323853e+02	6.828768164269e-06
343	3.430000000000e+02	9.993127850629e-01	-3.260285078590e-02	-1.763552466988e-02	1.034427261353e+02	6.725739240210e-06
344	3.440000000000e+02	9.993369212669e-01	-3.184064922873e-02	-1.766043174947e-02	1.036384048462e+02	6.619293344556e-06
345	3.450000000000e+02	9.993383877945e-01	-3.206202810689e-02	-1.717012038039e-02	1.034940948486e+02	6.473541816376e-06
346	3.460000000000e+02	9.993204527899e-01	-3.194816472607e-02	-1.838334589920e-02	1.035952072144e+02	6.301080702542e-06
347	3.470000000000e+02	9.993503048600e-01	-3.062772608031e-02	-1.899764647141e-02	1.035597686768e+02	6.154073616926e-06
348	3.480000000000e+02	9.993865398418e-01	-2.925038679255e-02	-1.926029219794e-02	1.036415710449e+02	5.980272817396e-06
349	3.490000000000e+02	9.994393600404e-01	-2.719973500726e-02	-1.952280762307e-02	1.032997817993e+02	5.788332146039e-06
350	3.500000000000e+02	9.994690846885e-01	-2.623751392172e-02	-1.931687384257e-02	1.034707183838e+02	5.591573426500e-06
351	3.510000000000e+02	9.994352375280e-01	-2.777169800515e-02	-1.891926999758e-02	1.035245437622e+02	5.373407930165e-06
352	3.520000000000e+02	9.994376842820e-01	-2.651233866968e-02	-2.052830083911e-02	1.036858825684e+02	5.169597443455e-06
353	3.530000000000e+02	9.993679210039e-01	-2.864604101098e-02	-2.105143231808e-02	1.037110671997e+02	4.922487278236e-06
354	3.540000000000e+02	9.993739616375e-01	-2.609946845556e-02	-2.388519514967e-02	1.036164398193e+02	4.701542820840e-06
355	3.550000000000e+02	9.993108940644e-01	-2.822760075860e-02	-2.410268780986e-02	1.037018814087e+02	4.457315753825e-06
356	3.560000000000e+02	9.993879929195e-01	-2.539527191491e-02	-2.405659520222e-02	1.037648391724e+02	4.197883754387e-06
357	3.570000000000e+02	9.993368037788e-01	-2.785456377333e-02	-2.345369672565e-02	1.037782363892e+02	3.951904091082e-06
358	3.580000000000e+02	9.994366944575e-01	-2.398953493680e-02	-2.346904312727e-02	1.032719955444e+02	3.711443241627e-06
359	3.590000000000e+02	9.995460213108e-01	-1.981971958856e-02	-2.269206903502e-02	1.031974639893e+02	3.437460463829e-06
360	3.600000000000e+02	9.994066195071e-01	-1.919016611144e-02	-2.860325872995e-02	1.035543594360e+02	3.196189709342e-06
